STATISTIKKAAR	BOSTEDSFYLKE	ALDERSGRUPPE	YRKE_2	ANTALL
2020	03	ald15_24	00	85
2020	03	ald15_24	01	25
2020	03	ald15_24	02	35
2020	03	ald15_24	03	756
2020	03	ald15_24	11	99
2020	03	ald15_24	12	63
2020	03	ald15_24	13	35
2020	03	ald15_24	14	162
2020	03	ald15_24	21	233
2020	03	ald15_24	22	993
2020	03	ald15_24	23	1706
2020	03	ald15_24	24	824
2020	03	ald15_24	25	540
2020	03	ald15_24	26	523
2020	03	ald15_24	31	215
2020	03	ald15_24	32	348
2020	03	ald15_24	33	1530
2020	03	ald15_24	34	1241
2020	03	ald15_24	35	496
2020	03	ald15_24	41	1408
2020	03	ald15_24	42	927
2020	03	ald15_24	43	1224
2020	03	ald15_24	44	88
2020	03	ald15_24	51	2509
2020	03	ald15_24	52	9447
2020	03	ald15_24	53	6586
2020	03	ald15_24	54	501
2020	03	ald15_24	61	53
2020	03	ald15_24	62	7
2020	03	ald15_24	71	726
2020	03	ald15_24	72	323
2020	03	ald15_24	73	36
2020	03	ald15_24	74	888
2020	03	ald15_24	75	85
2020	03	ald15_24	81	234
2020	03	ald15_24	82	11
2020	03	ald15_24	83	357
2020	03	ald15_24	91	549
2020	03	ald15_24	92	54
2020	03	ald15_24	93	425
2020	03	ald15_24	94	514
2020	03	ald15_24	96	334
2020	03	ald25_54	00	992
2020	03	ald25_54	01	939
2020	03	ald25_54	02	83
2020	03	ald25_54	03	118
2020	03	ald25_54	11	4895
2020	03	ald25_54	12	8829
2020	03	ald25_54	13	7280
2020	03	ald25_54	14	4062
2020	03	ald25_54	21	13658
2020	03	ald25_54	22	16039
2020	03	ald25_54	23	18753
2020	03	ald25_54	24	32076
2020	03	ald25_54	25	13919
2020	03	ald25_54	26	13832
2020	03	ald25_54	31	8007
2020	03	ald25_54	32	3405
2020	03	ald25_54	33	23044
2020	03	ald25_54	34	4154
2020	03	ald25_54	35	5018
2020	03	ald25_54	41	6470
2020	03	ald25_54	42	3229
2020	03	ald25_54	43	7303
2020	03	ald25_54	44	426
2020	03	ald25_54	51	8675
2020	03	ald25_54	52	11504
2020	03	ald25_54	53	16299
2020	03	ald25_54	54	1929
2020	03	ald25_54	61	215
2020	03	ald25_54	62	19
2020	03	ald25_54	71	6054
2020	03	ald25_54	72	1292
2020	03	ald25_54	73	314
2020	03	ald25_54	74	2010
2020	03	ald25_54	75	608
2020	03	ald25_54	81	1451
2020	03	ald25_54	82	80
2020	03	ald25_54	83	4238
2020	03	ald25_54	91	5287
2020	03	ald25_54	92	51
2020	03	ald25_54	93	1444
2020	03	ald25_54	94	1830
2020	03	ald25_54	95	22
2020	03	ald25_54	96	798
2020	03	ald55_66	00	99
2020	03	ald55_66	01	60
2020	03	ald55_66	03	6
2020	03	ald55_66	11	1975
2020	03	ald55_66	12	2641
2020	03	ald55_66	13	2544
2020	03	ald55_66	14	657
2020	03	ald55_66	21	2055
2020	03	ald55_66	22	2748
2020	03	ald55_66	23	3177
2020	03	ald55_66	24	6160
2020	03	ald55_66	25	1498
2020	03	ald55_66	26	1963
2020	03	ald55_66	31	1547
2020	03	ald55_66	32	681
2020	03	ald55_66	33	4277
2020	03	ald55_66	34	624
2020	03	ald55_66	35	556
2020	03	ald55_66	41	1383
2020	03	ald55_66	42	531
2020	03	ald55_66	43	1480
2020	03	ald55_66	44	164
2020	03	ald55_66	51	1345
2020	03	ald55_66	52	940
2020	03	ald55_66	53	3027
2020	03	ald55_66	54	174
2020	03	ald55_66	61	47
2020	03	ald55_66	62	5
2020	03	ald55_66	71	925
2020	03	ald55_66	72	247
2020	03	ald55_66	73	102
2020	03	ald55_66	74	320
2020	03	ald55_66	75	110
2020	03	ald55_66	81	349
2020	03	ald55_66	82	22
2020	03	ald55_66	83	1012
2020	03	ald55_66	91	1097
2020	03	ald55_66	92	11
2020	03	ald55_66	93	180
2020	03	ald55_66	94	285
2020	03	ald55_66	96	152
2020	03	ald67_74	00	29
2020	03	ald67_74	11	271
2020	03	ald67_74	12	224
2020	03	ald67_74	13	183
2020	03	ald67_74	14	80
2020	03	ald67_74	21	283
2020	03	ald67_74	22	318
2020	03	ald67_74	23	379
2020	03	ald67_74	24	485
2020	03	ald67_74	25	57
2020	03	ald67_74	26	291
2020	03	ald67_74	31	145
2020	03	ald67_74	32	47
2020	03	ald67_74	33	317
2020	03	ald67_74	34	55
2020	03	ald67_74	35	41
2020	03	ald67_74	41	184
2020	03	ald67_74	42	56
2020	03	ald67_74	43	114
2020	03	ald67_74	44	9
2020	03	ald67_74	51	144
2020	03	ald67_74	52	109
2020	03	ald67_74	53	253
2020	03	ald67_74	54	13
2020	03	ald67_74	61	7
2020	03	ald67_74	71	59
2020	03	ald67_74	72	23
2020	03	ald67_74	73	12
2020	03	ald67_74	74	28
2020	03	ald67_74	75	7
2020	03	ald67_74	81	27
2020	03	ald67_74	83	129
2020	03	ald67_74	91	78
2020	03	ald67_74	93	20
2020	03	ald67_74	94	13
2020	03	ald67_74	96	28
2020	11	ald15_24	00	127
2020	11	ald15_24	01	11
2020	11	ald15_24	02	21
2020	11	ald15_24	03	903
2020	11	ald15_24	11	18
2020	11	ald15_24	12	20
2020	11	ald15_24	13	13
2020	11	ald15_24	14	86
2020	11	ald15_24	21	77
2020	11	ald15_24	22	557
2020	11	ald15_24	23	961
2020	11	ald15_24	24	160
2020	11	ald15_24	25	125
2020	11	ald15_24	26	178
2020	11	ald15_24	31	428
2020	11	ald15_24	32	176
2020	11	ald15_24	33	480
2020	11	ald15_24	34	688
2020	11	ald15_24	35	161
2020	11	ald15_24	41	503
2020	11	ald15_24	42	436
2020	11	ald15_24	43	762
2020	11	ald15_24	44	56
2020	11	ald15_24	51	1719
2020	11	ald15_24	52	6784
2020	11	ald15_24	53	4805
2020	11	ald15_24	54	414
2020	11	ald15_24	61	1074
2020	11	ald15_24	62	133
2020	11	ald15_24	71	1311
2020	11	ald15_24	72	1619
2020	11	ald15_24	73	48
2020	11	ald15_24	74	1277
2020	11	ald15_24	75	129
2020	11	ald15_24	81	1234
2020	11	ald15_24	82	45
2020	11	ald15_24	83	616
2020	11	ald15_24	91	628
2020	11	ald15_24	92	64
2020	11	ald15_24	93	867
2020	11	ald15_24	94	399
2020	11	ald15_24	96	155
2020	11	ald25_54	00	343
2020	11	ald25_54	01	226
2020	11	ald25_54	02	17
2020	11	ald25_54	03	60
2020	11	ald25_54	11	2073
2020	11	ald25_54	12	2833
2020	11	ald25_54	13	5898
2020	11	ald25_54	14	2375
2020	11	ald25_54	21	7229
2020	11	ald25_54	22	9054
2020	11	ald25_54	23	12539
2020	11	ald25_54	24	7402
2020	11	ald25_54	25	3838
2020	11	ald25_54	26	3024
2020	11	ald25_54	31	12591
2020	11	ald25_54	32	2197
2020	11	ald25_54	33	8919
2020	11	ald25_54	34	2128
2020	11	ald25_54	35	1331
2020	11	ald25_54	41	3110
2020	11	ald25_54	42	1212
2020	11	ald25_54	43	4130
2020	11	ald25_54	44	201
2020	11	ald25_54	51	4319
2020	11	ald25_54	52	7477
2020	11	ald25_54	53	14343
2020	11	ald25_54	54	1115
2020	11	ald25_54	61	991
2020	11	ald25_54	62	299
2020	11	ald25_54	71	6674
2020	11	ald25_54	72	5540
2020	11	ald25_54	73	268
2020	11	ald25_54	74	2686
2020	11	ald25_54	75	727
2020	11	ald25_54	81	6000
2020	11	ald25_54	82	366
2020	11	ald25_54	83	4309
2020	11	ald25_54	91	3906
2020	11	ald25_54	92	108
2020	11	ald25_54	93	1979
2020	11	ald25_54	94	713
2020	11	ald25_54	95	16
2020	11	ald25_54	96	590
2020	11	ald55_66	00	121
2020	11	ald55_66	01	36
2020	11	ald55_66	03	5
2020	11	ald55_66	11	1115
2020	11	ald55_66	12	1227
2020	11	ald55_66	13	2565
2020	11	ald55_66	14	527
2020	11	ald55_66	21	2236
2020	11	ald55_66	22	1824
2020	11	ald55_66	23	2679
2020	11	ald55_66	24	2275
2020	11	ald55_66	25	581
2020	11	ald55_66	26	639
2020	11	ald55_66	31	3153
2020	11	ald55_66	32	541
2020	11	ald55_66	33	2680
2020	11	ald55_66	34	364
2020	11	ald55_66	35	202
2020	11	ald55_66	41	1197
2020	11	ald55_66	42	294
2020	11	ald55_66	43	1209
2020	11	ald55_66	44	125
2020	11	ald55_66	51	896
2020	11	ald55_66	52	1695
2020	11	ald55_66	53	4352
2020	11	ald55_66	54	177
2020	11	ald55_66	61	269
2020	11	ald55_66	62	44
2020	11	ald55_66	71	1174
2020	11	ald55_66	72	1051
2020	11	ald55_66	73	85
2020	11	ald55_66	74	477
2020	11	ald55_66	75	123
2020	11	ald55_66	81	1474
2020	11	ald55_66	82	85
2020	11	ald55_66	83	1398
2020	11	ald55_66	91	969
2020	11	ald55_66	92	26
2020	11	ald55_66	93	394
2020	11	ald55_66	94	203
2020	11	ald55_66	96	150
2020	11	ald67_74	00	30
2020	11	ald67_74	03	5
2020	11	ald67_74	11	166
2020	11	ald67_74	12	86
2020	11	ald67_74	13	145
2020	11	ald67_74	14	67
2020	11	ald67_74	21	129
2020	11	ald67_74	22	199
2020	11	ald67_74	23	149
2020	11	ald67_74	24	156
2020	11	ald67_74	25	27
2020	11	ald67_74	26	86
2020	11	ald67_74	31	186
2020	11	ald67_74	32	32
2020	11	ald67_74	33	179
2020	11	ald67_74	34	40
2020	11	ald67_74	35	13
2020	11	ald67_74	41	131
2020	11	ald67_74	42	20
2020	11	ald67_74	43	91
2020	11	ald67_74	44	8
2020	11	ald67_74	51	126
2020	11	ald67_74	52	145
2020	11	ald67_74	53	516
2020	11	ald67_74	54	11
2020	11	ald67_74	61	134
2020	11	ald67_74	71	85
2020	11	ald67_74	72	67
2020	11	ald67_74	73	22
2020	11	ald67_74	74	27
2020	11	ald67_74	75	12
2020	11	ald67_74	81	61
2020	11	ald67_74	83	272
2020	11	ald67_74	91	67
2020	11	ald67_74	92	5
2020	11	ald67_74	93	41
2020	11	ald67_74	94	14
2020	11	ald67_74	96	41
2020	15	ald15_24	00	209
2020	15	ald15_24	02	5
2020	15	ald15_24	03	567
2020	15	ald15_24	11	13
2020	15	ald15_24	13	15
2020	15	ald15_24	14	37
2020	15	ald15_24	21	19
2020	15	ald15_24	22	276
2020	15	ald15_24	23	424
2020	15	ald15_24	24	51
2020	15	ald15_24	25	47
2020	15	ald15_24	26	74
2020	15	ald15_24	31	223
2020	15	ald15_24	32	122
2020	15	ald15_24	33	187
2020	15	ald15_24	34	284
2020	15	ald15_24	35	63
2020	15	ald15_24	41	198
2020	15	ald15_24	42	231
2020	15	ald15_24	43	331
2020	15	ald15_24	44	23
2020	15	ald15_24	51	763
2020	15	ald15_24	52	3536
2020	15	ald15_24	53	2948
2020	15	ald15_24	54	125
2020	15	ald15_24	61	250
2020	15	ald15_24	62	206
2020	15	ald15_24	71	610
2020	15	ald15_24	72	951
2020	15	ald15_24	73	15
2020	15	ald15_24	74	737
2020	15	ald15_24	75	67
2020	15	ald15_24	81	724
2020	15	ald15_24	82	15
2020	15	ald15_24	83	493
2020	15	ald15_24	91	441
2020	15	ald15_24	92	19
2020	15	ald15_24	93	519
2020	15	ald15_24	94	277
2020	15	ald15_24	96	131
2020	15	ald25_54	00	373
2020	15	ald25_54	01	64
2020	15	ald25_54	02	11
2020	15	ald25_54	03	27
2020	15	ald25_54	11	1043
2020	15	ald25_54	12	1571
2020	15	ald25_54	13	2818
2020	15	ald25_54	14	1420
2020	15	ald25_54	21	1671
2020	15	ald25_54	22	5578
2020	15	ald25_54	23	6740
2020	15	ald25_54	24	2799
2020	15	ald25_54	25	967
2020	15	ald25_54	26	1291
2020	15	ald25_54	31	5958
2020	15	ald25_54	32	1234
2020	15	ald25_54	33	4243
2020	15	ald25_54	34	904
2020	15	ald25_54	35	509
2020	15	ald25_54	41	1593
2020	15	ald25_54	42	687
2020	15	ald25_54	43	1949
2020	15	ald25_54	44	126
2020	15	ald25_54	51	2042
2020	15	ald25_54	52	4070
2020	15	ald25_54	53	8213
2020	15	ald25_54	54	491
2020	15	ald25_54	61	239
2020	15	ald25_54	62	511
2020	15	ald25_54	71	3367
2020	15	ald25_54	72	2943
2020	15	ald25_54	73	82
2020	15	ald25_54	74	1674
2020	15	ald25_54	75	482
2020	15	ald25_54	81	4430
2020	15	ald25_54	82	118
2020	15	ald25_54	83	3047
2020	15	ald25_54	91	1949
2020	15	ald25_54	92	30
2020	15	ald25_54	93	1061
2020	15	ald25_54	94	369
2020	15	ald25_54	95	20
2020	15	ald25_54	96	379
2020	15	ald55_66	00	158
2020	15	ald55_66	03	10
2020	15	ald55_66	11	638
2020	15	ald55_66	12	761
2020	15	ald55_66	13	1402
2020	15	ald55_66	14	470
2020	15	ald55_66	21	474
2020	15	ald55_66	22	1373
2020	15	ald55_66	23	1521
2020	15	ald55_66	24	1035
2020	15	ald55_66	25	176
2020	15	ald55_66	26	302
2020	15	ald55_66	31	1814
2020	15	ald55_66	32	347
2020	15	ald55_66	33	1565
2020	15	ald55_66	34	201
2020	15	ald55_66	35	69
2020	15	ald55_66	41	742
2020	15	ald55_66	42	157
2020	15	ald55_66	43	753
2020	15	ald55_66	44	108
2020	15	ald55_66	51	672
2020	15	ald55_66	52	1050
2020	15	ald55_66	53	3343
2020	15	ald55_66	54	106
2020	15	ald55_66	61	72
2020	15	ald55_66	62	85
2020	15	ald55_66	71	815
2020	15	ald55_66	72	736
2020	15	ald55_66	73	33
2020	15	ald55_66	74	478
2020	15	ald55_66	75	124
2020	15	ald55_66	81	1262
2020	15	ald55_66	82	25
2020	15	ald55_66	83	1334
2020	15	ald55_66	91	641
2020	15	ald55_66	92	18
2020	15	ald55_66	93	273
2020	15	ald55_66	94	135
2020	15	ald55_66	96	87
2020	15	ald67_74	00	55
2020	15	ald67_74	11	140
2020	15	ald67_74	12	67
2020	15	ald67_74	13	134
2020	15	ald67_74	14	57
2020	15	ald67_74	21	56
2020	15	ald67_74	22	125
2020	15	ald67_74	23	120
2020	15	ald67_74	24	107
2020	15	ald67_74	25	5
2020	15	ald67_74	26	49
2020	15	ald67_74	31	148
2020	15	ald67_74	32	25
2020	15	ald67_74	33	131
2020	15	ald67_74	34	26
2020	15	ald67_74	35	5
2020	15	ald67_74	41	87
2020	15	ald67_74	42	20
2020	15	ald67_74	43	84
2020	15	ald67_74	44	6
2020	15	ald67_74	51	137
2020	15	ald67_74	52	127
2020	15	ald67_74	53	612
2020	15	ald67_74	54	17
2020	15	ald67_74	61	39
2020	15	ald67_74	62	11
2020	15	ald67_74	71	65
2020	15	ald67_74	72	56
2020	15	ald67_74	73	7
2020	15	ald67_74	74	29
2020	15	ald67_74	75	16
2020	15	ald67_74	81	87
2020	15	ald67_74	82	4
2020	15	ald67_74	83	297
2020	15	ald67_74	91	95
2020	15	ald67_74	92	4
2020	15	ald67_74	93	46
2020	15	ald67_74	94	17
2020	15	ald67_74	96	26
2020	18	ald15_24	00	72
2020	18	ald15_24	01	12
2020	18	ald15_24	02	23
2020	18	ald15_24	03	570
2020	18	ald15_24	11	18
2020	18	ald15_24	12	11
2020	18	ald15_24	13	8
2020	18	ald15_24	14	48
2020	18	ald15_24	21	21
2020	18	ald15_24	22	258
2020	18	ald15_24	23	370
2020	18	ald15_24	24	69
2020	18	ald15_24	25	28
2020	18	ald15_24	26	65
2020	18	ald15_24	31	138
2020	18	ald15_24	32	126
2020	18	ald15_24	33	168
2020	18	ald15_24	34	125
2020	18	ald15_24	35	83
2020	18	ald15_24	41	153
2020	18	ald15_24	42	184
2020	18	ald15_24	43	282
2020	18	ald15_24	44	31
2020	18	ald15_24	51	755
2020	18	ald15_24	52	3489
2020	18	ald15_24	53	2668
2020	18	ald15_24	54	99
2020	18	ald15_24	61	209
2020	18	ald15_24	62	345
2020	18	ald15_24	71	671
2020	18	ald15_24	72	688
2020	18	ald15_24	73	12
2020	18	ald15_24	74	738
2020	18	ald15_24	75	75
2020	18	ald15_24	81	655
2020	18	ald15_24	82	9
2020	18	ald15_24	83	489
2020	18	ald15_24	91	377
2020	18	ald15_24	92	28
2020	18	ald15_24	93	545
2020	18	ald15_24	94	312
2020	18	ald15_24	96	139
2020	18	ald25_54	00	302
2020	18	ald25_54	01	575
2020	18	ald25_54	02	42
2020	18	ald25_54	03	60
2020	18	ald25_54	11	993
2020	18	ald25_54	12	1108
2020	18	ald25_54	13	2510
2020	18	ald25_54	14	1342
2020	18	ald25_54	21	1160
2020	18	ald25_54	22	5365
2020	18	ald25_54	23	6015
2020	18	ald25_54	24	3357
2020	18	ald25_54	25	644
2020	18	ald25_54	26	1565
2020	18	ald25_54	31	3355
2020	18	ald25_54	32	1402
2020	18	ald25_54	33	3232
2020	18	ald25_54	34	704
2020	18	ald25_54	35	353
2020	18	ald25_54	41	1495
2020	18	ald25_54	42	667
2020	18	ald25_54	43	1578
2020	18	ald25_54	44	154
2020	18	ald25_54	51	2009
2020	18	ald25_54	52	3970
2020	18	ald25_54	53	8107
2020	18	ald25_54	54	549
2020	18	ald25_54	61	293
2020	18	ald25_54	62	771
2020	18	ald25_54	71	2638
2020	18	ald25_54	72	2131
2020	18	ald25_54	73	102
2020	18	ald25_54	74	1350
2020	18	ald25_54	75	375
2020	18	ald25_54	81	3277
2020	18	ald25_54	82	89
2020	18	ald25_54	83	2741
2020	18	ald25_54	91	1905
2020	18	ald25_54	92	37
2020	18	ald25_54	93	1190
2020	18	ald25_54	94	363
2020	18	ald25_54	95	5
2020	18	ald25_54	96	508
2020	18	ald55_66	00	116
2020	18	ald55_66	01	92
2020	18	ald55_66	03	5
2020	18	ald55_66	11	595
2020	18	ald55_66	12	576
2020	18	ald55_66	13	1240
2020	18	ald55_66	14	403
2020	18	ald55_66	21	401
2020	18	ald55_66	22	1345
2020	18	ald55_66	23	1725
2020	18	ald55_66	24	1415
2020	18	ald55_66	25	124
2020	18	ald55_66	26	431
2020	18	ald55_66	31	1243
2020	18	ald55_66	32	319
2020	18	ald55_66	33	1267
2020	18	ald55_66	34	197
2020	18	ald55_66	35	83
2020	18	ald55_66	41	735
2020	18	ald55_66	42	187
2020	18	ald55_66	43	548
2020	18	ald55_66	44	155
2020	18	ald55_66	51	688
2020	18	ald55_66	52	857
2020	18	ald55_66	53	3015
2020	18	ald55_66	54	171
2020	18	ald55_66	61	65
2020	18	ald55_66	62	127
2020	18	ald55_66	71	555
2020	18	ald55_66	72	561
2020	18	ald55_66	73	27
2020	18	ald55_66	74	284
2020	18	ald55_66	75	83
2020	18	ald55_66	81	788
2020	18	ald55_66	82	14
2020	18	ald55_66	83	1152
2020	18	ald55_66	91	656
2020	18	ald55_66	92	23
2020	18	ald55_66	93	274
2020	18	ald55_66	94	109
2020	18	ald55_66	96	164
2020	18	ald67_74	00	35
2020	18	ald67_74	11	74
2020	18	ald67_74	12	38
2020	18	ald67_74	13	82
2020	18	ald67_74	14	51
2020	18	ald67_74	21	41
2020	18	ald67_74	22	141
2020	18	ald67_74	23	121
2020	18	ald67_74	24	90
2020	18	ald67_74	26	52
2020	18	ald67_74	31	100
2020	18	ald67_74	32	29
2020	18	ald67_74	33	89
2020	18	ald67_74	34	24
2020	18	ald67_74	41	74
2020	18	ald67_74	42	17
2020	18	ald67_74	43	51
2020	18	ald67_74	44	16
2020	18	ald67_74	51	129
2020	18	ald67_74	52	104
2020	18	ald67_74	53	535
2020	18	ald67_74	54	9
2020	18	ald67_74	61	34
2020	18	ald67_74	62	10
2020	18	ald67_74	71	62
2020	18	ald67_74	72	62
2020	18	ald67_74	73	6
2020	18	ald67_74	74	15
2020	18	ald67_74	75	8
2020	18	ald67_74	81	48
2020	18	ald67_74	83	290
2020	18	ald67_74	91	85
2020	18	ald67_74	93	53
2020	18	ald67_74	94	25
2020	18	ald67_74	96	54
2020	30	ald15_24	00	340
2020	30	ald15_24	01	27
2020	30	ald15_24	02	60
2020	30	ald15_24	03	2494
2020	30	ald15_24	11	106
2020	30	ald15_24	12	47
2020	30	ald15_24	13	49
2020	30	ald15_24	14	196
2020	30	ald15_24	21	176
2020	30	ald15_24	22	995
2020	30	ald15_24	23	2023
2020	30	ald15_24	24	504
2020	30	ald15_24	25	369
2020	30	ald15_24	26	313
2020	30	ald15_24	31	450
2020	30	ald15_24	32	464
2020	30	ald15_24	33	1359
2020	30	ald15_24	34	1879
2020	30	ald15_24	35	524
2020	30	ald15_24	41	1540
2020	30	ald15_24	42	1139
2020	30	ald15_24	43	2275
2020	30	ald15_24	44	120
2020	30	ald15_24	51	3503
2020	30	ald15_24	52	17805
2020	30	ald15_24	53	10490
2020	30	ald15_24	54	753
2020	30	ald15_24	61	586
2020	30	ald15_24	62	36
2020	30	ald15_24	71	2869
2020	30	ald15_24	72	2165
2020	30	ald15_24	73	97
2020	30	ald15_24	74	3028
2020	30	ald15_24	75	230
2020	30	ald15_24	81	1124
2020	30	ald15_24	82	81
2020	30	ald15_24	83	1080
2020	30	ald15_24	91	1378
2020	30	ald15_24	92	268
2020	30	ald15_24	93	1832
2020	30	ald15_24	94	1205
2020	30	ald15_24	95	4
2020	30	ald15_24	96	448
2020	30	ald25_54	00	1483
2020	30	ald25_54	01	1536
2020	30	ald25_54	02	107
2020	30	ald25_54	03	220
2020	30	ald25_54	11	6957
2020	30	ald25_54	12	11295
2020	30	ald25_54	13	14161
2020	30	ald25_54	14	6827
2020	30	ald25_54	21	12735
2020	30	ald25_54	22	22101
2020	30	ald25_54	23	27524
2020	30	ald25_54	24	26124
2020	30	ald25_54	25	11017
2020	30	ald25_54	26	8478
2020	30	ald25_54	31	17457
2020	30	ald25_54	32	6018
2020	30	ald25_54	33	31206
2020	30	ald25_54	34	4917
2020	30	ald25_54	35	4486
2020	30	ald25_54	41	9834
2020	30	ald25_54	42	4266
2020	30	ald25_54	43	15094
2020	30	ald25_54	44	567
2020	30	ald25_54	51	10420
2020	30	ald25_54	52	19929
2020	30	ald25_54	53	36344
2020	30	ald25_54	54	3488
2020	30	ald25_54	61	1341
2020	30	ald25_54	62	103
2020	30	ald25_54	71	15980
2020	30	ald25_54	72	7868
2020	30	ald25_54	73	647
2020	30	ald25_54	74	5924
2020	30	ald25_54	75	1263
2020	30	ald25_54	81	7406
2020	30	ald25_54	82	1038
2020	30	ald25_54	83	11296
2020	30	ald25_54	91	8413
2020	30	ald25_54	92	291
2020	30	ald25_54	93	4748
2020	30	ald25_54	94	1911
2020	30	ald25_54	95	27
2020	30	ald25_54	96	1834
2020	30	ald55_66	00	379
2020	30	ald55_66	01	281
2020	30	ald55_66	03	21
2020	30	ald55_66	11	3731
2020	30	ald55_66	12	4871
2020	30	ald55_66	13	6362
2020	30	ald55_66	14	1629
2020	30	ald55_66	21	4039
2020	30	ald55_66	22	5475
2020	30	ald55_66	23	6709
2020	30	ald55_66	24	8899
2020	30	ald55_66	25	2561
2020	30	ald55_66	26	2136
2020	30	ald55_66	31	5744
2020	30	ald55_66	32	1686
2020	30	ald55_66	33	9901
2020	30	ald55_66	34	1112
2020	30	ald55_66	35	920
2020	30	ald55_66	41	3895
2020	30	ald55_66	42	1029
2020	30	ald55_66	43	4361
2020	30	ald55_66	44	384
2020	30	ald55_66	51	2835
2020	30	ald55_66	52	3837
2020	30	ald55_66	53	11303
2020	30	ald55_66	54	589
2020	30	ald55_66	61	328
2020	30	ald55_66	62	36
2020	30	ald55_66	71	2803
2020	30	ald55_66	72	1875
2020	30	ald55_66	73	276
2020	30	ald55_66	74	1346
2020	30	ald55_66	75	286
2020	30	ald55_66	81	2206
2020	30	ald55_66	82	280
2020	30	ald55_66	83	4189
2020	30	ald55_66	91	2164
2020	30	ald55_66	92	75
2020	30	ald55_66	93	889
2020	30	ald55_66	94	491
2020	30	ald55_66	95	7
2020	30	ald55_66	96	435
2020	30	ald67_74	00	110
2020	30	ald67_74	11	536
2020	30	ald67_74	12	348
2020	30	ald67_74	13	476
2020	30	ald67_74	14	158
2020	30	ald67_74	21	419
2020	30	ald67_74	22	539
2020	30	ald67_74	23	469
2020	30	ald67_74	24	660
2020	30	ald67_74	25	99
2020	30	ald67_74	26	230
2020	30	ald67_74	31	455
2020	30	ald67_74	32	106
2020	30	ald67_74	33	735
2020	30	ald67_74	34	104
2020	30	ald67_74	35	58
2020	30	ald67_74	41	409
2020	30	ald67_74	42	86
2020	30	ald67_74	43	405
2020	30	ald67_74	44	34
2020	30	ald67_74	51	433
2020	30	ald67_74	52	497
2020	30	ald67_74	53	1428
2020	30	ald67_74	54	30
2020	30	ald67_74	61	91
2020	30	ald67_74	62	7
2020	30	ald67_74	71	187
2020	30	ald67_74	72	183
2020	30	ald67_74	73	31
2020	30	ald67_74	74	85
2020	30	ald67_74	75	26
2020	30	ald67_74	81	117
2020	30	ald67_74	82	11
2020	30	ald67_74	83	844
2020	30	ald67_74	91	205
2020	30	ald67_74	92	15
2020	30	ald67_74	93	130
2020	30	ald67_74	94	68
2020	30	ald67_74	96	170
2020	34	ald15_24	00	81
2020	34	ald15_24	01	21
2020	34	ald15_24	02	39
2020	34	ald15_24	03	815
2020	34	ald15_24	11	22
2020	34	ald15_24	12	7
2020	34	ald15_24	13	15
2020	34	ald15_24	14	58
2020	34	ald15_24	21	51
2020	34	ald15_24	22	440
2020	34	ald15_24	23	527
2020	34	ald15_24	24	104
2020	34	ald15_24	25	76
2020	34	ald15_24	26	104
2020	34	ald15_24	31	124
2020	34	ald15_24	32	176
2020	34	ald15_24	33	344
2020	34	ald15_24	34	296
2020	34	ald15_24	35	133
2020	34	ald15_24	41	298
2020	34	ald15_24	42	427
2020	34	ald15_24	43	398
2020	34	ald15_24	44	38
2020	34	ald15_24	51	973
2020	34	ald15_24	52	4736
2020	34	ald15_24	53	4241
2020	34	ald15_24	54	134
2020	34	ald15_24	61	708
2020	34	ald15_24	62	32
2020	34	ald15_24	71	1192
2020	34	ald15_24	72	950
2020	34	ald15_24	73	20
2020	34	ald15_24	74	919
2020	34	ald15_24	75	113
2020	34	ald15_24	81	649
2020	34	ald15_24	82	45
2020	34	ald15_24	83	769
2020	34	ald15_24	91	391
2020	34	ald15_24	92	114
2020	34	ald15_24	93	677
2020	34	ald15_24	94	465
2020	34	ald15_24	96	157
2020	34	ald25_54	00	319
2020	34	ald25_54	01	959
2020	34	ald25_54	02	66
2020	34	ald25_54	03	126
2020	34	ald25_54	11	1444
2020	34	ald25_54	12	1784
2020	34	ald25_54	13	3286
2020	34	ald25_54	14	2015
2020	34	ald25_54	21	2069
2020	34	ald25_54	22	7886
2020	34	ald25_54	23	8512
2020	34	ald25_54	24	4712
2020	34	ald25_54	25	1385
2020	34	ald25_54	26	1847
2020	34	ald25_54	31	3804
2020	34	ald25_54	32	1912
2020	34	ald25_54	33	5728
2020	34	ald25_54	34	1368
2020	34	ald25_54	35	706
2020	34	ald25_54	41	1942
2020	34	ald25_54	42	1153
2020	34	ald25_54	43	2162
2020	34	ald25_54	44	142
2020	34	ald25_54	51	3125
2020	34	ald25_54	52	6330
2020	34	ald25_54	53	11791
2020	34	ald25_54	54	630
2020	34	ald25_54	61	794
2020	34	ald25_54	62	73
2020	34	ald25_54	71	4854
2020	34	ald25_54	72	2867
2020	34	ald25_54	73	148
2020	34	ald25_54	74	1782
2020	34	ald25_54	75	473
2020	34	ald25_54	81	4308
2020	34	ald25_54	82	184
2020	34	ald25_54	83	4679
2020	34	ald25_54	91	2717
2020	34	ald25_54	92	133
2020	34	ald25_54	93	1298
2020	34	ald25_54	94	652
2020	34	ald25_54	95	8
2020	34	ald25_54	96	733
2020	34	ald55_66	00	145
2020	34	ald55_66	01	70
2020	34	ald55_66	11	797
2020	34	ald55_66	12	850
2020	34	ald55_66	13	1712
2020	34	ald55_66	14	562
2020	34	ald55_66	21	700
2020	34	ald55_66	22	2036
2020	34	ald55_66	23	2206
2020	34	ald55_66	24	2033
2020	34	ald55_66	25	371
2020	34	ald55_66	26	526
2020	34	ald55_66	31	1405
2020	34	ald55_66	32	624
2020	34	ald55_66	33	2394
2020	34	ald55_66	34	366
2020	34	ald55_66	35	168
2020	34	ald55_66	41	969
2020	34	ald55_66	42	318
2020	34	ald55_66	43	924
2020	34	ald55_66	44	186
2020	34	ald55_66	51	1148
2020	34	ald55_66	52	1670
2020	34	ald55_66	53	4802
2020	34	ald55_66	54	170
2020	34	ald55_66	61	246
2020	34	ald55_66	62	48
2020	34	ald55_66	71	1114
2020	34	ald55_66	72	684
2020	34	ald55_66	73	74
2020	34	ald55_66	74	440
2020	34	ald55_66	75	118
2020	34	ald55_66	81	1431
2020	34	ald55_66	82	49
2020	34	ald55_66	83	1990
2020	34	ald55_66	91	1131
2020	34	ald55_66	92	41
2020	34	ald55_66	93	321
2020	34	ald55_66	94	229
2020	34	ald55_66	96	271
2020	34	ald67_74	00	43
2020	34	ald67_74	03	4
2020	34	ald67_74	11	118
2020	34	ald67_74	12	68
2020	34	ald67_74	13	143
2020	34	ald67_74	14	49
2020	34	ald67_74	21	92
2020	34	ald67_74	22	187
2020	34	ald67_74	23	198
2020	34	ald67_74	24	171
2020	34	ald67_74	25	20
2020	34	ald67_74	26	67
2020	34	ald67_74	31	81
2020	34	ald67_74	32	41
2020	34	ald67_74	33	212
2020	34	ald67_74	34	40
2020	34	ald67_74	35	7
2020	34	ald67_74	41	125
2020	34	ald67_74	42	39
2020	34	ald67_74	43	96
2020	34	ald67_74	44	20
2020	34	ald67_74	51	219
2020	34	ald67_74	52	214
2020	34	ald67_74	53	669
2020	34	ald67_74	54	24
2020	34	ald67_74	61	146
2020	34	ald67_74	62	10
2020	34	ald67_74	71	97
2020	34	ald67_74	72	71
2020	34	ald67_74	73	13
2020	34	ald67_74	74	37
2020	34	ald67_74	75	28
2020	34	ald67_74	81	94
2020	34	ald67_74	83	458
2020	34	ald67_74	91	137
2020	34	ald67_74	92	19
2020	34	ald67_74	93	68
2020	34	ald67_74	94	33
2020	34	ald67_74	96	91
2020	38	ald15_24	00	122
2020	38	ald15_24	01	8
2020	38	ald15_24	02	15
2020	38	ald15_24	03	814
2020	38	ald15_24	11	36
2020	38	ald15_24	12	13
2020	38	ald15_24	13	14
2020	38	ald15_24	14	78
2020	38	ald15_24	21	43
2020	38	ald15_24	22	401
2020	38	ald15_24	23	612
2020	38	ald15_24	24	108
2020	38	ald15_24	25	104
2020	38	ald15_24	26	96
2020	38	ald15_24	31	177
2020	38	ald15_24	32	176
2020	38	ald15_24	33	363
2020	38	ald15_24	34	418
2020	38	ald15_24	35	169
2020	38	ald15_24	41	384
2020	38	ald15_24	42	312
2020	38	ald15_24	43	569
2020	38	ald15_24	44	33
2020	38	ald15_24	51	1078
2020	38	ald15_24	52	6396
2020	38	ald15_24	53	3579
2020	38	ald15_24	54	158
2020	38	ald15_24	61	246
2020	38	ald15_24	62	8
2020	38	ald15_24	71	1133
2020	38	ald15_24	72	972
2020	38	ald15_24	73	25
2020	38	ald15_24	74	984
2020	38	ald15_24	75	108
2020	38	ald15_24	81	791
2020	38	ald15_24	82	79
2020	38	ald15_24	83	536
2020	38	ald15_24	91	469
2020	38	ald15_24	92	78
2020	38	ald15_24	93	843
2020	38	ald15_24	94	467
2020	38	ald15_24	96	159
2020	38	ald25_54	00	301
2020	38	ald25_54	01	240
2020	38	ald25_54	02	19
2020	38	ald25_54	03	53
2020	38	ald25_54	11	1809
2020	38	ald25_54	12	2353
2020	38	ald25_54	13	3820
2020	38	ald25_54	14	2262
2020	38	ald25_54	21	2898
2020	38	ald25_54	22	8218
2020	38	ald25_54	23	10182
2020	38	ald25_54	24	5276
2020	38	ald25_54	25	2011
2020	38	ald25_54	26	2468
2020	38	ald25_54	31	6378
2020	38	ald25_54	32	1990
2020	38	ald25_54	33	7614
2020	38	ald25_54	34	1531
2020	38	ald25_54	35	1018
2020	38	ald25_54	41	2430
2020	38	ald25_54	42	1184
2020	38	ald25_54	43	3105
2020	38	ald25_54	44	179
2020	38	ald25_54	51	3432
2020	38	ald25_54	52	7375
2020	38	ald25_54	53	13435
2020	38	ald25_54	54	1058
2020	38	ald25_54	61	528
2020	38	ald25_54	62	56
2020	38	ald25_54	71	5607
2020	38	ald25_54	72	3330
2020	38	ald25_54	73	230
2020	38	ald25_54	74	2171
2020	38	ald25_54	75	497
2020	38	ald25_54	81	4579
2020	38	ald25_54	82	666
2020	38	ald25_54	83	4069
2020	38	ald25_54	91	2872
2020	38	ald25_54	92	137
2020	38	ald25_54	93	1787
2020	38	ald25_54	94	596
2020	38	ald25_54	95	9
2020	38	ald25_54	96	713
2020	38	ald55_66	00	99
2020	38	ald55_66	01	47
2020	38	ald55_66	03	6
2020	38	ald55_66	11	1124
2020	38	ald55_66	12	1229
2020	38	ald55_66	13	2054
2020	38	ald55_66	14	647
2020	38	ald55_66	21	1003
2020	38	ald55_66	22	2156
2020	38	ald55_66	23	2414
2020	38	ald55_66	24	2219
2020	38	ald55_66	25	440
2020	38	ald55_66	26	672
2020	38	ald55_66	31	2241
2020	38	ald55_66	32	681
2020	38	ald55_66	33	2840
2020	38	ald55_66	34	368
2020	38	ald55_66	35	193
2020	38	ald55_66	41	1194
2020	38	ald55_66	42	303
2020	38	ald55_66	43	1108
2020	38	ald55_66	44	158
2020	38	ald55_66	51	925
2020	38	ald55_66	52	1710
2020	38	ald55_66	53	4954
2020	38	ald55_66	54	195
2020	38	ald55_66	61	145
2020	38	ald55_66	62	17
2020	38	ald55_66	71	1087
2020	38	ald55_66	72	905
2020	38	ald55_66	73	82
2020	38	ald55_66	74	579
2020	38	ald55_66	75	112
2020	38	ald55_66	81	1326
2020	38	ald55_66	82	226
2020	38	ald55_66	83	1564
2020	38	ald55_66	91	970
2020	38	ald55_66	92	32
2020	38	ald55_66	93	341
2020	38	ald55_66	94	209
2020	38	ald55_66	96	128
2020	38	ald67_74	00	27
2020	38	ald67_74	11	194
2020	38	ald67_74	12	121
2020	38	ald67_74	13	140
2020	38	ald67_74	14	73
2020	38	ald67_74	21	110
2020	38	ald67_74	22	201
2020	38	ald67_74	23	210
2020	38	ald67_74	24	199
2020	38	ald67_74	25	23
2020	38	ald67_74	26	94
2020	38	ald67_74	31	168
2020	38	ald67_74	32	46
2020	38	ald67_74	33	206
2020	38	ald67_74	34	43
2020	38	ald67_74	35	21
2020	38	ald67_74	41	150
2020	38	ald67_74	42	30
2020	38	ald67_74	43	108
2020	38	ald67_74	44	6
2020	38	ald67_74	51	184
2020	38	ald67_74	52	195
2020	38	ald67_74	53	589
2020	38	ald67_74	54	18
2020	38	ald67_74	61	39
2020	38	ald67_74	71	97
2020	38	ald67_74	72	75
2020	38	ald67_74	73	17
2020	38	ald67_74	74	35
2020	38	ald67_74	75	7
2020	38	ald67_74	81	67
2020	38	ald67_74	82	13
2020	38	ald67_74	83	348
2020	38	ald67_74	91	86
2020	38	ald67_74	92	10
2020	38	ald67_74	93	60
2020	38	ald67_74	94	20
2020	38	ald67_74	96	50
2020	42	ald15_24	00	65
2020	42	ald15_24	01	4
2020	42	ald15_24	02	9
2020	42	ald15_24	03	550
2020	42	ald15_24	11	25
2020	42	ald15_24	12	8
2020	42	ald15_24	13	16
2020	42	ald15_24	14	55
2020	42	ald15_24	21	26
2020	42	ald15_24	22	373
2020	42	ald15_24	23	560
2020	42	ald15_24	24	75
2020	42	ald15_24	25	71
2020	42	ald15_24	26	96
2020	42	ald15_24	31	116
2020	42	ald15_24	32	137
2020	42	ald15_24	33	273
2020	42	ald15_24	34	323
2020	42	ald15_24	35	125
2020	42	ald15_24	41	322
2020	42	ald15_24	42	231
2020	42	ald15_24	43	572
2020	42	ald15_24	44	40
2020	42	ald15_24	51	1192
2020	42	ald15_24	52	5012
2020	42	ald15_24	53	2935
2020	42	ald15_24	54	225
2020	42	ald15_24	61	232
2020	42	ald15_24	62	29
2020	42	ald15_24	71	1183
2020	42	ald15_24	72	739
2020	42	ald15_24	73	31
2020	42	ald15_24	74	688
2020	42	ald15_24	75	91
2020	42	ald15_24	81	674
2020	42	ald15_24	82	28
2020	42	ald15_24	83	438
2020	42	ald15_24	91	511
2020	42	ald15_24	92	53
2020	42	ald15_24	93	618
2020	42	ald15_24	94	418
2020	42	ald15_24	96	105
2020	42	ald25_54	00	275
2020	42	ald25_54	01	158
2020	42	ald25_54	02	12
2020	42	ald25_54	03	21
2020	42	ald25_54	11	1292
2020	42	ald25_54	12	1588
2020	42	ald25_54	13	2939
2020	42	ald25_54	14	1704
2020	42	ald25_54	21	2016
2020	42	ald25_54	22	6256
2020	42	ald25_54	23	8361
2020	42	ald25_54	24	3630
2020	42	ald25_54	25	1438
2020	42	ald25_54	26	1782
2020	42	ald25_54	31	4709
2020	42	ald25_54	32	1356
2020	42	ald25_54	33	5075
2020	42	ald25_54	34	1634
2020	42	ald25_54	35	724
2020	42	ald25_54	41	1998
2020	42	ald25_54	42	868
2020	42	ald25_54	43	2140
2020	42	ald25_54	44	126
2020	42	ald25_54	51	2410
2020	42	ald25_54	52	5431
2020	42	ald25_54	53	9846
2020	42	ald25_54	54	687
2020	42	ald25_54	61	282
2020	42	ald25_54	62	101
2020	42	ald25_54	71	4285
2020	42	ald25_54	72	2650
2020	42	ald25_54	73	132
2020	42	ald25_54	74	1678
2020	42	ald25_54	75	360
2020	42	ald25_54	81	3487
2020	42	ald25_54	82	214
2020	42	ald25_54	83	2922
2020	42	ald25_54	91	2120
2020	42	ald25_54	92	66
2020	42	ald25_54	93	1190
2020	42	ald25_54	94	454
2020	42	ald25_54	95	5
2020	42	ald25_54	96	377
2020	42	ald55_66	00	90
2020	42	ald55_66	01	41
2020	42	ald55_66	11	695
2020	42	ald55_66	12	793
2020	42	ald55_66	13	1330
2020	42	ald55_66	14	436
2020	42	ald55_66	21	557
2020	42	ald55_66	22	1456
2020	42	ald55_66	23	1821
2020	42	ald55_66	24	1293
2020	42	ald55_66	25	243
2020	42	ald55_66	26	518
2020	42	ald55_66	31	1448
2020	42	ald55_66	32	351
2020	42	ald55_66	33	1706
2020	42	ald55_66	34	325
2020	42	ald55_66	35	122
2020	42	ald55_66	41	938
2020	42	ald55_66	42	205
2020	42	ald55_66	43	654
2020	42	ald55_66	44	137
2020	42	ald55_66	51	639
2020	42	ald55_66	52	1143
2020	42	ald55_66	53	3441
2020	42	ald55_66	54	107
2020	42	ald55_66	61	63
2020	42	ald55_66	62	20
2020	42	ald55_66	71	762
2020	42	ald55_66	72	622
2020	42	ald55_66	73	44
2020	42	ald55_66	74	401
2020	42	ald55_66	75	80
2020	42	ald55_66	81	1008
2020	42	ald55_66	82	110
2020	42	ald55_66	83	1098
2020	42	ald55_66	91	731
2020	42	ald55_66	92	26
2020	42	ald55_66	93	208
2020	42	ald55_66	94	135
2020	42	ald55_66	96	112
2020	42	ald67_74	00	22
2020	42	ald67_74	11	125
2020	42	ald67_74	12	58
2020	42	ald67_74	13	81
2020	42	ald67_74	14	48
2020	42	ald67_74	21	66
2020	42	ald67_74	22	137
2020	42	ald67_74	23	167
2020	42	ald67_74	24	104
2020	42	ald67_74	25	11
2020	42	ald67_74	26	71
2020	42	ald67_74	31	117
2020	42	ald67_74	32	25
2020	42	ald67_74	33	145
2020	42	ald67_74	34	42
2020	42	ald67_74	35	10
2020	42	ald67_74	41	103
2020	42	ald67_74	42	15
2020	42	ald67_74	43	70
2020	42	ald67_74	44	8
2020	42	ald67_74	51	122
2020	42	ald67_74	52	114
2020	42	ald67_74	53	448
2020	42	ald67_74	54	11
2020	42	ald67_74	61	24
2020	42	ald67_74	62	9
2020	42	ald67_74	71	56
2020	42	ald67_74	72	52
2020	42	ald67_74	73	12
2020	42	ald67_74	74	26
2020	42	ald67_74	75	5
2020	42	ald67_74	81	46
2020	42	ald67_74	83	268
2020	42	ald67_74	91	63
2020	42	ald67_74	93	50
2020	42	ald67_74	94	10
2020	42	ald67_74	96	25
2020	46	ald15_24	00	227
2020	46	ald15_24	01	36
2020	46	ald15_24	02	56
2020	46	ald15_24	03	1406
2020	46	ald15_24	11	57
2020	46	ald15_24	12	26
2020	46	ald15_24	13	40
2020	46	ald15_24	14	134
2020	46	ald15_24	21	96
2020	46	ald15_24	22	767
2020	46	ald15_24	23	1177
2020	46	ald15_24	24	268
2020	46	ald15_24	25	170
2020	46	ald15_24	26	172
2020	46	ald15_24	31	469
2020	46	ald15_24	32	251
2020	46	ald15_24	33	635
2020	46	ald15_24	34	760
2020	46	ald15_24	35	224
2020	46	ald15_24	41	699
2020	46	ald15_24	42	678
2020	46	ald15_24	43	827
2020	46	ald15_24	44	77
2020	46	ald15_24	51	1910
2020	46	ald15_24	52	9113
2020	46	ald15_24	53	7328
2020	46	ald15_24	54	366
2020	46	ald15_24	61	518
2020	46	ald15_24	62	460
2020	46	ald15_24	71	2010
2020	46	ald15_24	72	1811
2020	46	ald15_24	73	27
2020	46	ald15_24	74	1994
2020	46	ald15_24	75	151
2020	46	ald15_24	81	1455
2020	46	ald15_24	82	35
2020	46	ald15_24	83	1111
2020	46	ald15_24	91	1043
2020	46	ald15_24	92	78
2020	46	ald15_24	93	1273
2020	46	ald15_24	94	513
2020	46	ald15_24	96	317
2020	46	ald25_54	00	590
2020	46	ald25_54	01	1387
2020	46	ald25_54	02	84
2020	46	ald25_54	03	192
2020	46	ald25_54	11	2536
2020	46	ald25_54	12	3342
2020	46	ald25_54	13	7264
2020	46	ald25_54	14	3410
2020	46	ald25_54	21	7387
2020	46	ald25_54	22	14020
2020	46	ald25_54	23	18093
2020	46	ald25_54	24	11179
2020	46	ald25_54	25	3724
2020	46	ald25_54	26	4098
2020	46	ald25_54	31	12625
2020	46	ald25_54	32	3299
2020	46	ald25_54	33	11642
2020	46	ald25_54	34	2513
2020	46	ald25_54	35	1720
2020	46	ald25_54	41	4117
2020	46	ald25_54	42	1861
2020	46	ald25_54	43	4320
2020	46	ald25_54	44	282
2020	46	ald25_54	51	5954
2020	46	ald25_54	52	9527
2020	46	ald25_54	53	19711
2020	46	ald25_54	54	1363
2020	46	ald25_54	61	632
2020	46	ald25_54	62	1072
2020	46	ald25_54	71	8423
2020	46	ald25_54	72	5765
2020	46	ald25_54	73	337
2020	46	ald25_54	74	3843
2020	46	ald25_54	75	800
2020	46	ald25_54	81	7231
2020	46	ald25_54	82	316
2020	46	ald25_54	83	6501
2020	46	ald25_54	91	5293
2020	46	ald25_54	92	171
2020	46	ald25_54	93	2763
2020	46	ald25_54	94	809
2020	46	ald25_54	95	18
2020	46	ald25_54	96	784
2020	46	ald55_66	00	195
2020	46	ald55_66	01	119
2020	46	ald55_66	03	11
2020	46	ald55_66	11	1404
2020	46	ald55_66	12	1470
2020	46	ald55_66	13	3376
2020	46	ald55_66	14	867
2020	46	ald55_66	21	2200
2020	46	ald55_66	22	3258
2020	46	ald55_66	23	4110
2020	46	ald55_66	24	3617
2020	46	ald55_66	25	667
2020	46	ald55_66	26	983
2020	46	ald55_66	31	3543
2020	46	ald55_66	32	931
2020	46	ald55_66	33	3621
2020	46	ald55_66	34	460
2020	46	ald55_66	35	314
2020	46	ald55_66	41	1625
2020	46	ald55_66	42	374
2020	46	ald55_66	43	1447
2020	46	ald55_66	44	269
2020	46	ald55_66	51	1591
2020	46	ald55_66	52	1875
2020	46	ald55_66	53	6826
2020	46	ald55_66	54	210
2020	46	ald55_66	61	186
2020	46	ald55_66	62	218
2020	46	ald55_66	71	1789
2020	46	ald55_66	72	1420
2020	46	ald55_66	73	118
2020	46	ald55_66	74	846
2020	46	ald55_66	75	176
2020	46	ald55_66	81	1885
2020	46	ald55_66	82	101
2020	46	ald55_66	83	2426
2020	46	ald55_66	91	1471
2020	46	ald55_66	92	33
2020	46	ald55_66	93	517
2020	46	ald55_66	94	228
2020	46	ald55_66	95	4
2020	46	ald55_66	96	188
2020	46	ald67_74	00	39
2020	46	ald67_74	11	232
2020	46	ald67_74	12	144
2020	46	ald67_74	13	215
2020	46	ald67_74	14	84
2020	46	ald67_74	21	199
2020	46	ald67_74	22	290
2020	46	ald67_74	23	346
2020	46	ald67_74	24	310
2020	46	ald67_74	25	33
2020	46	ald67_74	26	127
2020	46	ald67_74	31	241
2020	46	ald67_74	32	71
2020	46	ald67_74	33	281
2020	46	ald67_74	34	52
2020	46	ald67_74	35	18
2020	46	ald67_74	41	202
2020	46	ald67_74	42	38
2020	46	ald67_74	43	138
2020	46	ald67_74	44	22
2020	46	ald67_74	51	227
2020	46	ald67_74	52	231
2020	46	ald67_74	53	1052
2020	46	ald67_74	54	20
2020	46	ald67_74	61	115
2020	46	ald67_74	62	14
2020	46	ald67_74	71	104
2020	46	ald67_74	72	102
2020	46	ald67_74	73	21
2020	46	ald67_74	74	64
2020	46	ald67_74	75	15
2020	46	ald67_74	81	92
2020	46	ald67_74	82	8
2020	46	ald67_74	83	537
2020	46	ald67_74	91	136
2020	46	ald67_74	93	58
2020	46	ald67_74	94	37
2020	46	ald67_74	96	62
2020	50	ald15_24	00	128
2020	50	ald15_24	01	27
2020	50	ald15_24	02	52
2020	50	ald15_24	03	1260
2020	50	ald15_24	11	30
2020	50	ald15_24	12	18
2020	50	ald15_24	13	20
2020	50	ald15_24	14	66
2020	50	ald15_24	21	97
2020	50	ald15_24	22	657
2020	50	ald15_24	23	1440
2020	50	ald15_24	24	142
2020	50	ald15_24	25	178
2020	50	ald15_24	26	102
2020	50	ald15_24	31	290
2020	50	ald15_24	32	253
2020	50	ald15_24	33	677
2020	50	ald15_24	34	511
2020	50	ald15_24	35	255
2020	50	ald15_24	41	418
2020	50	ald15_24	42	554
2020	50	ald15_24	43	552
2020	50	ald15_24	44	61
2020	50	ald15_24	51	1751
2020	50	ald15_24	52	6494
2020	50	ald15_24	53	4635
2020	50	ald15_24	54	217
2020	50	ald15_24	61	741
2020	50	ald15_24	62	443
2020	50	ald15_24	71	1661
2020	50	ald15_24	72	1239
2020	50	ald15_24	73	44
2020	50	ald15_24	74	1234
2020	50	ald15_24	75	197
2020	50	ald15_24	81	983
2020	50	ald15_24	82	46
2020	50	ald15_24	83	863
2020	50	ald15_24	91	671
2020	50	ald15_24	92	88
2020	50	ald15_24	93	919
2020	50	ald15_24	94	523
2020	50	ald15_24	96	251
2020	50	ald25_54	00	416
2020	50	ald25_54	01	705
2020	50	ald25_54	02	52
2020	50	ald25_54	03	93
2020	50	ald25_54	11	1973
2020	50	ald25_54	12	2620
2020	50	ald25_54	13	4650
2020	50	ald25_54	14	2384
2020	50	ald25_54	21	6092
2020	50	ald25_54	22	11317
2020	50	ald25_54	23	14937
2020	50	ald25_54	24	7744
2020	50	ald25_54	25	3378
2020	50	ald25_54	26	2956
2020	50	ald25_54	31	7154
2020	50	ald25_54	32	2528
2020	50	ald25_54	33	8672
2020	50	ald25_54	34	1836
2020	50	ald25_54	35	1416
2020	50	ald25_54	41	2977
2020	50	ald25_54	42	1506
2020	50	ald25_54	43	2970
2020	50	ald25_54	44	239
2020	50	ald25_54	51	4651
2020	50	ald25_54	52	7715
2020	50	ald25_54	53	13147
2020	50	ald25_54	54	807
2020	50	ald25_54	61	904
2020	50	ald25_54	62	779
2020	50	ald25_54	71	6487
2020	50	ald25_54	72	3732
2020	50	ald25_54	73	215
2020	50	ald25_54	74	2231
2020	50	ald25_54	75	851
2020	50	ald25_54	81	4840
2020	50	ald25_54	82	291
2020	50	ald25_54	83	5151
2020	50	ald25_54	91	3589
2020	50	ald25_54	92	99
2020	50	ald25_54	93	1845
2020	50	ald25_54	94	737
2020	50	ald25_54	95	9
2020	50	ald25_54	96	736
2020	50	ald55_66	00	143
2020	50	ald55_66	01	68
2020	50	ald55_66	03	6
2020	50	ald55_66	11	949
2020	50	ald55_66	12	1137
2020	50	ald55_66	13	2223
2020	50	ald55_66	14	658
2020	50	ald55_66	21	1401
2020	50	ald55_66	22	2493
2020	50	ald55_66	23	3139
2020	50	ald55_66	24	2774
2020	50	ald55_66	25	524
2020	50	ald55_66	26	685
2020	50	ald55_66	31	2224
2020	50	ald55_66	32	619
2020	50	ald55_66	33	2661
2020	50	ald55_66	34	355
2020	50	ald55_66	35	255
2020	50	ald55_66	41	1311
2020	50	ald55_66	42	268
2020	50	ald55_66	43	955
2020	50	ald55_66	44	194
2020	50	ald55_66	51	1269
2020	50	ald55_66	52	1646
2020	50	ald55_66	53	4433
2020	50	ald55_66	54	191
2020	50	ald55_66	61	277
2020	50	ald55_66	62	168
2020	50	ald55_66	71	1274
2020	50	ald55_66	72	972
2020	50	ald55_66	73	112
2020	50	ald55_66	74	500
2020	50	ald55_66	75	160
2020	50	ald55_66	81	1247
2020	50	ald55_66	82	83
2020	50	ald55_66	83	2124
2020	50	ald55_66	91	1190
2020	50	ald55_66	92	24
2020	50	ald55_66	93	392
2020	50	ald55_66	94	200
2020	50	ald55_66	96	205
2020	50	ald67_74	00	41
2020	50	ald67_74	03	4
2020	50	ald67_74	11	166
2020	50	ald67_74	12	92
2020	50	ald67_74	13	163
2020	50	ald67_74	14	55
2020	50	ald67_74	21	201
2020	50	ald67_74	22	224
2020	50	ald67_74	23	250
2020	50	ald67_74	24	229
2020	50	ald67_74	25	29
2020	50	ald67_74	26	85
2020	50	ald67_74	31	165
2020	50	ald67_74	32	37
2020	50	ald67_74	33	171
2020	50	ald67_74	34	39
2020	50	ald67_74	35	15
2020	50	ald67_74	41	129
2020	50	ald67_74	42	35
2020	50	ald67_74	43	70
2020	50	ald67_74	44	16
2020	50	ald67_74	51	183
2020	50	ald67_74	52	181
2020	50	ald67_74	53	629
2020	50	ald67_74	54	13
2020	50	ald67_74	61	120
2020	50	ald67_74	62	22
2020	50	ald67_74	71	91
2020	50	ald67_74	72	64
2020	50	ald67_74	73	8
2020	50	ald67_74	74	33
2020	50	ald67_74	75	19
2020	50	ald67_74	81	64
2020	50	ald67_74	83	451
2020	50	ald67_74	91	132
2020	50	ald67_74	92	6
2020	50	ald67_74	93	70
2020	50	ald67_74	94	36
2020	50	ald67_74	96	59
2020	54	ald15_24	00	73
2020	54	ald15_24	01	61
2020	54	ald15_24	02	113
2020	54	ald15_24	03	920
2020	54	ald15_24	11	21
2020	54	ald15_24	12	9
2020	54	ald15_24	13	18
2020	54	ald15_24	14	52
2020	54	ald15_24	21	31
2020	54	ald15_24	22	334
2020	54	ald15_24	23	360
2020	54	ald15_24	24	80
2020	54	ald15_24	25	41
2020	54	ald15_24	26	110
2020	54	ald15_24	31	144
2020	54	ald15_24	32	190
2020	54	ald15_24	33	205
2020	54	ald15_24	34	166
2020	54	ald15_24	35	85
2020	54	ald15_24	41	199
2020	54	ald15_24	42	260
2020	54	ald15_24	43	296
2020	54	ald15_24	44	33
2020	54	ald15_24	51	855
2020	54	ald15_24	52	3849
2020	54	ald15_24	53	2970
2020	54	ald15_24	54	171
2020	54	ald15_24	61	147
2020	54	ald15_24	62	307
2020	54	ald15_24	71	720
2020	54	ald15_24	72	712
2020	54	ald15_24	73	12
2020	54	ald15_24	74	669
2020	54	ald15_24	75	94
2020	54	ald15_24	81	491
2020	54	ald15_24	82	6
2020	54	ald15_24	83	520
2020	54	ald15_24	91	402
2020	54	ald15_24	92	37
2020	54	ald15_24	93	561
2020	54	ald15_24	94	356
2020	54	ald15_24	96	160
2020	54	ald25_54	00	235
2020	54	ald25_54	01	1052
2020	54	ald25_54	02	91
2020	54	ald25_54	03	186
2020	54	ald25_54	11	1225
2020	54	ald25_54	12	1148
2020	54	ald25_54	13	2711
2020	54	ald25_54	14	1380
2020	54	ald25_54	21	1887
2020	54	ald25_54	22	6063
2020	54	ald25_54	23	7455
2020	54	ald25_54	24	4337
2020	54	ald25_54	25	668
2020	54	ald25_54	26	2139
2020	54	ald25_54	31	3065
2020	54	ald25_54	32	1667
2020	54	ald25_54	33	3494
2020	54	ald25_54	34	905
2020	54	ald25_54	35	418
2020	54	ald25_54	41	1412
2020	54	ald25_54	42	778
2020	54	ald25_54	43	1449
2020	54	ald25_54	44	140
2020	54	ald25_54	51	2241
2020	54	ald25_54	52	3887
2020	54	ald25_54	53	8038
2020	54	ald25_54	54	659
2020	54	ald25_54	61	184
2020	54	ald25_54	62	902
2020	54	ald25_54	71	2495
2020	54	ald25_54	72	1747
2020	54	ald25_54	73	88
2020	54	ald25_54	74	1119
2020	54	ald25_54	75	335
2020	54	ald25_54	81	2422
2020	54	ald25_54	82	29
2020	54	ald25_54	83	2750
2020	54	ald25_54	91	2076
2020	54	ald25_54	92	41
2020	54	ald25_54	93	1153
2020	54	ald25_54	94	453
2020	54	ald25_54	95	6
2020	54	ald25_54	96	543
2020	54	ald55_66	00	87
2020	54	ald55_66	01	126
2020	54	ald55_66	03	6
2020	54	ald55_66	11	622
2020	54	ald55_66	12	595
2020	54	ald55_66	13	1226
2020	54	ald55_66	14	368
2020	54	ald55_66	21	505
2020	54	ald55_66	22	1520
2020	54	ald55_66	23	2087
2020	54	ald55_66	24	1591
2020	54	ald55_66	25	137
2020	54	ald55_66	26	498
2020	54	ald55_66	31	990
2020	54	ald55_66	32	399
2020	54	ald55_66	33	1176
2020	54	ald55_66	34	211
2020	54	ald55_66	35	101
2020	54	ald55_66	41	660
2020	54	ald55_66	42	189
2020	54	ald55_66	43	481
2020	54	ald55_66	44	111
2020	54	ald55_66	51	616
2020	54	ald55_66	52	697
2020	54	ald55_66	53	2679
2020	54	ald55_66	54	150
2020	54	ald55_66	61	50
2020	54	ald55_66	62	156
2020	54	ald55_66	71	486
2020	54	ald55_66	72	379
2020	54	ald55_66	73	40
2020	54	ald55_66	74	213
2020	54	ald55_66	75	54
2020	54	ald55_66	81	499
2020	54	ald55_66	82	6
2020	54	ald55_66	83	1055
2020	54	ald55_66	91	625
2020	54	ald55_66	92	12
2020	54	ald55_66	93	185
2020	54	ald55_66	94	120
2020	54	ald55_66	96	159
2020	54	ald67_74	00	59
2020	54	ald67_74	11	100
2020	54	ald67_74	12	56
2020	54	ald67_74	13	77
2020	54	ald67_74	14	49
2020	54	ald67_74	21	55
2020	54	ald67_74	22	147
2020	54	ald67_74	23	156
2020	54	ald67_74	24	113
2020	54	ald67_74	25	6
2020	54	ald67_74	26	50
2020	54	ald67_74	31	83
2020	54	ald67_74	32	26
2020	54	ald67_74	33	93
2020	54	ald67_74	34	14
2020	54	ald67_74	41	87
2020	54	ald67_74	42	23
2020	54	ald67_74	43	44
2020	54	ald67_74	44	19
2020	54	ald67_74	51	118
2020	54	ald67_74	52	95
2020	54	ald67_74	53	530
2020	54	ald67_74	54	16
2020	54	ald67_74	61	21
2020	54	ald67_74	62	16
2020	54	ald67_74	71	54
2020	54	ald67_74	72	31
2020	54	ald67_74	73	6
2020	54	ald67_74	74	28
2020	54	ald67_74	75	16
2020	54	ald67_74	81	56
2020	54	ald67_74	83	242
2020	54	ald67_74	91	97
2020	54	ald67_74	92	14
2020	54	ald67_74	93	40
2020	54	ald67_74	94	29
2020	54	ald67_74	96	26
