STATISTIKKAAR	BOSTEDSFYLKE	ALDERSGRUPPE	YRKE_2	ANTALL
2015	01	ald15_24	00	134
2015	01	ald15_24	01	25
2015	01	ald15_24	02	44
2015	01	ald15_24	03	441
2015	01	ald15_24	11	23
2015	01	ald15_24	12	11
2015	01	ald15_24	13	12
2015	01	ald15_24	14	72
2015	01	ald15_24	21	25
2015	01	ald15_24	22	261
2015	01	ald15_24	23	307
2015	01	ald15_24	24	62
2015	01	ald15_24	25	41
2015	01	ald15_24	26	70
2015	01	ald15_24	31	93
2015	01	ald15_24	32	129
2015	01	ald15_24	33	412
2015	01	ald15_24	34	285
2015	01	ald15_24	35	88
2015	01	ald15_24	41	363
2015	01	ald15_24	42	271
2015	01	ald15_24	43	414
2015	01	ald15_24	44	64
2015	01	ald15_24	51	825
2015	01	ald15_24	52	4297
2015	01	ald15_24	53	2388
2015	01	ald15_24	54	183
2015	01	ald15_24	61	192
2015	01	ald15_24	71	800
2015	01	ald15_24	72	569
2015	01	ald15_24	73	16
2015	01	ald15_24	74	551
2015	01	ald15_24	75	53
2015	01	ald15_24	81	525
2015	01	ald15_24	82	19
2015	01	ald15_24	83	302
2015	01	ald15_24	91	451
2015	01	ald15_24	92	59
2015	01	ald15_24	93	464
2015	01	ald15_24	94	343
2015	01	ald15_24	96	292
2015	01	ald25_54	00	300
2015	01	ald25_54	01	401
2015	01	ald25_54	02	7
2015	01	ald25_54	03	20
2015	01	ald25_54	11	1356
2015	01	ald25_54	12	1565
2015	01	ald25_54	13	2654
2015	01	ald25_54	14	1381
2015	01	ald25_54	21	1580
2015	01	ald25_54	22	4900
2015	01	ald25_54	23	6208
2015	01	ald25_54	24	3138
2015	01	ald25_54	25	1364
2015	01	ald25_54	26	1389
2015	01	ald25_54	31	3526
2015	01	ald25_54	32	1308
2015	01	ald25_54	33	5994
2015	01	ald25_54	34	1094
2015	01	ald25_54	35	668
2015	01	ald25_54	41	2324
2015	01	ald25_54	42	934
2015	01	ald25_54	43	3207
2015	01	ald25_54	44	209
2015	01	ald25_54	51	2173
2015	01	ald25_54	52	5094
2015	01	ald25_54	53	9142
2015	01	ald25_54	54	947
2015	01	ald25_54	61	367
2015	01	ald25_54	62	21
2015	01	ald25_54	71	3646
2015	01	ald25_54	72	2353
2015	01	ald25_54	73	237
2015	01	ald25_54	74	1225
2015	01	ald25_54	75	360
2015	01	ald25_54	81	3509
2015	01	ald25_54	82	507
2015	01	ald25_54	83	2743
2015	01	ald25_54	91	1925
2015	01	ald25_54	92	72
2015	01	ald25_54	93	1024
2015	01	ald25_54	94	430
2015	01	ald25_54	95	8
2015	01	ald25_54	96	481
2015	01	ald55_66	00	165
2015	01	ald55_66	01	39
2015	01	ald55_66	11	603
2015	01	ald55_66	12	589
2015	01	ald55_66	13	1125
2015	01	ald55_66	14	322
2015	01	ald55_66	21	388
2015	01	ald55_66	22	1153
2015	01	ald55_66	23	1747
2015	01	ald55_66	24	1180
2015	01	ald55_66	25	211
2015	01	ald55_66	26	390
2015	01	ald55_66	31	1007
2015	01	ald55_66	32	364
2015	01	ald55_66	33	1788
2015	01	ald55_66	34	199
2015	01	ald55_66	35	126
2015	01	ald55_66	41	903
2015	01	ald55_66	42	209
2015	01	ald55_66	43	898
2015	01	ald55_66	44	109
2015	01	ald55_66	51	571
2015	01	ald55_66	52	1141
2015	01	ald55_66	53	2768
2015	01	ald55_66	54	123
2015	01	ald55_66	61	96
2015	01	ald55_66	62	4
2015	01	ald55_66	71	544
2015	01	ald55_66	72	602
2015	01	ald55_66	73	73
2015	01	ald55_66	74	285
2015	01	ald55_66	75	57
2015	01	ald55_66	81	943
2015	01	ald55_66	82	97
2015	01	ald55_66	83	966
2015	01	ald55_66	91	634
2015	01	ald55_66	92	24
2015	01	ald55_66	93	189
2015	01	ald55_66	94	126
2015	01	ald55_66	96	94
2015	01	ald67_74	00	124
2015	01	ald67_74	11	95
2015	01	ald67_74	12	41
2015	01	ald67_74	13	64
2015	01	ald67_74	14	25
2015	01	ald67_74	21	51
2015	01	ald67_74	22	92
2015	01	ald67_74	23	130
2015	01	ald67_74	24	87
2015	01	ald67_74	25	6
2015	01	ald67_74	26	53
2015	01	ald67_74	31	62
2015	01	ald67_74	32	25
2015	01	ald67_74	33	129
2015	01	ald67_74	34	30
2015	01	ald67_74	35	7
2015	01	ald67_74	41	112
2015	01	ald67_74	42	18
2015	01	ald67_74	43	94
2015	01	ald67_74	44	11
2015	01	ald67_74	51	138
2015	01	ald67_74	52	168
2015	01	ald67_74	53	336
2015	01	ald67_74	54	9
2015	01	ald67_74	61	33
2015	01	ald67_74	71	34
2015	01	ald67_74	72	46
2015	01	ald67_74	73	7
2015	01	ald67_74	74	11
2015	01	ald67_74	75	4
2015	01	ald67_74	81	42
2015	01	ald67_74	83	174
2015	01	ald67_74	91	64
2015	01	ald67_74	92	6
2015	01	ald67_74	93	35
2015	01	ald67_74	94	21
2015	01	ald67_74	96	43
2015	02	ald15_24	00	250
2015	02	ald15_24	01	65
2015	02	ald15_24	02	108
2015	02	ald15_24	03	1107
2015	02	ald15_24	11	35
2015	02	ald15_24	12	35
2015	02	ald15_24	13	17
2015	02	ald15_24	14	155
2015	02	ald15_24	21	77
2015	02	ald15_24	22	341
2015	02	ald15_24	23	800
2015	02	ald15_24	24	232
2015	02	ald15_24	25	144
2015	02	ald15_24	26	138
2015	02	ald15_24	31	218
2015	02	ald15_24	32	148
2015	02	ald15_24	33	1011
2015	02	ald15_24	34	941
2015	02	ald15_24	35	313
2015	02	ald15_24	41	918
2015	02	ald15_24	42	685
2015	02	ald15_24	43	1052
2015	02	ald15_24	44	76
2015	02	ald15_24	51	1715
2015	02	ald15_24	52	10000
2015	02	ald15_24	53	4505
2015	02	ald15_24	54	587
2015	02	ald15_24	61	230
2015	02	ald15_24	62	10
2015	02	ald15_24	71	1228
2015	02	ald15_24	72	849
2015	02	ald15_24	73	56
2015	02	ald15_24	74	1140
2015	02	ald15_24	75	95
2015	02	ald15_24	81	244
2015	02	ald15_24	82	23
2015	02	ald15_24	83	405
2015	02	ald15_24	91	830
2015	02	ald15_24	92	91
2015	02	ald15_24	93	668
2015	02	ald15_24	94	745
2015	02	ald15_24	96	323
2015	02	ald25_54	00	981
2015	02	ald25_54	01	1027
2015	02	ald25_54	02	16
2015	02	ald25_54	03	59
2015	02	ald25_54	11	4448
2015	02	ald25_54	12	7750
2015	02	ald25_54	13	8135
2015	02	ald25_54	14	3257
2015	02	ald25_54	21	7251
2015	02	ald25_54	22	9493
2015	02	ald25_54	23	11801
2015	02	ald25_54	24	15284
2015	02	ald25_54	25	6543
2015	02	ald25_54	26	4317
2015	02	ald25_54	31	8617
2015	02	ald25_54	32	2811
2015	02	ald25_54	33	19546
2015	02	ald25_54	34	2207
2015	02	ald25_54	35	2619
2015	02	ald25_54	41	5850
2015	02	ald25_54	42	2552
2015	02	ald25_54	43	8163
2015	02	ald25_54	44	408
2015	02	ald25_54	51	5027
2015	02	ald25_54	52	8776
2015	02	ald25_54	53	15466
2015	02	ald25_54	54	1816
2015	02	ald25_54	61	458
2015	02	ald25_54	62	26
2015	02	ald25_54	71	6316
2015	02	ald25_54	72	3234
2015	02	ald25_54	73	484
2015	02	ald25_54	74	2505
2015	02	ald25_54	75	552
2015	02	ald25_54	81	1729
2015	02	ald25_54	82	171
2015	02	ald25_54	83	4757
2015	02	ald25_54	91	3699
2015	02	ald25_54	92	82
2015	02	ald25_54	93	1658
2015	02	ald25_54	94	1054
2015	02	ald25_54	95	22
2015	02	ald25_54	96	863
2015	02	ald55_66	00	274
2015	02	ald55_66	01	117
2015	02	ald55_66	11	1927
2015	02	ald55_66	12	2394
2015	02	ald55_66	13	3026
2015	02	ald55_66	14	658
2015	02	ald55_66	21	2085
2015	02	ald55_66	22	2534
2015	02	ald55_66	23	3666
2015	02	ald55_66	24	4481
2015	02	ald55_66	25	1097
2015	02	ald55_66	26	1119
2015	02	ald55_66	31	2373
2015	02	ald55_66	32	896
2015	02	ald55_66	33	4760
2015	02	ald55_66	34	457
2015	02	ald55_66	35	519
2015	02	ald55_66	41	2054
2015	02	ald55_66	42	554
2015	02	ald55_66	43	2071
2015	02	ald55_66	44	162
2015	02	ald55_66	51	1179
2015	02	ald55_66	52	1577
2015	02	ald55_66	53	4415
2015	02	ald55_66	54	283
2015	02	ald55_66	61	113
2015	02	ald55_66	62	9
2015	02	ald55_66	71	801
2015	02	ald55_66	72	650
2015	02	ald55_66	73	196
2015	02	ald55_66	74	470
2015	02	ald55_66	75	96
2015	02	ald55_66	81	472
2015	02	ald55_66	82	51
2015	02	ald55_66	83	1540
2015	02	ald55_66	91	746
2015	02	ald55_66	92	15
2015	02	ald55_66	93	219
2015	02	ald55_66	94	199
2015	02	ald55_66	95	6
2015	02	ald55_66	96	151
2015	02	ald67_74	00	173
2015	02	ald67_74	03	10
2015	02	ald67_74	11	232
2015	02	ald67_74	12	159
2015	02	ald67_74	13	193
2015	02	ald67_74	14	76
2015	02	ald67_74	21	272
2015	02	ald67_74	22	229
2015	02	ald67_74	23	296
2015	02	ald67_74	24	355
2015	02	ald67_74	25	31
2015	02	ald67_74	26	96
2015	02	ald67_74	31	214
2015	02	ald67_74	32	59
2015	02	ald67_74	33	338
2015	02	ald67_74	34	52
2015	02	ald67_74	35	32
2015	02	ald67_74	41	260
2015	02	ald67_74	42	47
2015	02	ald67_74	43	176
2015	02	ald67_74	44	4
2015	02	ald67_74	51	173
2015	02	ald67_74	52	267
2015	02	ald67_74	53	573
2015	02	ald67_74	54	53
2015	02	ald67_74	61	29
2015	02	ald67_74	71	58
2015	02	ald67_74	72	68
2015	02	ald67_74	73	13
2015	02	ald67_74	74	30
2015	02	ald67_74	75	15
2015	02	ald67_74	81	37
2015	02	ald67_74	82	7
2015	02	ald67_74	83	320
2015	02	ald67_74	91	83
2015	02	ald67_74	93	28
2015	02	ald67_74	94	35
2015	02	ald67_74	96	74
2015	03	ald15_24	00	272
2015	03	ald15_24	01	151
2015	03	ald15_24	02	96
2015	03	ald15_24	03	686
2015	03	ald15_24	11	97
2015	03	ald15_24	12	69
2015	03	ald15_24	13	32
2015	03	ald15_24	14	257
2015	03	ald15_24	21	161
2015	03	ald15_24	22	688
2015	03	ald15_24	23	1212
2015	03	ald15_24	24	552
2015	03	ald15_24	25	350
2015	03	ald15_24	26	420
2015	03	ald15_24	31	272
2015	03	ald15_24	32	320
2015	03	ald15_24	33	1806
2015	03	ald15_24	34	912
2015	03	ald15_24	35	436
2015	03	ald15_24	41	1248
2015	03	ald15_24	42	1189
2015	03	ald15_24	43	954
2015	03	ald15_24	44	138
2015	03	ald15_24	51	2632
2015	03	ald15_24	52	10140
2015	03	ald15_24	53	5317
2015	03	ald15_24	54	727
2015	03	ald15_24	61	45
2015	03	ald15_24	62	5
2015	03	ald15_24	71	693
2015	03	ald15_24	72	312
2015	03	ald15_24	73	56
2015	03	ald15_24	74	782
2015	03	ald15_24	75	96
2015	03	ald15_24	81	124
2015	03	ald15_24	82	7
2015	03	ald15_24	83	353
2015	03	ald15_24	91	729
2015	03	ald15_24	92	50
2015	03	ald15_24	93	332
2015	03	ald15_24	94	773
2015	03	ald15_24	95	10
2015	03	ald15_24	96	249
2015	03	ald25_54	00	1109
2015	03	ald25_54	01	934
2015	03	ald25_54	02	38
2015	03	ald25_54	03	70
2015	03	ald25_54	11	5010
2015	03	ald25_54	12	8283
2015	03	ald25_54	13	6893
2015	03	ald25_54	14	3697
2015	03	ald25_54	21	11204
2015	03	ald25_54	22	13550
2015	03	ald25_54	23	16032
2015	03	ald25_54	24	27168
2015	03	ald25_54	25	10648
2015	03	ald25_54	26	11672
2015	03	ald25_54	31	8454
2015	03	ald25_54	32	3017
2015	03	ald25_54	33	23221
2015	03	ald25_54	34	3814
2015	03	ald25_54	35	4281
2015	03	ald25_54	41	6556
2015	03	ald25_54	42	3502
2015	03	ald25_54	43	7129
2015	03	ald25_54	44	557
2015	03	ald25_54	51	8992
2015	03	ald25_54	52	10723
2015	03	ald25_54	53	15847
2015	03	ald25_54	54	2088
2015	03	ald25_54	61	170
2015	03	ald25_54	62	19
2015	03	ald25_54	71	5809
2015	03	ald25_54	72	1459
2015	03	ald25_54	73	454
2015	03	ald25_54	74	1810
2015	03	ald25_54	75	657
2015	03	ald25_54	81	1348
2015	03	ald25_54	82	81
2015	03	ald25_54	83	4140
2015	03	ald25_54	91	5891
2015	03	ald25_54	92	42
2015	03	ald25_54	93	1437
2015	03	ald25_54	94	2413
2015	03	ald25_54	95	47
2015	03	ald25_54	96	846
2015	03	ald55_66	00	188
2015	03	ald55_66	01	53
2015	03	ald55_66	03	4
2015	03	ald55_66	11	1767
2015	03	ald55_66	12	2219
2015	03	ald55_66	13	2386
2015	03	ald55_66	14	545
2015	03	ald55_66	21	1685
2015	03	ald55_66	22	2670
2015	03	ald55_66	23	3478
2015	03	ald55_66	24	5215
2015	03	ald55_66	25	1053
2015	03	ald55_66	26	1767
2015	03	ald55_66	31	1410
2015	03	ald55_66	32	673
2015	03	ald55_66	33	3766
2015	03	ald55_66	34	552
2015	03	ald55_66	35	487
2015	03	ald55_66	41	1596
2015	03	ald55_66	42	561
2015	03	ald55_66	43	1419
2015	03	ald55_66	44	157
2015	03	ald55_66	51	1190
2015	03	ald55_66	52	875
2015	03	ald55_66	53	2826
2015	03	ald55_66	54	189
2015	03	ald55_66	61	44
2015	03	ald55_66	71	588
2015	03	ald55_66	72	284
2015	03	ald55_66	73	152
2015	03	ald55_66	74	299
2015	03	ald55_66	75	85
2015	03	ald55_66	81	323
2015	03	ald55_66	82	23
2015	03	ald55_66	83	833
2015	03	ald55_66	91	888
2015	03	ald55_66	93	155
2015	03	ald55_66	94	289
2015	03	ald55_66	96	168
2015	03	ald67_74	00	214
2015	03	ald67_74	03	4
2015	03	ald67_74	11	263
2015	03	ald67_74	12	195
2015	03	ald67_74	13	181
2015	03	ald67_74	14	91
2015	03	ald67_74	21	224
2015	03	ald67_74	22	277
2015	03	ald67_74	23	425
2015	03	ald67_74	24	419
2015	03	ald67_74	25	28
2015	03	ald67_74	26	180
2015	03	ald67_74	31	145
2015	03	ald67_74	32	45
2015	03	ald67_74	33	330
2015	03	ald67_74	34	62
2015	03	ald67_74	35	25
2015	03	ald67_74	41	217
2015	03	ald67_74	42	52
2015	03	ald67_74	43	110
2015	03	ald67_74	44	6
2015	03	ald67_74	51	179
2015	03	ald67_74	52	156
2015	03	ald67_74	53	243
2015	03	ald67_74	54	21
2015	03	ald67_74	61	5
2015	03	ald67_74	71	30
2015	03	ald67_74	72	23
2015	03	ald67_74	73	15
2015	03	ald67_74	74	28
2015	03	ald67_74	75	14
2015	03	ald67_74	81	15
2015	03	ald67_74	83	132
2015	03	ald67_74	91	79
2015	03	ald67_74	93	24
2015	03	ald67_74	94	20
2015	03	ald67_74	96	50
2015	04	ald15_24	00	52
2015	04	ald15_24	01	20
2015	04	ald15_24	02	43
2015	04	ald15_24	03	419
2015	04	ald15_24	11	13
2015	04	ald15_24	12	6
2015	04	ald15_24	13	8
2015	04	ald15_24	14	57
2015	04	ald15_24	21	12
2015	04	ald15_24	22	232
2015	04	ald15_24	23	191
2015	04	ald15_24	24	45
2015	04	ald15_24	25	23
2015	04	ald15_24	26	41
2015	04	ald15_24	31	73
2015	04	ald15_24	32	102
2015	04	ald15_24	33	224
2015	04	ald15_24	34	147
2015	04	ald15_24	35	79
2015	04	ald15_24	41	152
2015	04	ald15_24	42	211
2015	04	ald15_24	43	189
2015	04	ald15_24	44	35
2015	04	ald15_24	51	618
2015	04	ald15_24	52	2950
2015	04	ald15_24	53	1911
2015	04	ald15_24	54	128
2015	04	ald15_24	61	257
2015	04	ald15_24	62	26
2015	04	ald15_24	71	581
2015	04	ald15_24	72	470
2015	04	ald15_24	73	15
2015	04	ald15_24	74	382
2015	04	ald15_24	75	42
2015	04	ald15_24	81	328
2015	04	ald15_24	82	6
2015	04	ald15_24	83	298
2015	04	ald15_24	91	286
2015	04	ald15_24	92	43
2015	04	ald15_24	93	230
2015	04	ald15_24	94	257
2015	04	ald15_24	96	133
2015	04	ald25_54	00	303
2015	04	ald25_54	01	779
2015	04	ald25_54	02	27
2015	04	ald25_54	03	68
2015	04	ald25_54	11	835
2015	04	ald25_54	12	1008
2015	04	ald25_54	13	1851
2015	04	ald25_54	14	1099
2015	04	ald25_54	21	950
2015	04	ald25_54	22	3630
2015	04	ald25_54	23	4111
2015	04	ald25_54	24	2520
2015	04	ald25_54	25	652
2015	04	ald25_54	26	885
2015	04	ald25_54	31	1840
2015	04	ald25_54	32	1008
2015	04	ald25_54	33	3197
2015	04	ald25_54	34	782
2015	04	ald25_54	35	396
2015	04	ald25_54	41	1149
2015	04	ald25_54	42	671
2015	04	ald25_54	43	1301
2015	04	ald25_54	44	145
2015	04	ald25_54	51	1613
2015	04	ald25_54	52	3326
2015	04	ald25_54	53	6393
2015	04	ald25_54	54	461
2015	04	ald25_54	61	438
2015	04	ald25_54	62	65
2015	04	ald25_54	71	2231
2015	04	ald25_54	72	1541
2015	04	ald25_54	73	90
2015	04	ald25_54	74	855
2015	04	ald25_54	75	219
2015	04	ald25_54	81	2126
2015	04	ald25_54	82	58
2015	04	ald25_54	83	2467
2015	04	ald25_54	91	1499
2015	04	ald25_54	92	73
2015	04	ald25_54	93	565
2015	04	ald25_54	94	364
2015	04	ald25_54	95	7
2015	04	ald25_54	96	406
2015	04	ald55_66	00	149
2015	04	ald55_66	01	40
2015	04	ald55_66	11	343
2015	04	ald55_66	12	438
2015	04	ald55_66	13	879
2015	04	ald55_66	14	240
2015	04	ald55_66	21	380
2015	04	ald55_66	22	953
2015	04	ald55_66	23	1293
2015	04	ald55_66	24	996
2015	04	ald55_66	25	135
2015	04	ald55_66	26	226
2015	04	ald55_66	31	672
2015	04	ald55_66	32	310
2015	04	ald55_66	33	1231
2015	04	ald55_66	34	176
2015	04	ald55_66	35	76
2015	04	ald55_66	41	556
2015	04	ald55_66	42	152
2015	04	ald55_66	43	508
2015	04	ald55_66	44	131
2015	04	ald55_66	51	499
2015	04	ald55_66	52	874
2015	04	ald55_66	53	2462
2015	04	ald55_66	54	89
2015	04	ald55_66	61	110
2015	04	ald55_66	62	24
2015	04	ald55_66	71	443
2015	04	ald55_66	72	384
2015	04	ald55_66	73	39
2015	04	ald55_66	74	243
2015	04	ald55_66	75	49
2015	04	ald55_66	81	730
2015	04	ald55_66	82	9
2015	04	ald55_66	83	922
2015	04	ald55_66	91	608
2015	04	ald55_66	92	15
2015	04	ald55_66	93	134
2015	04	ald55_66	94	150
2015	04	ald55_66	96	147
2015	04	ald67_74	00	77
2015	04	ald67_74	11	67
2015	04	ald67_74	12	30
2015	04	ald67_74	13	47
2015	04	ald67_74	14	28
2015	04	ald67_74	21	48
2015	04	ald67_74	22	75
2015	04	ald67_74	23	95
2015	04	ald67_74	24	78
2015	04	ald67_74	26	24
2015	04	ald67_74	31	42
2015	04	ald67_74	32	26
2015	04	ald67_74	33	86
2015	04	ald67_74	34	8
2015	04	ald67_74	41	69
2015	04	ald67_74	42	15
2015	04	ald67_74	43	42
2015	04	ald67_74	44	13
2015	04	ald67_74	51	109
2015	04	ald67_74	52	114
2015	04	ald67_74	53	300
2015	04	ald67_74	54	8
2015	04	ald67_74	61	48
2015	04	ald67_74	62	6
2015	04	ald67_74	71	35
2015	04	ald67_74	72	31
2015	04	ald67_74	73	11
2015	04	ald67_74	74	18
2015	04	ald67_74	81	42
2015	04	ald67_74	83	169
2015	04	ald67_74	91	85
2015	04	ald67_74	92	7
2015	04	ald67_74	93	19
2015	04	ald67_74	94	22
2015	04	ald67_74	96	36
2015	05	ald15_24	00	98
2015	05	ald15_24	01	34
2015	05	ald15_24	02	44
2015	05	ald15_24	03	378
2015	05	ald15_24	11	9
2015	05	ald15_24	12	5
2015	05	ald15_24	13	6
2015	05	ald15_24	14	49
2015	05	ald15_24	21	20
2015	05	ald15_24	22	176
2015	05	ald15_24	23	242
2015	05	ald15_24	24	43
2015	05	ald15_24	25	24
2015	05	ald15_24	26	34
2015	05	ald15_24	31	45
2015	05	ald15_24	32	101
2015	05	ald15_24	33	254
2015	05	ald15_24	34	132
2015	05	ald15_24	35	124
2015	05	ald15_24	41	153
2015	05	ald15_24	42	400
2015	05	ald15_24	43	175
2015	05	ald15_24	44	46
2015	05	ald15_24	51	651
2015	05	ald15_24	52	2929
2015	05	ald15_24	53	1905
2015	05	ald15_24	54	110
2015	05	ald15_24	61	355
2015	05	ald15_24	62	19
2015	05	ald15_24	71	610
2015	05	ald15_24	72	490
2015	05	ald15_24	73	16
2015	05	ald15_24	74	439
2015	05	ald15_24	75	59
2015	05	ald15_24	81	383
2015	05	ald15_24	82	15
2015	05	ald15_24	83	379
2015	05	ald15_24	91	250
2015	05	ald15_24	92	26
2015	05	ald15_24	93	300
2015	05	ald15_24	94	293
2015	05	ald15_24	96	115
2015	05	ald25_54	00	279
2015	05	ald25_54	01	239
2015	05	ald25_54	02	5
2015	05	ald25_54	03	16
2015	05	ald25_54	11	835
2015	05	ald25_54	12	871
2015	05	ald25_54	13	1870
2015	05	ald25_54	14	1051
2015	05	ald25_54	21	1059
2015	05	ald25_54	22	3651
2015	05	ald25_54	23	4183
2015	05	ald25_54	24	2062
2015	05	ald25_54	25	626
2015	05	ald25_54	26	871
2015	05	ald25_54	31	2090
2015	05	ald25_54	32	947
2015	05	ald25_54	33	3281
2015	05	ald25_54	34	813
2015	05	ald25_54	35	403
2015	05	ald25_54	41	1121
2015	05	ald25_54	42	745
2015	05	ald25_54	43	1246
2015	05	ald25_54	44	170
2015	05	ald25_54	51	1777
2015	05	ald25_54	52	3550
2015	05	ald25_54	53	6145
2015	05	ald25_54	54	289
2015	05	ald25_54	61	467
2015	05	ald25_54	62	25
2015	05	ald25_54	71	2422
2015	05	ald25_54	72	1414
2015	05	ald25_54	73	121
2015	05	ald25_54	74	904
2015	05	ald25_54	75	304
2015	05	ald25_54	81	2336
2015	05	ald25_54	82	123
2015	05	ald25_54	83	2493
2015	05	ald25_54	91	1565
2015	05	ald25_54	92	39
2015	05	ald25_54	93	660
2015	05	ald25_54	94	304
2015	05	ald25_54	96	341
2015	05	ald55_66	00	129
2015	05	ald55_66	01	26
2015	05	ald55_66	03	4
2015	05	ald55_66	11	381
2015	05	ald55_66	12	379
2015	05	ald55_66	13	798
2015	05	ald55_66	14	259
2015	05	ald55_66	21	326
2015	05	ald55_66	22	952
2015	05	ald55_66	23	1258
2015	05	ald55_66	24	812
2015	05	ald55_66	25	89
2015	05	ald55_66	26	258
2015	05	ald55_66	31	642
2015	05	ald55_66	32	308
2015	05	ald55_66	33	1154
2015	05	ald55_66	34	174
2015	05	ald55_66	35	88
2015	05	ald55_66	41	546
2015	05	ald55_66	42	183
2015	05	ald55_66	43	476
2015	05	ald55_66	44	124
2015	05	ald55_66	51	637
2015	05	ald55_66	52	929
2015	05	ald55_66	53	2393
2015	05	ald55_66	54	55
2015	05	ald55_66	61	132
2015	05	ald55_66	62	14
2015	05	ald55_66	71	438
2015	05	ald55_66	72	312
2015	05	ald55_66	73	51
2015	05	ald55_66	74	183
2015	05	ald55_66	75	85
2015	05	ald55_66	81	707
2015	05	ald55_66	82	47
2015	05	ald55_66	83	844
2015	05	ald55_66	91	606
2015	05	ald55_66	92	15
2015	05	ald55_66	93	137
2015	05	ald55_66	94	137
2015	05	ald55_66	96	112
2015	05	ald67_74	00	101
2015	05	ald67_74	11	60
2015	05	ald67_74	12	24
2015	05	ald67_74	13	48
2015	05	ald67_74	14	26
2015	05	ald67_74	21	38
2015	05	ald67_74	22	99
2015	05	ald67_74	23	108
2015	05	ald67_74	24	56
2015	05	ald67_74	26	31
2015	05	ald67_74	31	35
2015	05	ald67_74	32	23
2015	05	ald67_74	33	78
2015	05	ald67_74	34	11
2015	05	ald67_74	35	5
2015	05	ald67_74	41	82
2015	05	ald67_74	42	22
2015	05	ald67_74	43	45
2015	05	ald67_74	44	12
2015	05	ald67_74	51	101
2015	05	ald67_74	52	94
2015	05	ald67_74	53	354
2015	05	ald67_74	54	9
2015	05	ald67_74	61	73
2015	05	ald67_74	71	46
2015	05	ald67_74	72	29
2015	05	ald67_74	74	13
2015	05	ald67_74	75	9
2015	05	ald67_74	81	38
2015	05	ald67_74	83	184
2015	05	ald67_74	91	87
2015	05	ald67_74	93	20
2015	05	ald67_74	94	22
2015	05	ald67_74	96	27
2015	06	ald15_24	00	87
2015	06	ald15_24	01	27
2015	06	ald15_24	02	43
2015	06	ald15_24	03	484
2015	06	ald15_24	11	21
2015	06	ald15_24	12	9
2015	06	ald15_24	13	7
2015	06	ald15_24	14	71
2015	06	ald15_24	21	41
2015	06	ald15_24	22	247
2015	06	ald15_24	23	329
2015	06	ald15_24	24	84
2015	06	ald15_24	25	51
2015	06	ald15_24	26	71
2015	06	ald15_24	31	154
2015	06	ald15_24	32	83
2015	06	ald15_24	33	385
2015	06	ald15_24	34	272
2015	06	ald15_24	35	120
2015	06	ald15_24	41	338
2015	06	ald15_24	42	306
2015	06	ald15_24	43	366
2015	06	ald15_24	44	36
2015	06	ald15_24	51	840
2015	06	ald15_24	52	4603
2015	06	ald15_24	53	2086
2015	06	ald15_24	54	164
2015	06	ald15_24	61	115
2015	06	ald15_24	62	10
2015	06	ald15_24	71	670
2015	06	ald15_24	72	539
2015	06	ald15_24	73	30
2015	06	ald15_24	74	723
2015	06	ald15_24	75	75
2015	06	ald15_24	81	243
2015	06	ald15_24	82	32
2015	06	ald15_24	83	296
2015	06	ald15_24	91	342
2015	06	ald15_24	92	36
2015	06	ald15_24	93	441
2015	06	ald15_24	94	412
2015	06	ald15_24	96	185
2015	06	ald25_54	00	412
2015	06	ald25_54	01	209
2015	06	ald25_54	02	8
2015	06	ald25_54	03	23
2015	06	ald25_54	11	1569
2015	06	ald25_54	12	1947
2015	06	ald25_54	13	3222
2015	06	ald25_54	14	1641
2015	06	ald25_54	21	2437
2015	06	ald25_54	22	4474
2015	06	ald25_54	23	5731
2015	06	ald25_54	24	4276
2015	06	ald25_54	25	1610
2015	06	ald25_54	26	1410
2015	06	ald25_54	31	5430
2015	06	ald25_54	32	1326
2015	06	ald25_54	33	6162
2015	06	ald25_54	34	1124
2015	06	ald25_54	35	846
2015	06	ald25_54	41	2382
2015	06	ald25_54	42	970
2015	06	ald25_54	43	2725
2015	06	ald25_54	44	224
2015	06	ald25_54	51	2563
2015	06	ald25_54	52	4731
2015	06	ald25_54	53	9013
2015	06	ald25_54	54	660
2015	06	ald25_54	61	394
2015	06	ald25_54	62	31
2015	06	ald25_54	71	3671
2015	06	ald25_54	72	2240
2015	06	ald25_54	73	170
2015	06	ald25_54	74	1324
2015	06	ald25_54	75	317
2015	06	ald25_54	81	1966
2015	06	ald25_54	82	371
2015	06	ald25_54	83	2867
2015	06	ald25_54	91	2076
2015	06	ald25_54	92	130
2015	06	ald25_54	93	1252
2015	06	ald25_54	94	593
2015	06	ald25_54	96	411
2015	06	ald55_66	00	133
2015	06	ald55_66	01	36
2015	06	ald55_66	11	675
2015	06	ald55_66	12	762
2015	06	ald55_66	13	1361
2015	06	ald55_66	14	323
2015	06	ald55_66	21	710
2015	06	ald55_66	22	1186
2015	06	ald55_66	23	1570
2015	06	ald55_66	24	1316
2015	06	ald55_66	25	288
2015	06	ald55_66	26	364
2015	06	ald55_66	31	1480
2015	06	ald55_66	32	329
2015	06	ald55_66	33	1853
2015	06	ald55_66	34	221
2015	06	ald55_66	35	145
2015	06	ald55_66	41	937
2015	06	ald55_66	42	210
2015	06	ald55_66	43	842
2015	06	ald55_66	44	129
2015	06	ald55_66	51	623
2015	06	ald55_66	52	1025
2015	06	ald55_66	53	3154
2015	06	ald55_66	54	101
2015	06	ald55_66	61	68
2015	06	ald55_66	62	6
2015	06	ald55_66	71	542
2015	06	ald55_66	72	573
2015	06	ald55_66	73	59
2015	06	ald55_66	74	304
2015	06	ald55_66	75	54
2015	06	ald55_66	81	547
2015	06	ald55_66	82	113
2015	06	ald55_66	83	1003
2015	06	ald55_66	91	603
2015	06	ald55_66	92	20
2015	06	ald55_66	93	215
2015	06	ald55_66	94	164
2015	06	ald55_66	96	97
2015	06	ald67_74	00	65
2015	06	ald67_74	11	134
2015	06	ald67_74	12	63
2015	06	ald67_74	13	76
2015	06	ald67_74	14	40
2015	06	ald67_74	21	92
2015	06	ald67_74	22	99
2015	06	ald67_74	23	130
2015	06	ald67_74	24	91
2015	06	ald67_74	25	8
2015	06	ald67_74	26	37
2015	06	ald67_74	31	102
2015	06	ald67_74	32	20
2015	06	ald67_74	33	149
2015	06	ald67_74	34	27
2015	06	ald67_74	35	7
2015	06	ald67_74	41	149
2015	06	ald67_74	42	20
2015	06	ald67_74	43	96
2015	06	ald67_74	44	7
2015	06	ald67_74	51	143
2015	06	ald67_74	52	195
2015	06	ald67_74	53	418
2015	06	ald67_74	54	7
2015	06	ald67_74	61	25
2015	06	ald67_74	62	5
2015	06	ald67_74	71	47
2015	06	ald67_74	72	42
2015	06	ald67_74	73	8
2015	06	ald67_74	74	24
2015	06	ald67_74	75	10
2015	06	ald67_74	81	48
2015	06	ald67_74	82	6
2015	06	ald67_74	83	186
2015	06	ald67_74	91	80
2015	06	ald67_74	92	4
2015	06	ald67_74	93	30
2015	06	ald67_74	94	28
2015	06	ald67_74	96	23
2015	07	ald15_24	00	96
2015	07	ald15_24	01	14
2015	07	ald15_24	02	35
2015	07	ald15_24	03	400
2015	07	ald15_24	11	16
2015	07	ald15_24	12	6
2015	07	ald15_24	13	6
2015	07	ald15_24	14	50
2015	07	ald15_24	21	15
2015	07	ald15_24	22	175
2015	07	ald15_24	23	268
2015	07	ald15_24	24	79
2015	07	ald15_24	25	44
2015	07	ald15_24	26	77
2015	07	ald15_24	31	104
2015	07	ald15_24	32	61
2015	07	ald15_24	33	301
2015	07	ald15_24	34	185
2015	07	ald15_24	35	117
2015	07	ald15_24	41	235
2015	07	ald15_24	42	271
2015	07	ald15_24	43	334
2015	07	ald15_24	44	54
2015	07	ald15_24	51	759
2015	07	ald15_24	52	4270
2015	07	ald15_24	53	1970
2015	07	ald15_24	54	152
2015	07	ald15_24	61	142
2015	07	ald15_24	71	557
2015	07	ald15_24	72	441
2015	07	ald15_24	73	23
2015	07	ald15_24	74	422
2015	07	ald15_24	75	71
2015	07	ald15_24	81	397
2015	07	ald15_24	82	45
2015	07	ald15_24	83	246
2015	07	ald15_24	91	403
2015	07	ald15_24	92	55
2015	07	ald15_24	93	439
2015	07	ald15_24	94	295
2015	07	ald15_24	96	189
2015	07	ald25_54	00	291
2015	07	ald25_54	01	245
2015	07	ald25_54	02	8
2015	07	ald25_54	03	25
2015	07	ald25_54	11	1251
2015	07	ald25_54	12	1669
2015	07	ald25_54	13	2509
2015	07	ald25_54	14	1349
2015	07	ald25_54	21	1612
2015	07	ald25_54	22	4249
2015	07	ald25_54	23	5348
2015	07	ald25_54	24	3141
2015	07	ald25_54	25	1224
2015	07	ald25_54	26	1256
2015	07	ald25_54	31	3996
2015	07	ald25_54	32	1290
2015	07	ald25_54	33	5126
2015	07	ald25_54	34	922
2015	07	ald25_54	35	670
2015	07	ald25_54	41	1661
2015	07	ald25_54	42	826
2015	07	ald25_54	43	2313
2015	07	ald25_54	44	168
2015	07	ald25_54	51	2147
2015	07	ald25_54	52	4129
2015	07	ald25_54	53	7662
2015	07	ald25_54	54	680
2015	07	ald25_54	61	371
2015	07	ald25_54	62	19
2015	07	ald25_54	71	2863
2015	07	ald25_54	72	1740
2015	07	ald25_54	73	189
2015	07	ald25_54	74	1050
2015	07	ald25_54	75	348
2015	07	ald25_54	81	2359
2015	07	ald25_54	82	399
2015	07	ald25_54	83	2108
2015	07	ald25_54	91	1822
2015	07	ald25_54	92	81
2015	07	ald25_54	93	1043
2015	07	ald25_54	94	357
2015	07	ald25_54	95	4
2015	07	ald25_54	96	386
2015	07	ald55_66	00	118
2015	07	ald55_66	01	33
2015	07	ald55_66	03	8
2015	07	ald55_66	11	583
2015	07	ald55_66	12	662
2015	07	ald55_66	13	1157
2015	07	ald55_66	14	317
2015	07	ald55_66	21	485
2015	07	ald55_66	22	1196
2015	07	ald55_66	23	1611
2015	07	ald55_66	24	1164
2015	07	ald55_66	25	208
2015	07	ald55_66	26	392
2015	07	ald55_66	31	1204
2015	07	ald55_66	32	409
2015	07	ald55_66	33	1437
2015	07	ald55_66	34	173
2015	07	ald55_66	35	111
2015	07	ald55_66	41	799
2015	07	ald55_66	42	207
2015	07	ald55_66	43	710
2015	07	ald55_66	44	91
2015	07	ald55_66	51	506
2015	07	ald55_66	52	966
2015	07	ald55_66	53	2813
2015	07	ald55_66	54	118
2015	07	ald55_66	61	86
2015	07	ald55_66	71	515
2015	07	ald55_66	72	444
2015	07	ald55_66	73	67
2015	07	ald55_66	74	295
2015	07	ald55_66	75	52
2015	07	ald55_66	81	596
2015	07	ald55_66	82	101
2015	07	ald55_66	83	735
2015	07	ald55_66	91	554
2015	07	ald55_66	92	23
2015	07	ald55_66	93	159
2015	07	ald55_66	94	101
2015	07	ald55_66	96	61
2015	07	ald67_74	00	76
2015	07	ald67_74	03	5
2015	07	ald67_74	11	74
2015	07	ald67_74	12	50
2015	07	ald67_74	13	59
2015	07	ald67_74	14	32
2015	07	ald67_74	21	50
2015	07	ald67_74	22	100
2015	07	ald67_74	23	105
2015	07	ald67_74	24	69
2015	07	ald67_74	25	6
2015	07	ald67_74	26	38
2015	07	ald67_74	31	83
2015	07	ald67_74	32	20
2015	07	ald67_74	33	112
2015	07	ald67_74	34	15
2015	07	ald67_74	35	7
2015	07	ald67_74	41	98
2015	07	ald67_74	42	12
2015	07	ald67_74	43	71
2015	07	ald67_74	44	7
2015	07	ald67_74	51	111
2015	07	ald67_74	52	148
2015	07	ald67_74	53	312
2015	07	ald67_74	54	17
2015	07	ald67_74	61	24
2015	07	ald67_74	71	40
2015	07	ald67_74	72	51
2015	07	ald67_74	73	7
2015	07	ald67_74	74	19
2015	07	ald67_74	75	5
2015	07	ald67_74	81	40
2015	07	ald67_74	82	5
2015	07	ald67_74	83	158
2015	07	ald67_74	91	56
2015	07	ald67_74	92	4
2015	07	ald67_74	93	19
2015	07	ald67_74	94	14
2015	07	ald67_74	96	36
2015	08	ald15_24	00	56
2015	08	ald15_24	01	13
2015	08	ald15_24	02	22
2015	08	ald15_24	03	268
2015	08	ald15_24	11	13
2015	08	ald15_24	12	4
2015	08	ald15_24	13	5
2015	08	ald15_24	14	36
2015	08	ald15_24	21	19
2015	08	ald15_24	22	157
2015	08	ald15_24	23	261
2015	08	ald15_24	24	34
2015	08	ald15_24	25	18
2015	08	ald15_24	26	35
2015	08	ald15_24	31	92
2015	08	ald15_24	32	58
2015	08	ald15_24	33	163
2015	08	ald15_24	34	118
2015	08	ald15_24	35	72
2015	08	ald15_24	41	113
2015	08	ald15_24	42	137
2015	08	ald15_24	43	118
2015	08	ald15_24	44	41
2015	08	ald15_24	51	558
2015	08	ald15_24	52	2832
2015	08	ald15_24	53	1359
2015	08	ald15_24	54	97
2015	08	ald15_24	61	79
2015	08	ald15_24	62	4
2015	08	ald15_24	71	450
2015	08	ald15_24	72	434
2015	08	ald15_24	73	9
2015	08	ald15_24	74	442
2015	08	ald15_24	75	41
2015	08	ald15_24	81	420
2015	08	ald15_24	82	43
2015	08	ald15_24	83	274
2015	08	ald15_24	91	225
2015	08	ald15_24	92	16
2015	08	ald15_24	93	316
2015	08	ald15_24	94	235
2015	08	ald15_24	96	139
2015	08	ald25_54	00	202
2015	08	ald25_54	01	35
2015	08	ald25_54	03	11
2015	08	ald25_54	11	737
2015	08	ald25_54	12	759
2015	08	ald25_54	13	1635
2015	08	ald25_54	14	926
2015	08	ald25_54	21	1083
2015	08	ald25_54	22	3217
2015	08	ald25_54	23	3994
2015	08	ald25_54	24	1558
2015	08	ald25_54	25	506
2015	08	ald25_54	26	774
2015	08	ald25_54	31	2644
2015	08	ald25_54	32	711
2015	08	ald25_54	33	2891
2015	08	ald25_54	34	670
2015	08	ald25_54	35	345
2015	08	ald25_54	41	1082
2015	08	ald25_54	42	410
2015	08	ald25_54	43	948
2015	08	ald25_54	44	149
2015	08	ald25_54	51	1375
2015	08	ald25_54	52	3266
2015	08	ald25_54	53	5697
2015	08	ald25_54	54	421
2015	08	ald25_54	61	154
2015	08	ald25_54	62	33
2015	08	ald25_54	71	2189
2015	08	ald25_54	72	1529
2015	08	ald25_54	73	145
2015	08	ald25_54	74	1002
2015	08	ald25_54	75	187
2015	08	ald25_54	81	2303
2015	08	ald25_54	82	301
2015	08	ald25_54	83	1919
2015	08	ald25_54	91	1221
2015	08	ald25_54	92	50
2015	08	ald25_54	93	525
2015	08	ald25_54	94	257
2015	08	ald25_54	96	254
2015	08	ald55_66	00	60
2015	08	ald55_66	01	5
2015	08	ald55_66	11	380
2015	08	ald55_66	12	321
2015	08	ald55_66	13	846
2015	08	ald55_66	14	229
2015	08	ald55_66	21	404
2015	08	ald55_66	22	783
2015	08	ald55_66	23	1172
2015	08	ald55_66	24	740
2015	08	ald55_66	25	99
2015	08	ald55_66	26	258
2015	08	ald55_66	31	867
2015	08	ald55_66	32	228
2015	08	ald55_66	33	1036
2015	08	ald55_66	34	132
2015	08	ald55_66	35	50
2015	08	ald55_66	41	519
2015	08	ald55_66	42	116
2015	08	ald55_66	43	400
2015	08	ald55_66	44	120
2015	08	ald55_66	51	362
2015	08	ald55_66	52	737
2015	08	ald55_66	53	2232
2015	08	ald55_66	54	83
2015	08	ald55_66	61	32
2015	08	ald55_66	62	9
2015	08	ald55_66	71	323
2015	08	ald55_66	72	369
2015	08	ald55_66	73	40
2015	08	ald55_66	74	259
2015	08	ald55_66	75	35
2015	08	ald55_66	81	638
2015	08	ald55_66	82	97
2015	08	ald55_66	83	672
2015	08	ald55_66	91	469
2015	08	ald55_66	92	7
2015	08	ald55_66	93	92
2015	08	ald55_66	94	99
2015	08	ald55_66	96	56
2015	08	ald67_74	00	26
2015	08	ald67_74	11	75
2015	08	ald67_74	12	33
2015	08	ald67_74	13	42
2015	08	ald67_74	14	23
2015	08	ald67_74	21	25
2015	08	ald67_74	22	72
2015	08	ald67_74	23	59
2015	08	ald67_74	24	54
2015	08	ald67_74	26	26
2015	08	ald67_74	31	63
2015	08	ald67_74	32	12
2015	08	ald67_74	33	68
2015	08	ald67_74	34	15
2015	08	ald67_74	35	7
2015	08	ald67_74	41	71
2015	08	ald67_74	42	8
2015	08	ald67_74	43	31
2015	08	ald67_74	51	62
2015	08	ald67_74	52	89
2015	08	ald67_74	53	312
2015	08	ald67_74	61	20
2015	08	ald67_74	71	30
2015	08	ald67_74	72	27
2015	08	ald67_74	73	7
2015	08	ald67_74	74	14
2015	08	ald67_74	81	22
2015	08	ald67_74	82	5
2015	08	ald67_74	83	160
2015	08	ald67_74	91	48
2015	08	ald67_74	93	28
2015	08	ald67_74	94	10
2015	08	ald67_74	96	15
2015	09	ald15_24	00	23
2015	09	ald15_24	01	6
2015	09	ald15_24	02	4
2015	09	ald15_24	03	222
2015	09	ald15_24	11	11
2015	09	ald15_24	12	5
2015	09	ald15_24	14	25
2015	09	ald15_24	21	7
2015	09	ald15_24	22	101
2015	09	ald15_24	23	154
2015	09	ald15_24	24	15
2015	09	ald15_24	25	17
2015	09	ald15_24	26	29
2015	09	ald15_24	31	34
2015	09	ald15_24	32	37
2015	09	ald15_24	33	95
2015	09	ald15_24	34	88
2015	09	ald15_24	35	50
2015	09	ald15_24	41	73
2015	09	ald15_24	42	93
2015	09	ald15_24	43	117
2015	09	ald15_24	44	24
2015	09	ald15_24	51	401
2015	09	ald15_24	52	2033
2015	09	ald15_24	53	1024
2015	09	ald15_24	54	59
2015	09	ald15_24	61	75
2015	09	ald15_24	62	7
2015	09	ald15_24	71	389
2015	09	ald15_24	72	301
2015	09	ald15_24	73	9
2015	09	ald15_24	74	236
2015	09	ald15_24	75	27
2015	09	ald15_24	81	185
2015	09	ald15_24	82	6
2015	09	ald15_24	83	153
2015	09	ald15_24	91	166
2015	09	ald15_24	92	22
2015	09	ald15_24	93	164
2015	09	ald15_24	94	209
2015	09	ald15_24	96	64
2015	09	ald25_54	00	110
2015	09	ald25_54	01	49
2015	09	ald25_54	03	8
2015	09	ald25_54	11	550
2015	09	ald25_54	12	529
2015	09	ald25_54	13	1041
2015	09	ald25_54	14	577
2015	09	ald25_54	21	704
2015	09	ald25_54	22	2216
2015	09	ald25_54	23	2726
2015	09	ald25_54	24	1254
2015	09	ald25_54	25	491
2015	09	ald25_54	26	547
2015	09	ald25_54	31	2094
2015	09	ald25_54	32	486
2015	09	ald25_54	33	1804
2015	09	ald25_54	34	453
2015	09	ald25_54	35	256
2015	09	ald25_54	41	932
2015	09	ald25_54	42	296
2015	09	ald25_54	43	739
2015	09	ald25_54	44	96
2015	09	ald25_54	51	823
2015	09	ald25_54	52	2065
2015	09	ald25_54	53	3673
2015	09	ald25_54	54	212
2015	09	ald25_54	61	141
2015	09	ald25_54	62	19
2015	09	ald25_54	71	1583
2015	09	ald25_54	72	905
2015	09	ald25_54	73	84
2015	09	ald25_54	74	606
2015	09	ald25_54	75	161
2015	09	ald25_54	81	1211
2015	09	ald25_54	82	184
2015	09	ald25_54	83	1115
2015	09	ald25_54	91	803
2015	09	ald25_54	92	36
2015	09	ald25_54	93	315
2015	09	ald25_54	94	142
2015	09	ald25_54	96	187
2015	09	ald55_66	00	42
2015	09	ald55_66	01	7
2015	09	ald55_66	11	223
2015	09	ald55_66	12	258
2015	09	ald55_66	13	454
2015	09	ald55_66	14	153
2015	09	ald55_66	21	193
2015	09	ald55_66	22	565
2015	09	ald55_66	23	786
2015	09	ald55_66	24	457
2015	09	ald55_66	25	57
2015	09	ald55_66	26	160
2015	09	ald55_66	31	573
2015	09	ald55_66	32	154
2015	09	ald55_66	33	575
2015	09	ald55_66	34	99
2015	09	ald55_66	35	49
2015	09	ald55_66	41	387
2015	09	ald55_66	42	67
2015	09	ald55_66	43	214
2015	09	ald55_66	44	67
2015	09	ald55_66	51	235
2015	09	ald55_66	52	456
2015	09	ald55_66	53	1380
2015	09	ald55_66	54	38
2015	09	ald55_66	61	23
2015	09	ald55_66	62	8
2015	09	ald55_66	71	229
2015	09	ald55_66	72	156
2015	09	ald55_66	73	25
2015	09	ald55_66	74	160
2015	09	ald55_66	75	17
2015	09	ald55_66	81	306
2015	09	ald55_66	82	128
2015	09	ald55_66	83	428
2015	09	ald55_66	91	263
2015	09	ald55_66	92	13
2015	09	ald55_66	93	70
2015	09	ald55_66	94	53
2015	09	ald55_66	96	49
2015	09	ald67_74	00	33
2015	09	ald67_74	11	34
2015	09	ald67_74	12	7
2015	09	ald67_74	13	27
2015	09	ald67_74	14	13
2015	09	ald67_74	21	29
2015	09	ald67_74	22	43
2015	09	ald67_74	23	57
2015	09	ald67_74	24	27
2015	09	ald67_74	26	28
2015	09	ald67_74	31	40
2015	09	ald67_74	32	7
2015	09	ald67_74	33	41
2015	09	ald67_74	34	8
2015	09	ald67_74	41	45
2015	09	ald67_74	42	8
2015	09	ald67_74	43	16
2015	09	ald67_74	51	37
2015	09	ald67_74	52	46
2015	09	ald67_74	53	146
2015	09	ald67_74	61	12
2015	09	ald67_74	71	20
2015	09	ald67_74	72	27
2015	09	ald67_74	74	11
2015	09	ald67_74	81	17
2015	09	ald67_74	82	6
2015	09	ald67_74	83	109
2015	09	ald67_74	91	37
2015	09	ald67_74	93	5
2015	09	ald67_74	94	10
2015	09	ald67_74	96	13
2015	10	ald15_24	00	49
2015	10	ald15_24	01	15
2015	10	ald15_24	02	24
2015	10	ald15_24	03	310
2015	10	ald15_24	11	17
2015	10	ald15_24	12	7
2015	10	ald15_24	13	6
2015	10	ald15_24	14	50
2015	10	ald15_24	21	21
2015	10	ald15_24	22	191
2015	10	ald15_24	23	269
2015	10	ald15_24	24	58
2015	10	ald15_24	25	18
2015	10	ald15_24	26	65
2015	10	ald15_24	31	88
2015	10	ald15_24	32	80
2015	10	ald15_24	33	207
2015	10	ald15_24	34	184
2015	10	ald15_24	35	91
2015	10	ald15_24	41	176
2015	10	ald15_24	42	150
2015	10	ald15_24	43	232
2015	10	ald15_24	44	59
2015	10	ald15_24	51	842
2015	10	ald15_24	52	3410
2015	10	ald15_24	53	1529
2015	10	ald15_24	54	138
2015	10	ald15_24	61	159
2015	10	ald15_24	62	23
2015	10	ald15_24	71	780
2015	10	ald15_24	72	489
2015	10	ald15_24	73	25
2015	10	ald15_24	74	503
2015	10	ald15_24	75	63
2015	10	ald15_24	81	424
2015	10	ald15_24	82	8
2015	10	ald15_24	83	257
2015	10	ald15_24	91	391
2015	10	ald15_24	92	34
2015	10	ald15_24	93	324
2015	10	ald15_24	94	260
2015	10	ald15_24	96	97
2015	10	ald25_54	00	191
2015	10	ald25_54	01	152
2015	10	ald25_54	02	4
2015	10	ald25_54	03	22
2015	10	ald25_54	11	874
2015	10	ald25_54	12	991
2015	10	ald25_54	13	1973
2015	10	ald25_54	14	1005
2015	10	ald25_54	21	1164
2015	10	ald25_54	22	3297
2015	10	ald25_54	23	4579
2015	10	ald25_54	24	1863
2015	10	ald25_54	25	611
2015	10	ald25_54	26	1098
2015	10	ald25_54	31	3732
2015	10	ald25_54	32	811
2015	10	ald25_54	33	3437
2015	10	ald25_54	34	986
2015	10	ald25_54	35	444
2015	10	ald25_54	41	1399
2015	10	ald25_54	42	549
2015	10	ald25_54	43	1502
2015	10	ald25_54	44	151
2015	10	ald25_54	51	1537
2015	10	ald25_54	52	3441
2015	10	ald25_54	53	5834
2015	10	ald25_54	54	339
2015	10	ald25_54	61	133
2015	10	ald25_54	62	67
2015	10	ald25_54	71	2331
2015	10	ald25_54	72	1578
2015	10	ald25_54	73	85
2015	10	ald25_54	74	939
2015	10	ald25_54	75	238
2015	10	ald25_54	81	2222
2015	10	ald25_54	82	60
2015	10	ald25_54	83	1746
2015	10	ald25_54	91	1373
2015	10	ald25_54	92	32
2015	10	ald25_54	93	566
2015	10	ald25_54	94	301
2015	10	ald25_54	95	6
2015	10	ald25_54	96	187
2015	10	ald55_66	00	66
2015	10	ald55_66	01	24
2015	10	ald55_66	11	320
2015	10	ald55_66	12	389
2015	10	ald55_66	13	843
2015	10	ald55_66	14	202
2015	10	ald55_66	21	275
2015	10	ald55_66	22	791
2015	10	ald55_66	23	1169
2015	10	ald55_66	24	592
2015	10	ald55_66	25	74
2015	10	ald55_66	26	302
2015	10	ald55_66	31	864
2015	10	ald55_66	32	178
2015	10	ald55_66	33	1069
2015	10	ald55_66	34	209
2015	10	ald55_66	35	42
2015	10	ald55_66	41	573
2015	10	ald55_66	42	135
2015	10	ald55_66	43	417
2015	10	ald55_66	44	87
2015	10	ald55_66	51	385
2015	10	ald55_66	52	657
2015	10	ald55_66	53	2011
2015	10	ald55_66	54	65
2015	10	ald55_66	61	28
2015	10	ald55_66	62	9
2015	10	ald55_66	71	332
2015	10	ald55_66	72	371
2015	10	ald55_66	73	23
2015	10	ald55_66	74	215
2015	10	ald55_66	75	43
2015	10	ald55_66	81	582
2015	10	ald55_66	82	13
2015	10	ald55_66	83	534
2015	10	ald55_66	91	441
2015	10	ald55_66	92	10
2015	10	ald55_66	93	98
2015	10	ald55_66	94	94
2015	10	ald55_66	96	55
2015	10	ald67_74	00	53
2015	10	ald67_74	11	54
2015	10	ald67_74	12	29
2015	10	ald67_74	13	33
2015	10	ald67_74	14	21
2015	10	ald67_74	21	34
2015	10	ald67_74	22	73
2015	10	ald67_74	23	99
2015	10	ald67_74	24	37
2015	10	ald67_74	25	4
2015	10	ald67_74	26	32
2015	10	ald67_74	31	75
2015	10	ald67_74	32	8
2015	10	ald67_74	33	67
2015	10	ald67_74	34	19
2015	10	ald67_74	41	63
2015	10	ald67_74	42	9
2015	10	ald67_74	43	48
2015	10	ald67_74	44	4
2015	10	ald67_74	51	74
2015	10	ald67_74	52	83
2015	10	ald67_74	53	218
2015	10	ald67_74	54	8
2015	10	ald67_74	61	14
2015	10	ald67_74	71	24
2015	10	ald67_74	72	28
2015	10	ald67_74	73	9
2015	10	ald67_74	74	13
2015	10	ald67_74	75	5
2015	10	ald67_74	81	25
2015	10	ald67_74	83	121
2015	10	ald67_74	91	45
2015	10	ald67_74	93	17
2015	10	ald67_74	94	11
2015	10	ald67_74	96	34
2015	11	ald15_24	00	109
2015	11	ald15_24	01	36
2015	11	ald15_24	02	34
2015	11	ald15_24	03	606
2015	11	ald15_24	11	33
2015	11	ald15_24	12	17
2015	11	ald15_24	13	21
2015	11	ald15_24	14	134
2015	11	ald15_24	21	67
2015	11	ald15_24	22	429
2015	11	ald15_24	23	683
2015	11	ald15_24	24	161
2015	11	ald15_24	25	94
2015	11	ald15_24	26	145
2015	11	ald15_24	31	457
2015	11	ald15_24	32	143
2015	11	ald15_24	33	560
2015	11	ald15_24	34	537
2015	11	ald15_24	35	127
2015	11	ald15_24	41	502
2015	11	ald15_24	42	514
2015	11	ald15_24	43	824
2015	11	ald15_24	44	176
2015	11	ald15_24	51	2105
2015	11	ald15_24	52	7714
2015	11	ald15_24	53	4560
2015	11	ald15_24	54	494
2015	11	ald15_24	61	1082
2015	11	ald15_24	62	112
2015	11	ald15_24	71	1615
2015	11	ald15_24	72	1611
2015	11	ald15_24	73	44
2015	11	ald15_24	74	1450
2015	11	ald15_24	75	163
2015	11	ald15_24	81	1142
2015	11	ald15_24	82	44
2015	11	ald15_24	83	851
2015	11	ald15_24	91	761
2015	11	ald15_24	92	70
2015	11	ald15_24	93	664
2015	11	ald15_24	94	525
2015	11	ald15_24	96	254
2015	11	ald25_54	00	639
2015	11	ald25_54	01	239
2015	11	ald25_54	02	4
2015	11	ald25_54	03	32
2015	11	ald25_54	11	2315
2015	11	ald25_54	12	2821
2015	11	ald25_54	13	6409
2015	11	ald25_54	14	2275
2015	11	ald25_54	21	7948
2015	11	ald25_54	22	8228
2015	11	ald25_54	23	11140
2015	11	ald25_54	24	6927
2015	11	ald25_54	25	3229
2015	11	ald25_54	26	2643
2015	11	ald25_54	31	12982
2015	11	ald25_54	32	2109
2015	11	ald25_54	33	9274
2015	11	ald25_54	34	1833
2015	11	ald25_54	35	1146
2015	11	ald25_54	41	3676
2015	11	ald25_54	42	1408
2015	11	ald25_54	43	4566
2015	11	ald25_54	44	360
2015	11	ald25_54	51	4223
2015	11	ald25_54	52	7403
2015	11	ald25_54	53	14044
2015	11	ald25_54	54	1102
2015	11	ald25_54	61	1064
2015	11	ald25_54	62	250
2015	11	ald25_54	71	6516
2015	11	ald25_54	72	5302
2015	11	ald25_54	73	348
2015	11	ald25_54	74	2394
2015	11	ald25_54	75	749
2015	11	ald25_54	81	5805
2015	11	ald25_54	82	345
2015	11	ald25_54	83	4652
2015	11	ald25_54	91	4095
2015	11	ald25_54	92	104
2015	11	ald25_54	93	2081
2015	11	ald25_54	94	840
2015	11	ald25_54	95	16
2015	11	ald25_54	96	565
2015	11	ald55_66	00	158
2015	11	ald55_66	01	27
2015	11	ald55_66	03	7
2015	11	ald55_66	11	974
2015	11	ald55_66	12	1023
2015	11	ald55_66	13	2346
2015	11	ald55_66	14	478
2015	11	ald55_66	21	1826
2015	11	ald55_66	22	1696
2015	11	ald55_66	23	2911
2015	11	ald55_66	24	1991
2015	11	ald55_66	25	375
2015	11	ald55_66	26	608
2015	11	ald55_66	31	2535
2015	11	ald55_66	32	531
2015	11	ald55_66	33	2376
2015	11	ald55_66	34	342
2015	11	ald55_66	35	147
2015	11	ald55_66	41	1262
2015	11	ald55_66	42	267
2015	11	ald55_66	43	1173
2015	11	ald55_66	44	172
2015	11	ald55_66	51	788
2015	11	ald55_66	52	1682
2015	11	ald55_66	53	4349
2015	11	ald55_66	54	175
2015	11	ald55_66	61	244
2015	11	ald55_66	62	32
2015	11	ald55_66	71	936
2015	11	ald55_66	72	932
2015	11	ald55_66	73	91
2015	11	ald55_66	74	404
2015	11	ald55_66	75	126
2015	11	ald55_66	81	1235
2015	11	ald55_66	82	63
2015	11	ald55_66	83	1318
2015	11	ald55_66	91	954
2015	11	ald55_66	92	18
2015	11	ald55_66	93	335
2015	11	ald55_66	94	213
2015	11	ald55_66	96	133
2015	11	ald67_74	00	89
2015	11	ald67_74	03	8
2015	11	ald67_74	11	122
2015	11	ald67_74	12	61
2015	11	ald67_74	13	89
2015	11	ald67_74	14	39
2015	11	ald67_74	21	104
2015	11	ald67_74	22	159
2015	11	ald67_74	23	168
2015	11	ald67_74	24	102
2015	11	ald67_74	25	5
2015	11	ald67_74	26	49
2015	11	ald67_74	31	157
2015	11	ald67_74	32	26
2015	11	ald67_74	33	145
2015	11	ald67_74	34	49
2015	11	ald67_74	35	11
2015	11	ald67_74	41	132
2015	11	ald67_74	42	24
2015	11	ald67_74	43	86
2015	11	ald67_74	44	11
2015	11	ald67_74	51	165
2015	11	ald67_74	52	197
2015	11	ald67_74	53	577
2015	11	ald67_74	54	14
2015	11	ald67_74	61	129
2015	11	ald67_74	71	60
2015	11	ald67_74	72	58
2015	11	ald67_74	73	11
2015	11	ald67_74	74	20
2015	11	ald67_74	75	12
2015	11	ald67_74	81	52
2015	11	ald67_74	82	5
2015	11	ald67_74	83	246
2015	11	ald67_74	91	68
2015	11	ald67_74	92	8
2015	11	ald67_74	93	33
2015	11	ald67_74	94	41
2015	11	ald67_74	96	23
2015	12	ald15_24	00	182
2015	12	ald15_24	01	154
2015	12	ald15_24	02	79
2015	12	ald15_24	03	1001
2015	12	ald15_24	11	53
2015	12	ald15_24	12	15
2015	12	ald15_24	13	21
2015	12	ald15_24	14	161
2015	12	ald15_24	21	69
2015	12	ald15_24	22	521
2015	12	ald15_24	23	696
2015	12	ald15_24	24	167
2015	12	ald15_24	25	78
2015	12	ald15_24	26	100
2015	12	ald15_24	31	403
2015	12	ald15_24	32	136
2015	12	ald15_24	33	834
2015	12	ald15_24	34	450
2015	12	ald15_24	35	164
2015	12	ald15_24	41	500
2015	12	ald15_24	42	549
2015	12	ald15_24	43	738
2015	12	ald15_24	44	131
2015	12	ald15_24	51	2083
2015	12	ald15_24	52	8859
2015	12	ald15_24	53	5051
2015	12	ald15_24	54	505
2015	12	ald15_24	61	339
2015	12	ald15_24	62	254
2015	12	ald15_24	71	1740
2015	12	ald15_24	72	1557
2015	12	ald15_24	73	23
2015	12	ald15_24	74	1623
2015	12	ald15_24	75	121
2015	12	ald15_24	81	865
2015	12	ald15_24	82	52
2015	12	ald15_24	83	880
2015	12	ald15_24	91	1090
2015	12	ald15_24	92	43
2015	12	ald15_24	93	899
2015	12	ald15_24	94	507
2015	12	ald15_24	96	229
2015	12	ald25_54	00	617
2015	12	ald25_54	01	1413
2015	12	ald25_54	02	29
2015	12	ald25_54	03	87
2015	12	ald25_54	11	2378
2015	12	ald25_54	12	2831
2015	12	ald25_54	13	6444
2015	12	ald25_54	14	2725
2015	12	ald25_54	21	6537
2015	12	ald25_54	22	10513
2015	12	ald25_54	23	13550
2015	12	ald25_54	24	8520
2015	12	ald25_54	25	2659
2015	12	ald25_54	26	3320
2015	12	ald25_54	31	11619
2015	12	ald25_54	32	2590
2015	12	ald25_54	33	10884
2015	12	ald25_54	34	1877
2015	12	ald25_54	35	1401
2015	12	ald25_54	41	3801
2015	12	ald25_54	42	1584
2015	12	ald25_54	43	4329
2015	12	ald25_54	44	302
2015	12	ald25_54	51	5350
2015	12	ald25_54	52	7801
2015	12	ald25_54	53	15414
2015	12	ald25_54	54	1265
2015	12	ald25_54	61	442
2015	12	ald25_54	62	625
2015	12	ald25_54	71	7526
2015	12	ald25_54	72	4916
2015	12	ald25_54	73	259
2015	12	ald25_54	74	2971
2015	12	ald25_54	75	562
2015	12	ald25_54	81	5137
2015	12	ald25_54	82	413
2015	12	ald25_54	83	5424
2015	12	ald25_54	91	4440
2015	12	ald25_54	92	138
2015	12	ald25_54	93	2144
2015	12	ald25_54	94	788
2015	12	ald25_54	95	6
2015	12	ald25_54	96	581
2015	12	ald55_66	00	230
2015	12	ald55_66	01	81
2015	12	ald55_66	03	7
2015	12	ald55_66	11	1048
2015	12	ald55_66	12	1076
2015	12	ald55_66	13	2602
2015	12	ald55_66	14	573
2015	12	ald55_66	21	1560
2015	12	ald55_66	22	2324
2015	12	ald55_66	23	3814
2015	12	ald55_66	24	2682
2015	12	ald55_66	25	452
2015	12	ald55_66	26	747
2015	12	ald55_66	31	2563
2015	12	ald55_66	32	772
2015	12	ald55_66	33	2763
2015	12	ald55_66	34	321
2015	12	ald55_66	35	233
2015	12	ald55_66	41	1354
2015	12	ald55_66	42	318
2015	12	ald55_66	43	1236
2015	12	ald55_66	44	218
2015	12	ald55_66	51	1180
2015	12	ald55_66	52	1480
2015	12	ald55_66	53	5368
2015	12	ald55_66	54	185
2015	12	ald55_66	61	101
2015	12	ald55_66	62	106
2015	12	ald55_66	71	1059
2015	12	ald55_66	72	1096
2015	12	ald55_66	73	117
2015	12	ald55_66	74	640
2015	12	ald55_66	75	109
2015	12	ald55_66	81	1106
2015	12	ald55_66	82	87
2015	12	ald55_66	83	1664
2015	12	ald55_66	91	1040
2015	12	ald55_66	92	31
2015	12	ald55_66	93	352
2015	12	ald55_66	94	186
2015	12	ald55_66	96	127
2015	12	ald67_74	00	110
2015	12	ald67_74	03	4
2015	12	ald67_74	11	161
2015	12	ald67_74	12	98
2015	12	ald67_74	13	121
2015	12	ald67_74	14	60
2015	12	ald67_74	21	110
2015	12	ald67_74	22	215
2015	12	ald67_74	23	269
2015	12	ald67_74	24	210
2015	12	ald67_74	25	14
2015	12	ald67_74	26	76
2015	12	ald67_74	31	167
2015	12	ald67_74	32	39
2015	12	ald67_74	33	183
2015	12	ald67_74	34	30
2015	12	ald67_74	35	15
2015	12	ald67_74	41	173
2015	12	ald67_74	42	34
2015	12	ald67_74	43	113
2015	12	ald67_74	44	15
2015	12	ald67_74	51	197
2015	12	ald67_74	52	234
2015	12	ald67_74	53	751
2015	12	ald67_74	54	26
2015	12	ald67_74	61	42
2015	12	ald67_74	62	10
2015	12	ald67_74	71	76
2015	12	ald67_74	72	53
2015	12	ald67_74	73	8
2015	12	ald67_74	74	36
2015	12	ald67_74	75	13
2015	12	ald67_74	81	44
2015	12	ald67_74	83	273
2015	12	ald67_74	91	116
2015	12	ald67_74	92	6
2015	12	ald67_74	93	50
2015	12	ald67_74	94	39
2015	12	ald67_74	96	40
2015	14	ald15_24	00	76
2015	14	ald15_24	01	9
2015	14	ald15_24	02	8
2015	14	ald15_24	03	206
2015	14	ald15_24	11	8
2015	14	ald15_24	14	18
2015	14	ald15_24	21	10
2015	14	ald15_24	22	142
2015	14	ald15_24	23	165
2015	14	ald15_24	24	23
2015	14	ald15_24	25	18
2015	14	ald15_24	26	23
2015	14	ald15_24	31	74
2015	14	ald15_24	32	48
2015	14	ald15_24	33	110
2015	14	ald15_24	34	75
2015	14	ald15_24	35	45
2015	14	ald15_24	41	99
2015	14	ald15_24	42	136
2015	14	ald15_24	43	94
2015	14	ald15_24	44	33
2015	14	ald15_24	51	361
2015	14	ald15_24	52	1616
2015	14	ald15_24	53	1183
2015	14	ald15_24	54	78
2015	14	ald15_24	61	202
2015	14	ald15_24	62	79
2015	14	ald15_24	71	383
2015	14	ald15_24	72	346
2015	14	ald15_24	73	9
2015	14	ald15_24	74	329
2015	14	ald15_24	75	19
2015	14	ald15_24	81	459
2015	14	ald15_24	83	300
2015	14	ald15_24	91	198
2015	14	ald15_24	92	15
2015	14	ald15_24	93	241
2015	14	ald15_24	94	139
2015	14	ald15_24	96	38
2015	14	ald25_54	00	158
2015	14	ald25_54	01	17
2015	14	ald25_54	03	8
2015	14	ald25_54	11	446
2015	14	ald25_54	12	442
2015	14	ald25_54	13	1175
2015	14	ald25_54	14	613
2015	14	ald25_54	21	589
2015	14	ald25_54	22	2164
2015	14	ald25_54	23	2806
2015	14	ald25_54	24	1221
2015	14	ald25_54	25	261
2015	14	ald25_54	26	500
2015	14	ald25_54	31	1677
2015	14	ald25_54	32	515
2015	14	ald25_54	33	1393
2015	14	ald25_54	34	281
2015	14	ald25_54	35	207
2015	14	ald25_54	41	720
2015	14	ald25_54	42	295
2015	14	ald25_54	43	656
2015	14	ald25_54	44	128
2015	14	ald25_54	51	850
2015	14	ald25_54	52	1586
2015	14	ald25_54	53	3630
2015	14	ald25_54	54	181
2015	14	ald25_54	61	209
2015	14	ald25_54	62	237
2015	14	ald25_54	71	1490
2015	14	ald25_54	72	981
2015	14	ald25_54	73	116
2015	14	ald25_54	74	642
2015	14	ald25_54	75	222
2015	14	ald25_54	81	2287
2015	14	ald25_54	82	19
2015	14	ald25_54	83	1473
2015	14	ald25_54	91	933
2015	14	ald25_54	92	22
2015	14	ald25_54	93	460
2015	14	ald25_54	94	151
2015	14	ald25_54	96	120
2015	14	ald55_66	00	81
2015	14	ald55_66	11	208
2015	14	ald55_66	12	217
2015	14	ald55_66	13	594
2015	14	ald55_66	14	180
2015	14	ald55_66	21	208
2015	14	ald55_66	22	517
2015	14	ald55_66	23	961
2015	14	ald55_66	24	503
2015	14	ald55_66	25	23
2015	14	ald55_66	26	166
2015	14	ald55_66	31	516
2015	14	ald55_66	32	143
2015	14	ald55_66	33	550
2015	14	ald55_66	34	56
2015	14	ald55_66	35	23
2015	14	ald55_66	41	399
2015	14	ald55_66	42	65
2015	14	ald55_66	43	229
2015	14	ald55_66	44	107
2015	14	ald55_66	51	267
2015	14	ald55_66	52	459
2015	14	ald55_66	53	1651
2015	14	ald55_66	54	35
2015	14	ald55_66	61	75
2015	14	ald55_66	62	52
2015	14	ald55_66	71	304
2015	14	ald55_66	72	264
2015	14	ald55_66	73	22
2015	14	ald55_66	74	170
2015	14	ald55_66	75	48
2015	14	ald55_66	81	622
2015	14	ald55_66	82	5
2015	14	ald55_66	83	586
2015	14	ald55_66	91	380
2015	14	ald55_66	92	7
2015	14	ald55_66	93	84
2015	14	ald55_66	94	74
2015	14	ald55_66	96	33
2015	14	ald67_74	00	57
2015	14	ald67_74	11	32
2015	14	ald67_74	12	16
2015	14	ald67_74	13	26
2015	14	ald67_74	14	16
2015	14	ald67_74	21	19
2015	14	ald67_74	22	53
2015	14	ald67_74	23	48
2015	14	ald67_74	24	46
2015	14	ald67_74	26	23
2015	14	ald67_74	31	43
2015	14	ald67_74	32	9
2015	14	ald67_74	33	40
2015	14	ald67_74	34	4
2015	14	ald67_74	35	4
2015	14	ald67_74	41	42
2015	14	ald67_74	42	9
2015	14	ald67_74	43	15
2015	14	ald67_74	44	9
2015	14	ald67_74	51	56
2015	14	ald67_74	52	90
2015	14	ald67_74	53	282
2015	14	ald67_74	54	5
2015	14	ald67_74	61	49
2015	14	ald67_74	62	7
2015	14	ald67_74	71	26
2015	14	ald67_74	72	27
2015	14	ald67_74	73	5
2015	14	ald67_74	74	19
2015	14	ald67_74	75	6
2015	14	ald67_74	81	27
2015	14	ald67_74	83	143
2015	14	ald67_74	91	48
2015	14	ald67_74	93	6
2015	14	ald67_74	94	12
2015	14	ald67_74	96	12
2015	15	ald15_24	00	117
2015	15	ald15_24	01	9
2015	15	ald15_24	02	14
2015	15	ald15_24	03	478
2015	15	ald15_24	11	23
2015	15	ald15_24	12	11
2015	15	ald15_24	13	10
2015	15	ald15_24	14	66
2015	15	ald15_24	21	19
2015	15	ald15_24	22	259
2015	15	ald15_24	23	271
2015	15	ald15_24	24	52
2015	15	ald15_24	25	29
2015	15	ald15_24	26	47
2015	15	ald15_24	31	236
2015	15	ald15_24	32	102
2015	15	ald15_24	33	300
2015	15	ald15_24	34	189
2015	15	ald15_24	35	101
2015	15	ald15_24	41	220
2015	15	ald15_24	42	270
2015	15	ald15_24	43	330
2015	15	ald15_24	44	64
2015	15	ald15_24	51	873
2015	15	ald15_24	52	4249
2015	15	ald15_24	53	2547
2015	15	ald15_24	54	180
2015	15	ald15_24	61	257
2015	15	ald15_24	62	135
2015	15	ald15_24	71	643
2015	15	ald15_24	72	911
2015	15	ald15_24	73	12
2015	15	ald15_24	74	787
2015	15	ald15_24	75	59
2015	15	ald15_24	81	670
2015	15	ald15_24	82	18
2015	15	ald15_24	83	515
2015	15	ald15_24	91	529
2015	15	ald15_24	92	14
2015	15	ald15_24	93	349
2015	15	ald15_24	94	299
2015	15	ald15_24	96	191
2015	15	ald25_54	00	411
2015	15	ald25_54	01	65
2015	15	ald25_54	02	5
2015	15	ald25_54	03	18
2015	15	ald25_54	11	1115
2015	15	ald25_54	12	1469
2015	15	ald25_54	13	3016
2015	15	ald25_54	14	1439
2015	15	ald25_54	21	1586
2015	15	ald25_54	22	5119
2015	15	ald25_54	23	6058
2015	15	ald25_54	24	2616
2015	15	ald25_54	25	794
2015	15	ald25_54	26	1093
2015	15	ald25_54	31	6286
2015	15	ald25_54	32	1265
2015	15	ald25_54	33	4401
2015	15	ald25_54	34	826
2015	15	ald25_54	35	491
2015	15	ald25_54	41	1767
2015	15	ald25_54	42	744
2015	15	ald25_54	43	2305
2015	15	ald25_54	44	198
2015	15	ald25_54	51	2056
2015	15	ald25_54	52	4086
2015	15	ald25_54	53	8198
2015	15	ald25_54	54	552
2015	15	ald25_54	61	273
2015	15	ald25_54	62	430
2015	15	ald25_54	71	3781
2015	15	ald25_54	72	3013
2015	15	ald25_54	73	94
2015	15	ald25_54	74	1600
2015	15	ald25_54	75	527
2015	15	ald25_54	81	4593
2015	15	ald25_54	82	129
2015	15	ald25_54	83	3266
2015	15	ald25_54	91	2059
2015	15	ald25_54	92	30
2015	15	ald25_54	93	943
2015	15	ald25_54	94	393
2015	15	ald25_54	95	12
2015	15	ald25_54	96	396
2015	15	ald55_66	00	151
2015	15	ald55_66	01	4
2015	15	ald55_66	03	5
2015	15	ald55_66	11	615
2015	15	ald55_66	12	598
2015	15	ald55_66	13	1420
2015	15	ald55_66	14	397
2015	15	ald55_66	21	413
2015	15	ald55_66	22	1314
2015	15	ald55_66	23	1872
2015	15	ald55_66	24	953
2015	15	ald55_66	25	101
2015	15	ald55_66	26	302
2015	15	ald55_66	31	1715
2015	15	ald55_66	32	319
2015	15	ald55_66	33	1560
2015	15	ald55_66	34	175
2015	15	ald55_66	35	71
2015	15	ald55_66	41	846
2015	15	ald55_66	42	168
2015	15	ald55_66	43	729
2015	15	ald55_66	44	163
2015	15	ald55_66	51	617
2015	15	ald55_66	52	1160
2015	15	ald55_66	53	3647
2015	15	ald55_66	54	122
2015	15	ald55_66	61	72
2015	15	ald55_66	62	85
2015	15	ald55_66	71	749
2015	15	ald55_66	72	788
2015	15	ald55_66	73	32
2015	15	ald55_66	74	450
2015	15	ald55_66	75	132
2015	15	ald55_66	81	1263
2015	15	ald55_66	82	28
2015	15	ald55_66	83	1170
2015	15	ald55_66	91	709
2015	15	ald55_66	92	10
2015	15	ald55_66	93	200
2015	15	ald55_66	94	151
2015	15	ald55_66	96	86
2015	15	ald67_74	00	85
2015	15	ald67_74	03	6
2015	15	ald67_74	11	100
2015	15	ald67_74	12	43
2015	15	ald67_74	13	108
2015	15	ald67_74	14	30
2015	15	ald67_74	21	51
2015	15	ald67_74	22	116
2015	15	ald67_74	23	125
2015	15	ald67_74	24	76
2015	15	ald67_74	25	6
2015	15	ald67_74	26	42
2015	15	ald67_74	31	150
2015	15	ald67_74	32	21
2015	15	ald67_74	33	90
2015	15	ald67_74	34	14
2015	15	ald67_74	41	107
2015	15	ald67_74	42	15
2015	15	ald67_74	43	72
2015	15	ald67_74	44	13
2015	15	ald67_74	51	117
2015	15	ald67_74	52	142
2015	15	ald67_74	53	519
2015	15	ald67_74	54	12
2015	15	ald67_74	61	48
2015	15	ald67_74	62	9
2015	15	ald67_74	71	46
2015	15	ald67_74	72	65
2015	15	ald67_74	73	8
2015	15	ald67_74	74	26
2015	15	ald67_74	75	18
2015	15	ald67_74	81	82
2015	15	ald67_74	83	225
2015	15	ald67_74	91	102
2015	15	ald67_74	92	4
2015	15	ald67_74	93	37
2015	15	ald67_74	94	25
2015	15	ald67_74	96	32
2015	16	ald15_24	00	118
2015	16	ald15_24	01	83
2015	16	ald15_24	02	84
2015	16	ald15_24	03	708
2015	16	ald15_24	11	27
2015	16	ald15_24	12	7
2015	16	ald15_24	13	9
2015	16	ald15_24	14	81
2015	16	ald15_24	21	57
2015	16	ald15_24	22	366
2015	16	ald15_24	23	702
2015	16	ald15_24	24	115
2015	16	ald15_24	25	81
2015	16	ald15_24	26	78
2015	16	ald15_24	31	194
2015	16	ald15_24	32	151
2015	16	ald15_24	33	864
2015	16	ald15_24	34	281
2015	16	ald15_24	35	107
2015	16	ald15_24	41	399
2015	16	ald15_24	42	476
2015	16	ald15_24	43	489
2015	16	ald15_24	44	208
2015	16	ald15_24	51	1611
2015	16	ald15_24	52	5134
2015	16	ald15_24	53	2655
2015	16	ald15_24	54	224
2015	16	ald15_24	61	292
2015	16	ald15_24	62	170
2015	16	ald15_24	71	1014
2015	16	ald15_24	72	681
2015	16	ald15_24	73	33
2015	16	ald15_24	74	748
2015	16	ald15_24	75	113
2015	16	ald15_24	81	576
2015	16	ald15_24	82	40
2015	16	ald15_24	83	487
2015	16	ald15_24	91	532
2015	16	ald15_24	92	34
2015	16	ald15_24	93	410
2015	16	ald15_24	94	401
2015	16	ald15_24	96	261
2015	16	ald25_54	00	378
2015	16	ald25_54	01	581
2015	16	ald25_54	02	14
2015	16	ald25_54	03	40
2015	16	ald25_54	11	1443
2015	16	ald25_54	12	1782
2015	16	ald25_54	13	3472
2015	16	ald25_54	14	1621
2015	16	ald25_54	21	5079
2015	16	ald25_54	22	6891
2015	16	ald25_54	23	9667
2015	16	ald25_54	24	5609
2015	16	ald25_54	25	2165
2015	16	ald25_54	26	2133
2015	16	ald25_54	31	5347
2015	16	ald25_54	32	1673
2015	16	ald25_54	33	6738
2015	16	ald25_54	34	1211
2015	16	ald25_54	35	1018
2015	16	ald25_54	41	2383
2015	16	ald25_54	42	1062
2015	16	ald25_54	43	2520
2015	16	ald25_54	44	316
2015	16	ald25_54	51	3317
2015	16	ald25_54	52	5422
2015	16	ald25_54	53	8549
2015	16	ald25_54	54	629
2015	16	ald25_54	61	418
2015	16	ald25_54	62	372
2015	16	ald25_54	71	4170
2015	16	ald25_54	72	2109
2015	16	ald25_54	73	210
2015	16	ald25_54	74	1419
2015	16	ald25_54	75	564
2015	16	ald25_54	81	3224
2015	16	ald25_54	82	191
2015	16	ald25_54	83	3450
2015	16	ald25_54	91	2606
2015	16	ald25_54	92	35
2015	16	ald25_54	93	967
2015	16	ald25_54	94	511
2015	16	ald25_54	95	14
2015	16	ald25_54	96	493
2015	16	ald55_66	00	114
2015	16	ald55_66	01	42
2015	16	ald55_66	11	636
2015	16	ald55_66	12	723
2015	16	ald55_66	13	1400
2015	16	ald55_66	14	372
2015	16	ald55_66	21	983
2015	16	ald55_66	22	1455
2015	16	ald55_66	23	2379
2015	16	ald55_66	24	1775
2015	16	ald55_66	25	302
2015	16	ald55_66	26	460
2015	16	ald55_66	31	1423
2015	16	ald55_66	32	363
2015	16	ald55_66	33	1673
2015	16	ald55_66	34	236
2015	16	ald55_66	35	178
2015	16	ald55_66	41	904
2015	16	ald55_66	42	191
2015	16	ald55_66	43	761
2015	16	ald55_66	44	105
2015	16	ald55_66	51	735
2015	16	ald55_66	52	992
2015	16	ald55_66	53	2759
2015	16	ald55_66	54	97
2015	16	ald55_66	61	92
2015	16	ald55_66	62	55
2015	16	ald55_66	71	603
2015	16	ald55_66	72	450
2015	16	ald55_66	73	85
2015	16	ald55_66	74	319
2015	16	ald55_66	75	78
2015	16	ald55_66	81	672
2015	16	ald55_66	82	54
2015	16	ald55_66	83	1130
2015	16	ald55_66	91	796
2015	16	ald55_66	92	10
2015	16	ald55_66	93	214
2015	16	ald55_66	94	121
2015	16	ald55_66	96	140
2015	16	ald67_74	00	80
2015	16	ald67_74	03	4
2015	16	ald67_74	11	122
2015	16	ald67_74	12	57
2015	16	ald67_74	13	81
2015	16	ald67_74	14	40
2015	16	ald67_74	21	121
2015	16	ald67_74	22	112
2015	16	ald67_74	23	186
2015	16	ald67_74	24	123
2015	16	ald67_74	25	11
2015	16	ald67_74	26	52
2015	16	ald67_74	31	123
2015	16	ald67_74	32	15
2015	16	ald67_74	33	116
2015	16	ald67_74	34	15
2015	16	ald67_74	35	8
2015	16	ald67_74	41	74
2015	16	ald67_74	42	16
2015	16	ald67_74	43	51
2015	16	ald67_74	44	13
2015	16	ald67_74	51	138
2015	16	ald67_74	52	111
2015	16	ald67_74	53	299
2015	16	ald67_74	54	7
2015	16	ald67_74	61	48
2015	16	ald67_74	62	6
2015	16	ald67_74	71	47
2015	16	ald67_74	72	26
2015	16	ald67_74	73	8
2015	16	ald67_74	74	13
2015	16	ald67_74	75	12
2015	16	ald67_74	81	37
2015	16	ald67_74	83	175
2015	16	ald67_74	91	67
2015	16	ald67_74	93	27
2015	16	ald67_74	94	19
2015	16	ald67_74	96	40
2015	17	ald15_24	00	110
2015	17	ald15_24	01	13
2015	17	ald15_24	02	23
2015	17	ald15_24	03	361
2015	17	ald15_24	11	9
2015	17	ald15_24	13	4
2015	17	ald15_24	14	34
2015	17	ald15_24	21	15
2015	17	ald15_24	22	145
2015	17	ald15_24	23	208
2015	17	ald15_24	24	17
2015	17	ald15_24	25	11
2015	17	ald15_24	26	34
2015	17	ald15_24	31	57
2015	17	ald15_24	32	80
2015	17	ald15_24	33	174
2015	17	ald15_24	34	65
2015	17	ald15_24	35	36
2015	17	ald15_24	41	107
2015	17	ald15_24	42	152
2015	17	ald15_24	43	125
2015	17	ald15_24	44	21
2015	17	ald15_24	51	512
2015	17	ald15_24	52	2078
2015	17	ald15_24	53	1377
2015	17	ald15_24	54	92
2015	17	ald15_24	61	454
2015	17	ald15_24	62	76
2015	17	ald15_24	71	601
2015	17	ald15_24	72	455
2015	17	ald15_24	73	7
2015	17	ald15_24	74	260
2015	17	ald15_24	75	52
2015	17	ald15_24	81	291
2015	17	ald15_24	82	10
2015	17	ald15_24	83	269
2015	17	ald15_24	91	237
2015	17	ald15_24	92	27
2015	17	ald15_24	93	284
2015	17	ald15_24	94	133
2015	17	ald15_24	96	121
2015	17	ald25_54	00	170
2015	17	ald25_54	01	109
2015	17	ald25_54	03	13
2015	17	ald25_54	11	538
2015	17	ald25_54	12	511
2015	17	ald25_54	13	1318
2015	17	ald25_54	14	674
2015	17	ald25_54	21	683
2015	17	ald25_54	22	3153
2015	17	ald25_54	23	3527
2015	17	ald25_54	24	1331
2015	17	ald25_54	25	272
2015	17	ald25_54	26	562
2015	17	ald25_54	31	1668
2015	17	ald25_54	32	725
2015	17	ald25_54	33	1983
2015	17	ald25_54	34	402
2015	17	ald25_54	35	181
2015	17	ald25_54	41	940
2015	17	ald25_54	42	397
2015	17	ald25_54	43	652
2015	17	ald25_54	44	99
2015	17	ald25_54	51	1178
2015	17	ald25_54	52	2460
2015	17	ald25_54	53	4259
2015	17	ald25_54	54	278
2015	17	ald25_54	61	463
2015	17	ald25_54	62	209
2015	17	ald25_54	71	1926
2015	17	ald25_54	72	1384
2015	17	ald25_54	73	66
2015	17	ald25_54	74	631
2015	17	ald25_54	75	314
2015	17	ald25_54	81	1439
2015	17	ald25_54	82	82
2015	17	ald25_54	83	1712
2015	17	ald25_54	91	934
2015	17	ald25_54	92	34
2015	17	ald25_54	93	503
2015	17	ald25_54	94	215
2015	17	ald25_54	96	207
2015	17	ald55_66	00	105
2015	17	ald55_66	01	8
2015	17	ald55_66	03	7
2015	17	ald55_66	11	279
2015	17	ald55_66	12	265
2015	17	ald55_66	13	644
2015	17	ald55_66	14	174
2015	17	ald55_66	21	227
2015	17	ald55_66	22	756
2015	17	ald55_66	23	985
2015	17	ald55_66	24	522
2015	17	ald55_66	25	38
2015	17	ald55_66	26	161
2015	17	ald55_66	31	573
2015	17	ald55_66	32	187
2015	17	ald55_66	33	658
2015	17	ald55_66	34	85
2015	17	ald55_66	35	36
2015	17	ald55_66	41	433
2015	17	ald55_66	42	93
2015	17	ald55_66	43	258
2015	17	ald55_66	44	122
2015	17	ald55_66	51	371
2015	17	ald55_66	52	651
2015	17	ald55_66	53	1707
2015	17	ald55_66	54	58
2015	17	ald55_66	61	173
2015	17	ald55_66	62	57
2015	17	ald55_66	71	359
2015	17	ald55_66	72	342
2015	17	ald55_66	73	33
2015	17	ald55_66	74	132
2015	17	ald55_66	75	53
2015	17	ald55_66	81	391
2015	17	ald55_66	82	27
2015	17	ald55_66	83	645
2015	17	ald55_66	91	418
2015	17	ald55_66	92	6
2015	17	ald55_66	93	101
2015	17	ald55_66	94	70
2015	17	ald55_66	96	79
2015	17	ald67_74	00	71
2015	17	ald67_74	03	9
2015	17	ald67_74	11	40
2015	17	ald67_74	12	11
2015	17	ald67_74	13	29
2015	17	ald67_74	14	19
2015	17	ald67_74	21	18
2015	17	ald67_74	22	60
2015	17	ald67_74	23	56
2015	17	ald67_74	24	33
2015	17	ald67_74	25	4
2015	17	ald67_74	26	17
2015	17	ald67_74	31	32
2015	17	ald67_74	32	10
2015	17	ald67_74	33	52
2015	17	ald67_74	34	12
2015	17	ald67_74	41	57
2015	17	ald67_74	42	13
2015	17	ald67_74	43	14
2015	17	ald67_74	44	16
2015	17	ald67_74	51	85
2015	17	ald67_74	52	80
2015	17	ald67_74	53	206
2015	17	ald67_74	54	8
2015	17	ald67_74	61	63
2015	17	ald67_74	71	18
2015	17	ald67_74	72	20
2015	17	ald67_74	74	4
2015	17	ald67_74	75	9
2015	17	ald67_74	81	11
2015	17	ald67_74	83	123
2015	17	ald67_74	91	68
2015	17	ald67_74	93	11
2015	17	ald67_74	94	16
2015	17	ald67_74	96	37
2015	18	ald15_24	00	99
2015	18	ald15_24	01	31
2015	18	ald15_24	02	57
2015	18	ald15_24	03	473
2015	18	ald15_24	11	16
2015	18	ald15_24	13	9
2015	18	ald15_24	14	52
2015	18	ald15_24	21	11
2015	18	ald15_24	22	213
2015	18	ald15_24	23	319
2015	18	ald15_24	24	50
2015	18	ald15_24	25	15
2015	18	ald15_24	26	59
2015	18	ald15_24	31	130
2015	18	ald15_24	32	111
2015	18	ald15_24	33	256
2015	18	ald15_24	34	118
2015	18	ald15_24	35	54
2015	18	ald15_24	41	189
2015	18	ald15_24	42	272
2015	18	ald15_24	43	277
2015	18	ald15_24	44	61
2015	18	ald15_24	51	993
2015	18	ald15_24	52	4128
2015	18	ald15_24	53	2526
2015	18	ald15_24	54	177
2015	18	ald15_24	61	244
2015	18	ald15_24	62	219
2015	18	ald15_24	71	699
2015	18	ald15_24	72	666
2015	18	ald15_24	73	11
2015	18	ald15_24	74	710
2015	18	ald15_24	75	59
2015	18	ald15_24	81	658
2015	18	ald15_24	82	5
2015	18	ald15_24	83	488
2015	18	ald15_24	91	443
2015	18	ald15_24	92	23
2015	18	ald15_24	93	485
2015	18	ald15_24	94	259
2015	18	ald15_24	96	134
2015	18	ald25_54	00	423
2015	18	ald25_54	01	702
2015	18	ald25_54	02	12
2015	18	ald25_54	03	36
2015	18	ald25_54	11	1061
2015	18	ald25_54	12	1116
2015	18	ald25_54	13	2561
2015	18	ald25_54	14	1293
2015	18	ald25_54	21	1057
2015	18	ald25_54	22	4945
2015	18	ald25_54	23	5763
2015	18	ald25_54	24	3021
2015	18	ald25_54	25	535
2015	18	ald25_54	26	1418
2015	18	ald25_54	31	3196
2015	18	ald25_54	32	1340
2015	18	ald25_54	33	3549
2015	18	ald25_54	34	725
2015	18	ald25_54	35	386
2015	18	ald25_54	41	1672
2015	18	ald25_54	42	768
2015	18	ald25_54	43	1731
2015	18	ald25_54	44	279
2015	18	ald25_54	51	2008
2015	18	ald25_54	52	4071
2015	18	ald25_54	53	8277
2015	18	ald25_54	54	660
2015	18	ald25_54	61	327
2015	18	ald25_54	62	554
2015	18	ald25_54	71	2575
2015	18	ald25_54	72	2245
2015	18	ald25_54	73	89
2015	18	ald25_54	74	1179
2015	18	ald25_54	75	339
2015	18	ald25_54	81	3044
2015	18	ald25_54	82	87
2015	18	ald25_54	83	2885
2015	18	ald25_54	91	1974
2015	18	ald25_54	92	45
2015	18	ald25_54	93	1178
2015	18	ald25_54	94	349
2015	18	ald25_54	96	422
2015	18	ald55_66	00	196
2015	18	ald55_66	01	82
2015	18	ald55_66	11	518
2015	18	ald55_66	12	546
2015	18	ald55_66	13	1200
2015	18	ald55_66	14	357
2015	18	ald55_66	21	352
2015	18	ald55_66	22	1125
2015	18	ald55_66	23	1870
2015	18	ald55_66	24	1204
2015	18	ald55_66	25	82
2015	18	ald55_66	26	396
2015	18	ald55_66	31	1186
2015	18	ald55_66	32	299
2015	18	ald55_66	33	1193
2015	18	ald55_66	34	217
2015	18	ald55_66	35	71
2015	18	ald55_66	41	782
2015	18	ald55_66	42	134
2015	18	ald55_66	43	512
2015	18	ald55_66	44	210
2015	18	ald55_66	51	597
2015	18	ald55_66	52	876
2015	18	ald55_66	53	3090
2015	18	ald55_66	54	126
2015	18	ald55_66	61	73
2015	18	ald55_66	62	96
2015	18	ald55_66	71	465
2015	18	ald55_66	72	552
2015	18	ald55_66	73	35
2015	18	ald55_66	74	267
2015	18	ald55_66	75	68
2015	18	ald55_66	81	709
2015	18	ald55_66	82	7
2015	18	ald55_66	83	963
2015	18	ald55_66	91	601
2015	18	ald55_66	92	25
2015	18	ald55_66	93	274
2015	18	ald55_66	94	119
2015	18	ald55_66	96	126
2015	18	ald67_74	00	111
2015	18	ald67_74	03	7
2015	18	ald67_74	11	64
2015	18	ald67_74	12	22
2015	18	ald67_74	13	64
2015	18	ald67_74	14	35
2015	18	ald67_74	21	21
2015	18	ald67_74	22	73
2015	18	ald67_74	23	130
2015	18	ald67_74	24	69
2015	18	ald67_74	25	5
2015	18	ald67_74	26	28
2015	18	ald67_74	31	109
2015	18	ald67_74	32	20
2015	18	ald67_74	33	72
2015	18	ald67_74	34	13
2015	18	ald67_74	35	4
2015	18	ald67_74	41	73
2015	18	ald67_74	42	15
2015	18	ald67_74	43	48
2015	18	ald67_74	44	8
2015	18	ald67_74	51	101
2015	18	ald67_74	52	126
2015	18	ald67_74	53	523
2015	18	ald67_74	54	6
2015	18	ald67_74	61	42
2015	18	ald67_74	62	10
2015	18	ald67_74	71	36
2015	18	ald67_74	72	31
2015	18	ald67_74	73	5
2015	18	ald67_74	74	17
2015	18	ald67_74	75	11
2015	18	ald67_74	81	36
2015	18	ald67_74	83	197
2015	18	ald67_74	91	72
2015	18	ald67_74	92	4
2015	18	ald67_74	93	27
2015	18	ald67_74	94	18
2015	18	ald67_74	96	36
2015	19	ald15_24	00	64
2015	19	ald15_24	01	112
2015	19	ald15_24	02	162
2015	19	ald15_24	03	525
2015	19	ald15_24	11	18
2015	19	ald15_24	12	4
2015	19	ald15_24	13	13
2015	19	ald15_24	14	48
2015	19	ald15_24	21	8
2015	19	ald15_24	22	182
2015	19	ald15_24	23	226
2015	19	ald15_24	24	59
2015	19	ald15_24	25	14
2015	19	ald15_24	26	46
2015	19	ald15_24	31	100
2015	19	ald15_24	32	122
2015	19	ald15_24	33	140
2015	19	ald15_24	34	98
2015	19	ald15_24	35	67
2015	19	ald15_24	41	137
2015	19	ald15_24	42	222
2015	19	ald15_24	43	249
2015	19	ald15_24	44	49
2015	19	ald15_24	51	819
2015	19	ald15_24	52	3138
2015	19	ald15_24	53	1934
2015	19	ald15_24	54	145
2015	19	ald15_24	61	108
2015	19	ald15_24	62	118
2015	19	ald15_24	71	431
2015	19	ald15_24	72	450
2015	19	ald15_24	73	9
2015	19	ald15_24	74	419
2015	19	ald15_24	75	62
2015	19	ald15_24	81	276
2015	19	ald15_24	83	321
2015	19	ald15_24	91	326
2015	19	ald15_24	92	16
2015	19	ald15_24	93	289
2015	19	ald15_24	94	246
2015	19	ald15_24	96	105
2015	19	ald25_54	00	331
2015	19	ald25_54	01	987
2015	19	ald25_54	02	34
2015	19	ald25_54	03	77
2015	19	ald25_54	11	908
2015	19	ald25_54	12	785
2015	19	ald25_54	13	1804
2015	19	ald25_54	14	957
2015	19	ald25_54	21	1373
2015	19	ald25_54	22	4164
2015	19	ald25_54	23	5025
2015	19	ald25_54	24	2870
2015	19	ald25_54	25	505
2015	19	ald25_54	26	1225
2015	19	ald25_54	31	2139
2015	19	ald25_54	32	1204
2015	19	ald25_54	33	2571
2015	19	ald25_54	34	628
2015	19	ald25_54	35	355
2015	19	ald25_54	41	990
2015	19	ald25_54	42	515
2015	19	ald25_54	43	1078
2015	19	ald25_54	44	132
2015	19	ald25_54	51	1554
2015	19	ald25_54	52	2763
2015	19	ald25_54	53	5633
2015	19	ald25_54	54	401
2015	19	ald25_54	61	129
2015	19	ald25_54	62	312
2015	19	ald25_54	71	1684
2015	19	ald25_54	72	1205
2015	19	ald25_54	73	79
2015	19	ald25_54	74	687
2015	19	ald25_54	75	216
2015	19	ald25_54	81	1344
2015	19	ald25_54	82	16
2015	19	ald25_54	83	1888
2015	19	ald25_54	91	1315
2015	19	ald25_54	92	35
2015	19	ald25_54	93	661
2015	19	ald25_54	94	318
2015	19	ald25_54	95	7
2015	19	ald25_54	96	356
2015	19	ald55_66	00	117
2015	19	ald55_66	01	57
2015	19	ald55_66	11	425
2015	19	ald55_66	12	320
2015	19	ald55_66	13	768
2015	19	ald55_66	14	222
2015	19	ald55_66	21	314
2015	19	ald55_66	22	855
2015	19	ald55_66	23	1420
2015	19	ald55_66	24	934
2015	19	ald55_66	25	73
2015	19	ald55_66	26	288
2015	19	ald55_66	31	646
2015	19	ald55_66	32	305
2015	19	ald55_66	33	855
2015	19	ald55_66	34	121
2015	19	ald55_66	35	76
2015	19	ald55_66	41	466
2015	19	ald55_66	42	119
2015	19	ald55_66	43	313
2015	19	ald55_66	44	113
2015	19	ald55_66	51	413
2015	19	ald55_66	52	530
2015	19	ald55_66	53	1850
2015	19	ald55_66	54	63
2015	19	ald55_66	61	29
2015	19	ald55_66	62	48
2015	19	ald55_66	71	249
2015	19	ald55_66	72	279
2015	19	ald55_66	73	15
2015	19	ald55_66	74	163
2015	19	ald55_66	75	30
2015	19	ald55_66	81	259
2015	19	ald55_66	83	611
2015	19	ald55_66	91	417
2015	19	ald55_66	92	5
2015	19	ald55_66	93	94
2015	19	ald55_66	94	98
2015	19	ald55_66	96	97
2015	19	ald67_74	00	74
2015	19	ald67_74	11	48
2015	19	ald67_74	12	34
2015	19	ald67_74	13	53
2015	19	ald67_74	14	20
2015	19	ald67_74	21	24
2015	19	ald67_74	22	80
2015	19	ald67_74	23	136
2015	19	ald67_74	24	72
2015	19	ald67_74	26	37
2015	19	ald67_74	31	69
2015	19	ald67_74	32	20
2015	19	ald67_74	33	56
2015	19	ald67_74	34	12
2015	19	ald67_74	35	4
2015	19	ald67_74	41	46
2015	19	ald67_74	42	21
2015	19	ald67_74	43	23
2015	19	ald67_74	44	6
2015	19	ald67_74	51	107
2015	19	ald67_74	52	80
2015	19	ald67_74	53	397
2015	19	ald67_74	61	17
2015	19	ald67_74	62	9
2015	19	ald67_74	71	21
2015	19	ald67_74	72	27
2015	19	ald67_74	74	5
2015	19	ald67_74	75	8
2015	19	ald67_74	81	41
2015	19	ald67_74	83	119
2015	19	ald67_74	91	66
2015	19	ald67_74	93	25
2015	19	ald67_74	94	26
2015	19	ald67_74	96	20
2015	20	ald15_24	00	34
2015	20	ald15_24	01	29
2015	20	ald15_24	02	38
2015	20	ald15_24	03	139
2015	20	ald15_24	11	5
2015	20	ald15_24	13	5
2015	20	ald15_24	14	29
2015	20	ald15_24	21	12
2015	20	ald15_24	22	83
2015	20	ald15_24	23	105
2015	20	ald15_24	24	25
2015	20	ald15_24	26	31
2015	20	ald15_24	31	42
2015	20	ald15_24	32	48
2015	20	ald15_24	33	68
2015	20	ald15_24	34	29
2015	20	ald15_24	35	11
2015	20	ald15_24	41	73
2015	20	ald15_24	42	115
2015	20	ald15_24	43	58
2015	20	ald15_24	44	13
2015	20	ald15_24	51	318
2015	20	ald15_24	52	1240
2015	20	ald15_24	53	785
2015	20	ald15_24	54	101
2015	20	ald15_24	61	37
2015	20	ald15_24	62	90
2015	20	ald15_24	71	240
2015	20	ald15_24	72	211
2015	20	ald15_24	73	9
2015	20	ald15_24	74	229
2015	20	ald15_24	75	21
2015	20	ald15_24	81	237
2015	20	ald15_24	83	176
2015	20	ald15_24	91	178
2015	20	ald15_24	92	6
2015	20	ald15_24	93	179
2015	20	ald15_24	94	81
2015	20	ald15_24	96	82
2015	20	ald25_54	00	182
2015	20	ald25_54	01	116
2015	20	ald25_54	02	4
2015	20	ald25_54	03	42
2015	20	ald25_54	11	420
2015	20	ald25_54	12	358
2015	20	ald25_54	13	852
2015	20	ald25_54	14	470
2015	20	ald25_54	21	391
2015	20	ald25_54	22	1466
2015	20	ald25_54	23	2164
2015	20	ald25_54	24	1242
2015	20	ald25_54	25	104
2015	20	ald25_54	26	587
2015	20	ald25_54	31	896
2015	20	ald25_54	32	390
2015	20	ald25_54	33	1020
2015	20	ald25_54	34	271
2015	20	ald25_54	35	120
2015	20	ald25_54	41	591
2015	20	ald25_54	42	294
2015	20	ald25_54	43	492
2015	20	ald25_54	44	75
2015	20	ald25_54	51	707
2015	20	ald25_54	52	1156
2015	20	ald25_54	53	2700
2015	20	ald25_54	54	334
2015	20	ald25_54	61	72
2015	20	ald25_54	62	307
2015	20	ald25_54	71	703
2015	20	ald25_54	72	478
2015	20	ald25_54	73	40
2015	20	ald25_54	74	334
2015	20	ald25_54	75	99
2015	20	ald25_54	81	906
2015	20	ald25_54	82	11
2015	20	ald25_54	83	898
2015	20	ald25_54	91	656
2015	20	ald25_54	92	13
2015	20	ald25_54	93	357
2015	20	ald25_54	94	101
2015	20	ald25_54	96	146
2015	20	ald55_66	00	75
2015	20	ald55_66	01	12
2015	20	ald55_66	03	4
2015	20	ald55_66	11	152
2015	20	ald55_66	12	158
2015	20	ald55_66	13	298
2015	20	ald55_66	14	111
2015	20	ald55_66	21	84
2015	20	ald55_66	22	292
2015	20	ald55_66	23	675
2015	20	ald55_66	24	398
2015	20	ald55_66	25	20
2015	20	ald55_66	26	145
2015	20	ald55_66	31	249
2015	20	ald55_66	32	91
2015	20	ald55_66	33	256
2015	20	ald55_66	34	58
2015	20	ald55_66	35	17
2015	20	ald55_66	41	214
2015	20	ald55_66	42	51
2015	20	ald55_66	43	130
2015	20	ald55_66	44	42
2015	20	ald55_66	51	226
2015	20	ald55_66	52	178
2015	20	ald55_66	53	808
2015	20	ald55_66	54	54
2015	20	ald55_66	61	18
2015	20	ald55_66	62	44
2015	20	ald55_66	71	113
2015	20	ald55_66	72	81
2015	20	ald55_66	73	20
2015	20	ald55_66	74	61
2015	20	ald55_66	75	14
2015	20	ald55_66	81	187
2015	20	ald55_66	83	270
2015	20	ald55_66	91	234
2015	20	ald55_66	92	5
2015	20	ald55_66	93	58
2015	20	ald55_66	94	26
2015	20	ald55_66	96	43
2015	20	ald67_74	00	35
2015	20	ald67_74	11	21
2015	20	ald67_74	12	13
2015	20	ald67_74	13	18
2015	20	ald67_74	14	14
2015	20	ald67_74	21	8
2015	20	ald67_74	22	27
2015	20	ald67_74	23	34
2015	20	ald67_74	24	20
2015	20	ald67_74	26	19
2015	20	ald67_74	31	27
2015	20	ald67_74	32	5
2015	20	ald67_74	33	12
2015	20	ald67_74	34	6
2015	20	ald67_74	41	20
2015	20	ald67_74	42	5
2015	20	ald67_74	43	13
2015	20	ald67_74	44	5
2015	20	ald67_74	51	31
2015	20	ald67_74	52	55
2015	20	ald67_74	53	140
2015	20	ald67_74	61	9
2015	20	ald67_74	71	15
2015	20	ald67_74	72	8
2015	20	ald67_74	74	8
2015	20	ald67_74	75	4
2015	20	ald67_74	81	16
2015	20	ald67_74	83	51
2015	20	ald67_74	91	35
2015	20	ald67_74	93	17
2015	20	ald67_74	94	15
2015	20	ald67_74	96	14
