STATISTIKKAAR	ARBEIDSFYLKE	ALDERSGRUPPE	YRKE_2	antall
2015	01	ald15_24	00	114
2015	01	ald15_24	01	25
2015	01	ald15_24	02	44
2015	01	ald15_24	03	441
2015	01	ald15_24	11	17
2015	01	ald15_24	12	10
2015	01	ald15_24	13	9
2015	01	ald15_24	14	56
2015	01	ald15_24	21	26
2015	01	ald15_24	22	232
2015	01	ald15_24	23	220
2015	01	ald15_24	24	26
2015	01	ald15_24	25	26
2015	01	ald15_24	26	47
2015	01	ald15_24	31	78
2015	01	ald15_24	32	130
2015	01	ald15_24	33	324
2015	01	ald15_24	34	244
2015	01	ald15_24	35	60
2015	01	ald15_24	41	268
2015	01	ald15_24	42	214
2015	01	ald15_24	43	290
2015	01	ald15_24	44	60
2015	01	ald15_24	51	660
2015	01	ald15_24	52	3808
2015	01	ald15_24	53	2223
2015	01	ald15_24	54	114
2015	01	ald15_24	61	194
2015	01	ald15_24	62	4
2015	01	ald15_24	71	792
2015	01	ald15_24	72	550
2015	01	ald15_24	73	13
2015	01	ald15_24	74	500
2015	01	ald15_24	75	41
2015	01	ald15_24	81	520
2015	01	ald15_24	82	18
2015	01	ald15_24	83	267
2015	01	ald15_24	91	435
2015	01	ald15_24	92	64
2015	01	ald15_24	93	419
2015	01	ald15_24	94	348
2015	01	ald15_24	96	112
2015	01	ald25_54	00	232
2015	01	ald25_54	01	400
2015	01	ald25_54	02	7
2015	01	ald25_54	03	16
2015	01	ald25_54	11	1198
2015	01	ald25_54	12	1160
2015	01	ald25_54	13	2298
2015	01	ald25_54	14	1261
2015	01	ald25_54	21	1290
2015	01	ald25_54	22	4833
2015	01	ald25_54	23	5791
2015	01	ald25_54	24	2247
2015	01	ald25_54	25	830
2015	01	ald25_54	26	1343
2015	01	ald25_54	31	2654
2015	01	ald25_54	32	1195
2015	01	ald25_54	33	4818
2015	01	ald25_54	34	978
2015	01	ald25_54	35	427
2015	01	ald25_54	41	1973
2015	01	ald25_54	42	774
2015	01	ald25_54	43	2116
2015	01	ald25_54	44	186
2015	01	ald25_54	51	1768
2015	01	ald25_54	52	4542
2015	01	ald25_54	53	8742
2015	01	ald25_54	54	761
2015	01	ald25_54	61	368
2015	01	ald25_54	62	19
2015	01	ald25_54	71	3492
2015	01	ald25_54	72	2126
2015	01	ald25_54	73	203
2015	01	ald25_54	74	997
2015	01	ald25_54	75	322
2015	01	ald25_54	81	3219
2015	01	ald25_54	82	473
2015	01	ald25_54	83	2316
2015	01	ald25_54	91	1699
2015	01	ald25_54	92	66
2015	01	ald25_54	93	871
2015	01	ald25_54	94	386
2015	01	ald25_54	95	8
2015	01	ald25_54	96	425
2015	01	ald55_66	00	147
2015	01	ald55_66	01	39
2015	01	ald55_66	11	511
2015	01	ald55_66	12	459
2015	01	ald55_66	13	955
2015	01	ald55_66	14	296
2015	01	ald55_66	21	272
2015	01	ald55_66	22	1105
2015	01	ald55_66	23	1676
2015	01	ald55_66	24	839
2015	01	ald55_66	25	96
2015	01	ald55_66	26	334
2015	01	ald55_66	31	784
2015	01	ald55_66	32	317
2015	01	ald55_66	33	1408
2015	01	ald55_66	34	162
2015	01	ald55_66	35	89
2015	01	ald55_66	41	790
2015	01	ald55_66	42	164
2015	01	ald55_66	43	725
2015	01	ald55_66	44	102
2015	01	ald55_66	51	499
2015	01	ald55_66	52	1057
2015	01	ald55_66	53	2676
2015	01	ald55_66	54	105
2015	01	ald55_66	61	89
2015	01	ald55_66	62	5
2015	01	ald55_66	71	509
2015	01	ald55_66	72	541
2015	01	ald55_66	73	62
2015	01	ald55_66	74	242
2015	01	ald55_66	75	49
2015	01	ald55_66	81	860
2015	01	ald55_66	82	89
2015	01	ald55_66	83	843
2015	01	ald55_66	91	586
2015	01	ald55_66	92	22
2015	01	ald55_66	93	161
2015	01	ald55_66	94	115
2015	01	ald55_66	96	83
2015	01	ald67_74	00	118
2015	01	ald67_74	11	88
2015	01	ald67_74	12	39
2015	01	ald67_74	13	57
2015	01	ald67_74	14	23
2015	01	ald67_74	21	41
2015	01	ald67_74	22	94
2015	01	ald67_74	23	120
2015	01	ald67_74	24	69
2015	01	ald67_74	25	5
2015	01	ald67_74	26	42
2015	01	ald67_74	31	56
2015	01	ald67_74	32	22
2015	01	ald67_74	33	110
2015	01	ald67_74	34	24
2015	01	ald67_74	35	5
2015	01	ald67_74	41	98
2015	01	ald67_74	42	15
2015	01	ald67_74	43	75
2015	01	ald67_74	44	10
2015	01	ald67_74	51	127
2015	01	ald67_74	52	148
2015	01	ald67_74	53	334
2015	01	ald67_74	54	9
2015	01	ald67_74	61	32
2015	01	ald67_74	71	32
2015	01	ald67_74	72	45
2015	01	ald67_74	73	4
2015	01	ald67_74	74	9
2015	01	ald67_74	75	5
2015	01	ald67_74	81	44
2015	01	ald67_74	83	164
2015	01	ald67_74	91	63
2015	01	ald67_74	92	5
2015	01	ald67_74	93	36
2015	01	ald67_74	94	20
2015	01	ald67_74	96	38
2015	02	ald15_24	00	198
2015	02	ald15_24	01	65
2015	02	ald15_24	02	108
2015	02	ald15_24	03	1105
2015	02	ald15_24	11	29
2015	02	ald15_24	12	34
2015	02	ald15_24	13	18
2015	02	ald15_24	14	197
2015	02	ald15_24	21	59
2015	02	ald15_24	22	380
2015	02	ald15_24	23	613
2015	02	ald15_24	24	136
2015	02	ald15_24	25	141
2015	02	ald15_24	26	71
2015	02	ald15_24	31	204
2015	02	ald15_24	32	155
2015	02	ald15_24	33	823
2015	02	ald15_24	34	999
2015	02	ald15_24	35	211
2015	02	ald15_24	41	651
2015	02	ald15_24	42	611
2015	02	ald15_24	43	1248
2015	02	ald15_24	44	99
2015	02	ald15_24	51	1651
2015	02	ald15_24	52	10146
2015	02	ald15_24	53	4807
2015	02	ald15_24	54	637
2015	02	ald15_24	61	212
2015	02	ald15_24	62	5
2015	02	ald15_24	71	1127
2015	02	ald15_24	72	767
2015	02	ald15_24	73	54
2015	02	ald15_24	74	856
2015	02	ald15_24	75	91
2015	02	ald15_24	81	221
2015	02	ald15_24	82	34
2015	02	ald15_24	83	396
2015	02	ald15_24	91	790
2015	02	ald15_24	92	100
2015	02	ald15_24	93	745
2015	02	ald15_24	94	753
2015	02	ald15_24	96	187
2015	02	ald25_54	00	768
2015	02	ald25_54	01	1026
2015	02	ald25_54	02	15
2015	02	ald25_54	03	51
2015	02	ald25_54	11	3231
2015	02	ald25_54	12	5124
2015	02	ald25_54	13	6461
2015	02	ald25_54	14	3129
2015	02	ald25_54	21	6853
2015	02	ald25_54	22	8699
2015	02	ald25_54	23	12335
2015	02	ald25_54	24	8321
2015	02	ald25_54	25	5558
2015	02	ald25_54	26	2685
2015	02	ald25_54	31	9344
2015	02	ald25_54	32	2217
2015	02	ald25_54	33	15239
2015	02	ald25_54	34	2193
2015	02	ald25_54	35	1879
2015	02	ald25_54	41	4566
2015	02	ald25_54	42	1946
2015	02	ald25_54	43	8648
2015	02	ald25_54	44	393
2015	02	ald25_54	51	5104
2015	02	ald25_54	52	9315
2015	02	ald25_54	53	16627
2015	02	ald25_54	54	1771
2015	02	ald25_54	61	500
2015	02	ald25_54	62	13
2015	02	ald25_54	71	5259
2015	02	ald25_54	72	3087
2015	02	ald25_54	73	356
2015	02	ald25_54	74	1820
2015	02	ald25_54	75	498
2015	02	ald25_54	81	1805
2015	02	ald25_54	82	209
2015	02	ald25_54	83	4446
2015	02	ald25_54	91	3666
2015	02	ald25_54	92	92
2015	02	ald25_54	93	1791
2015	02	ald25_54	94	1080
2015	02	ald25_54	95	11
2015	02	ald25_54	96	906
2015	02	ald55_66	00	196
2015	02	ald55_66	01	117
2015	02	ald55_66	11	1312
2015	02	ald55_66	12	1520
2015	02	ald55_66	13	2482
2015	02	ald55_66	14	614
2015	02	ald55_66	21	1737
2015	02	ald55_66	22	2135
2015	02	ald55_66	23	3400
2015	02	ald55_66	24	2288
2015	02	ald55_66	25	895
2015	02	ald55_66	26	607
2015	02	ald55_66	31	2183
2015	02	ald55_66	32	630
2015	02	ald55_66	33	3519
2015	02	ald55_66	34	419
2015	02	ald55_66	35	350
2015	02	ald55_66	41	1576
2015	02	ald55_66	42	334
2015	02	ald55_66	43	1970
2015	02	ald55_66	44	123
2015	02	ald55_66	51	1107
2015	02	ald55_66	52	1561
2015	02	ald55_66	53	4507
2015	02	ald55_66	54	249
2015	02	ald55_66	61	125
2015	02	ald55_66	62	7
2015	02	ald55_66	71	617
2015	02	ald55_66	72	658
2015	02	ald55_66	73	100
2015	02	ald55_66	74	296
2015	02	ald55_66	75	89
2015	02	ald55_66	81	518
2015	02	ald55_66	82	54
2015	02	ald55_66	83	1375
2015	02	ald55_66	91	752
2015	02	ald55_66	92	17
2015	02	ald55_66	93	244
2015	02	ald55_66	94	194
2015	02	ald55_66	95	5
2015	02	ald55_66	96	159
2015	02	ald67_74	00	97
2015	02	ald67_74	03	8
2015	02	ald67_74	11	187
2015	02	ald67_74	12	114
2015	02	ald67_74	13	162
2015	02	ald67_74	14	79
2015	02	ald67_74	21	200
2015	02	ald67_74	22	191
2015	02	ald67_74	23	243
2015	02	ald67_74	24	153
2015	02	ald67_74	25	26
2015	02	ald67_74	26	51
2015	02	ald67_74	31	176
2015	02	ald67_74	32	37
2015	02	ald67_74	33	284
2015	02	ald67_74	34	57
2015	02	ald67_74	35	20
2015	02	ald67_74	41	218
2015	02	ald67_74	42	36
2015	02	ald67_74	43	157
2015	02	ald67_74	51	162
2015	02	ald67_74	52	244
2015	02	ald67_74	53	586
2015	02	ald67_74	54	50
2015	02	ald67_74	61	29
2015	02	ald67_74	71	37
2015	02	ald67_74	72	64
2015	02	ald67_74	73	13
2015	02	ald67_74	74	32
2015	02	ald67_74	75	13
2015	02	ald67_74	81	33
2015	02	ald67_74	82	4
2015	02	ald67_74	83	265
2015	02	ald67_74	91	89
2015	02	ald67_74	92	4
2015	02	ald67_74	93	25
2015	02	ald67_74	94	30
2015	02	ald67_74	96	58
2015	03	ald15_24	00	447
2015	03	ald15_24	01	151
2015	03	ald15_24	02	96
2015	03	ald15_24	03	691
2015	03	ald15_24	11	146
2015	03	ald15_24	12	81
2015	03	ald15_24	13	34
2015	03	ald15_24	14	270
2015	03	ald15_24	21	216
2015	03	ald15_24	22	796
2015	03	ald15_24	23	1311
2015	03	ald15_24	24	1006
2015	03	ald15_24	25	440
2015	03	ald15_24	26	602
2015	03	ald15_24	31	405
2015	03	ald15_24	32	388
2015	03	ald15_24	33	2564
2015	03	ald15_24	34	1008
2015	03	ald15_24	35	679
2015	03	ald15_24	41	1925
2015	03	ald15_24	42	1600
2015	03	ald15_24	43	1046
2015	03	ald15_24	44	118
2015	03	ald15_24	51	3202
2015	03	ald15_24	52	12146
2015	03	ald15_24	53	5988
2015	03	ald15_24	54	960
2015	03	ald15_24	61	35
2015	03	ald15_24	62	10
2015	03	ald15_24	71	1014
2015	03	ald15_24	72	591
2015	03	ald15_24	73	64
2015	03	ald15_24	74	1277
2015	03	ald15_24	75	228
2015	03	ald15_24	81	171
2015	03	ald15_24	82	17
2015	03	ald15_24	83	502
2015	03	ald15_24	91	864
2015	03	ald15_24	92	41
2015	03	ald15_24	93	458
2015	03	ald15_24	94	839
2015	03	ald15_24	95	11
2015	03	ald15_24	96	280
2015	03	ald25_54	00	1588
2015	03	ald25_54	01	949
2015	03	ald25_54	02	39
2015	03	ald25_54	03	93
2015	03	ald25_54	11	6859
2015	03	ald25_54	12	12645
2015	03	ald25_54	13	10218
2015	03	ald25_54	14	4516
2015	03	ald25_54	21	13325
2015	03	ald25_54	22	14575
2015	03	ald25_54	23	16563
2015	03	ald25_54	24	38048
2015	03	ald25_54	25	14244
2015	03	ald25_54	26	13707
2015	03	ald25_54	31	11373
2015	03	ald25_54	32	4192
2015	03	ald25_54	33	34663
2015	03	ald25_54	34	4397
2015	03	ald25_54	35	6107
2015	03	ald25_54	41	9343
2015	03	ald25_54	42	4920
2015	03	ald25_54	43	8996
2015	03	ald25_54	44	692
2015	03	ald25_54	51	10404
2015	03	ald25_54	52	12738
2015	03	ald25_54	53	17012
2015	03	ald25_54	54	2834
2015	03	ald25_54	61	184
2015	03	ald25_54	62	28
2015	03	ald25_54	71	8195
2015	03	ald25_54	72	2515
2015	03	ald25_54	73	711
2015	03	ald25_54	74	3097
2015	03	ald25_54	75	1091
2015	03	ald25_54	81	1551
2015	03	ald25_54	82	134
2015	03	ald25_54	83	6184
2015	03	ald25_54	91	6595
2015	03	ald25_54	92	27
2015	03	ald25_54	93	1800
2015	03	ald25_54	94	2516
2015	03	ald25_54	95	69
2015	03	ald25_54	96	974
2015	03	ald55_66	00	330
2015	03	ald55_66	01	54
2015	03	ald55_66	03	13
2015	03	ald55_66	11	2742
2015	03	ald55_66	12	3781
2015	03	ald55_66	13	3625
2015	03	ald55_66	14	753
2015	03	ald55_66	21	2615
2015	03	ald55_66	22	3252
2015	03	ald55_66	23	3919
2015	03	ald55_66	24	8824
2015	03	ald55_66	25	1750
2015	03	ald55_66	26	2428
2015	03	ald55_66	31	2717
2015	03	ald55_66	32	1094
2015	03	ald55_66	33	7022
2015	03	ald55_66	34	742
2015	03	ald55_66	35	877
2015	03	ald55_66	41	2542
2015	03	ald55_66	42	963
2015	03	ald55_66	43	2119
2015	03	ald55_66	44	233
2015	03	ald55_66	51	1599
2015	03	ald55_66	52	1278
2015	03	ald55_66	53	3259
2015	03	ald55_66	54	301
2015	03	ald55_66	61	50
2015	03	ald55_66	62	5
2015	03	ald55_66	71	1128
2015	03	ald55_66	72	501
2015	03	ald55_66	73	289
2015	03	ald55_66	74	594
2015	03	ald55_66	75	199
2015	03	ald55_66	81	380
2015	03	ald55_66	82	23
2015	03	ald55_66	83	1660
2015	03	ald55_66	91	1030
2015	03	ald55_66	92	4
2015	03	ald55_66	93	252
2015	03	ald55_66	94	339
2015	03	ald55_66	95	4
2015	03	ald55_66	96	207
2015	03	ald67_74	00	319
2015	03	ald67_74	03	5
2015	03	ald67_74	11	338
2015	03	ald67_74	12	269
2015	03	ald67_74	13	247
2015	03	ald67_74	14	96
2015	03	ald67_74	21	361
2015	03	ald67_74	22	306
2015	03	ald67_74	23	493
2015	03	ald67_74	24	698
2015	03	ald67_74	25	50
2015	03	ald67_74	26	230
2015	03	ald67_74	31	256
2015	03	ald67_74	32	74
2015	03	ald67_74	33	474
2015	03	ald67_74	34	82
2015	03	ald67_74	35	45
2015	03	ald67_74	41	317
2015	03	ald67_74	42	89
2015	03	ald67_74	43	175
2015	03	ald67_74	44	10
2015	03	ald67_74	51	245
2015	03	ald67_74	52	240
2015	03	ald67_74	53	304
2015	03	ald67_74	54	35
2015	03	ald67_74	71	62
2015	03	ald67_74	72	44
2015	03	ald67_74	73	17
2015	03	ald67_74	74	38
2015	03	ald67_74	75	17
2015	03	ald67_74	81	19
2015	03	ald67_74	82	5
2015	03	ald67_74	83	254
2015	03	ald67_74	91	90
2015	03	ald67_74	92	6
2015	03	ald67_74	93	32
2015	03	ald67_74	94	30
2015	03	ald67_74	96	82
2015	04	ald15_24	00	40
2015	04	ald15_24	01	20
2015	04	ald15_24	02	43
2015	04	ald15_24	03	421
2015	04	ald15_24	11	9
2015	04	ald15_24	13	7
2015	04	ald15_24	14	44
2015	04	ald15_24	21	11
2015	04	ald15_24	22	193
2015	04	ald15_24	23	109
2015	04	ald15_24	24	20
2015	04	ald15_24	25	16
2015	04	ald15_24	26	20
2015	04	ald15_24	31	51
2015	04	ald15_24	32	100
2015	04	ald15_24	33	187
2015	04	ald15_24	34	127
2015	04	ald15_24	35	49
2015	04	ald15_24	41	116
2015	04	ald15_24	42	154
2015	04	ald15_24	43	149
2015	04	ald15_24	44	29
2015	04	ald15_24	51	534
2015	04	ald15_24	52	2663
2015	04	ald15_24	53	1777
2015	04	ald15_24	54	74
2015	04	ald15_24	61	249
2015	04	ald15_24	62	26
2015	04	ald15_24	71	508
2015	04	ald15_24	72	426
2015	04	ald15_24	73	10
2015	04	ald15_24	74	363
2015	04	ald15_24	75	24
2015	04	ald15_24	81	306
2015	04	ald15_24	82	6
2015	04	ald15_24	83	265
2015	04	ald15_24	91	260
2015	04	ald15_24	92	53
2015	04	ald15_24	93	194
2015	04	ald15_24	94	247
2015	04	ald15_24	96	76
2015	04	ald25_54	00	266
2015	04	ald25_54	01	778
2015	04	ald25_54	02	27
2015	04	ald25_54	03	69
2015	04	ald25_54	11	799
2015	04	ald25_54	12	919
2015	04	ald25_54	13	1715
2015	04	ald25_54	14	1032
2015	04	ald25_54	21	875
2015	04	ald25_54	22	3569
2015	04	ald25_54	23	3905
2015	04	ald25_54	24	2338
2015	04	ald25_54	25	502
2015	04	ald25_54	26	854
2015	04	ald25_54	31	1499
2015	04	ald25_54	32	947
2015	04	ald25_54	33	2899
2015	04	ald25_54	34	797
2015	04	ald25_54	35	316
2015	04	ald25_54	41	1056
2015	04	ald25_54	42	560
2015	04	ald25_54	43	1076
2015	04	ald25_54	44	137
2015	04	ald25_54	51	1404
2015	04	ald25_54	52	3167
2015	04	ald25_54	53	6167
2015	04	ald25_54	54	365
2015	04	ald25_54	61	432
2015	04	ald25_54	62	64
2015	04	ald25_54	71	2059
2015	04	ald25_54	72	1380
2015	04	ald25_54	73	81
2015	04	ald25_54	74	777
2015	04	ald25_54	75	239
2015	04	ald25_54	81	1966
2015	04	ald25_54	82	60
2015	04	ald25_54	83	2117
2015	04	ald25_54	91	1373
2015	04	ald25_54	92	75
2015	04	ald25_54	93	502
2015	04	ald25_54	94	339
2015	04	ald25_54	95	6
2015	04	ald25_54	96	378
2015	04	ald55_66	00	136
2015	04	ald55_66	01	40
2015	04	ald55_66	11	328
2015	04	ald55_66	12	399
2015	04	ald55_66	13	828
2015	04	ald55_66	14	232
2015	04	ald55_66	21	380
2015	04	ald55_66	22	932
2015	04	ald55_66	23	1280
2015	04	ald55_66	24	913
2015	04	ald55_66	25	98
2015	04	ald55_66	26	221
2015	04	ald55_66	31	556
2015	04	ald55_66	32	291
2015	04	ald55_66	33	1094
2015	04	ald55_66	34	160
2015	04	ald55_66	35	62
2015	04	ald55_66	41	517
2015	04	ald55_66	42	133
2015	04	ald55_66	43	438
2015	04	ald55_66	44	127
2015	04	ald55_66	51	459
2015	04	ald55_66	52	841
2015	04	ald55_66	53	2413
2015	04	ald55_66	54	68
2015	04	ald55_66	61	105
2015	04	ald55_66	62	22
2015	04	ald55_66	71	396
2015	04	ald55_66	72	351
2015	04	ald55_66	73	31
2015	04	ald55_66	74	227
2015	04	ald55_66	75	62
2015	04	ald55_66	81	701
2015	04	ald55_66	82	8
2015	04	ald55_66	83	787
2015	04	ald55_66	91	583
2015	04	ald55_66	92	13
2015	04	ald55_66	93	119
2015	04	ald55_66	94	141
2015	04	ald55_66	96	143
2015	04	ald67_74	00	74
2015	04	ald67_74	11	65
2015	04	ald67_74	12	31
2015	04	ald67_74	13	49
2015	04	ald67_74	14	28
2015	04	ald67_74	21	50
2015	04	ald67_74	22	82
2015	04	ald67_74	23	92
2015	04	ald67_74	24	70
2015	04	ald67_74	26	26
2015	04	ald67_74	31	38
2015	04	ald67_74	32	22
2015	04	ald67_74	33	78
2015	04	ald67_74	34	6
2015	04	ald67_74	41	67
2015	04	ald67_74	42	7
2015	04	ald67_74	43	40
2015	04	ald67_74	44	13
2015	04	ald67_74	51	101
2015	04	ald67_74	52	112
2015	04	ald67_74	53	291
2015	04	ald67_74	54	5
2015	04	ald67_74	61	45
2015	04	ald67_74	62	5
2015	04	ald67_74	71	35
2015	04	ald67_74	72	28
2015	04	ald67_74	73	11
2015	04	ald67_74	74	18
2015	04	ald67_74	75	4
2015	04	ald67_74	81	40
2015	04	ald67_74	83	168
2015	04	ald67_74	91	82
2015	04	ald67_74	92	5
2015	04	ald67_74	93	18
2015	04	ald67_74	94	21
2015	04	ald67_74	96	35
2015	05	ald15_24	00	96
2015	05	ald15_24	01	34
2015	05	ald15_24	02	44
2015	05	ald15_24	03	378
2015	05	ald15_24	11	8
2015	05	ald15_24	12	6
2015	05	ald15_24	13	8
2015	05	ald15_24	14	49
2015	05	ald15_24	21	11
2015	05	ald15_24	22	172
2015	05	ald15_24	23	172
2015	05	ald15_24	24	33
2015	05	ald15_24	25	16
2015	05	ald15_24	26	32
2015	05	ald15_24	31	46
2015	05	ald15_24	32	88
2015	05	ald15_24	33	152
2015	05	ald15_24	34	120
2015	05	ald15_24	35	133
2015	05	ald15_24	41	120
2015	05	ald15_24	42	386
2015	05	ald15_24	43	148
2015	05	ald15_24	44	42
2015	05	ald15_24	51	625
2015	05	ald15_24	52	2822
2015	05	ald15_24	53	1879
2015	05	ald15_24	54	55
2015	05	ald15_24	61	451
2015	05	ald15_24	62	18
2015	05	ald15_24	71	547
2015	05	ald15_24	72	429
2015	05	ald15_24	73	15
2015	05	ald15_24	74	405
2015	05	ald15_24	75	52
2015	05	ald15_24	81	389
2015	05	ald15_24	82	13
2015	05	ald15_24	83	335
2015	05	ald15_24	91	226
2015	05	ald15_24	92	25
2015	05	ald15_24	93	262
2015	05	ald15_24	94	283
2015	05	ald15_24	96	57
2015	05	ald25_54	00	261
2015	05	ald25_54	01	238
2015	05	ald25_54	02	5
2015	05	ald25_54	03	14
2015	05	ald25_54	11	769
2015	05	ald25_54	12	753
2015	05	ald25_54	13	1703
2015	05	ald25_54	14	981
2015	05	ald25_54	21	914
2015	05	ald25_54	22	3626
2015	05	ald25_54	23	4222
2015	05	ald25_54	24	1734
2015	05	ald25_54	25	453
2015	05	ald25_54	26	845
2015	05	ald25_54	31	1585
2015	05	ald25_54	32	904
2015	05	ald25_54	33	2617
2015	05	ald25_54	34	708
2015	05	ald25_54	35	323
2015	05	ald25_54	41	976
2015	05	ald25_54	42	694
2015	05	ald25_54	43	1014
2015	05	ald25_54	44	160
2015	05	ald25_54	51	1647
2015	05	ald25_54	52	3358
2015	05	ald25_54	53	5977
2015	05	ald25_54	54	178
2015	05	ald25_54	61	463
2015	05	ald25_54	62	22
2015	05	ald25_54	71	2158
2015	05	ald25_54	72	1229
2015	05	ald25_54	73	109
2015	05	ald25_54	74	841
2015	05	ald25_54	75	245
2015	05	ald25_54	81	2225
2015	05	ald25_54	82	88
2015	05	ald25_54	83	2378
2015	05	ald25_54	91	1473
2015	05	ald25_54	92	42
2015	05	ald25_54	93	548
2015	05	ald25_54	94	299
2015	05	ald25_54	95	5
2015	05	ald25_54	96	317
2015	05	ald55_66	00	125
2015	05	ald55_66	01	26
2015	05	ald55_66	03	4
2015	05	ald55_66	11	364
2015	05	ald55_66	12	309
2015	05	ald55_66	13	724
2015	05	ald55_66	14	252
2015	05	ald55_66	21	287
2015	05	ald55_66	22	923
2015	05	ald55_66	23	1235
2015	05	ald55_66	24	684
2015	05	ald55_66	25	71
2015	05	ald55_66	26	239
2015	05	ald55_66	31	516
2015	05	ald55_66	32	294
2015	05	ald55_66	33	984
2015	05	ald55_66	34	168
2015	05	ald55_66	35	55
2015	05	ald55_66	41	500
2015	05	ald55_66	42	165
2015	05	ald55_66	43	398
2015	05	ald55_66	44	124
2015	05	ald55_66	51	603
2015	05	ald55_66	52	879
2015	05	ald55_66	53	2350
2015	05	ald55_66	54	47
2015	05	ald55_66	61	132
2015	05	ald55_66	62	12
2015	05	ald55_66	71	370
2015	05	ald55_66	72	272
2015	05	ald55_66	73	44
2015	05	ald55_66	74	160
2015	05	ald55_66	75	45
2015	05	ald55_66	81	671
2015	05	ald55_66	82	43
2015	05	ald55_66	83	802
2015	05	ald55_66	91	581
2015	05	ald55_66	92	15
2015	05	ald55_66	93	106
2015	05	ald55_66	94	135
2015	05	ald55_66	96	109
2015	05	ald67_74	00	104
2015	05	ald67_74	11	56
2015	05	ald67_74	12	19
2015	05	ald67_74	13	45
2015	05	ald67_74	14	26
2015	05	ald67_74	21	35
2015	05	ald67_74	22	95
2015	05	ald67_74	23	118
2015	05	ald67_74	24	42
2015	05	ald67_74	26	28
2015	05	ald67_74	31	31
2015	05	ald67_74	32	21
2015	05	ald67_74	33	68
2015	05	ald67_74	34	12
2015	05	ald67_74	41	70
2015	05	ald67_74	42	24
2015	05	ald67_74	43	42
2015	05	ald67_74	44	11
2015	05	ald67_74	51	94
2015	05	ald67_74	52	89
2015	05	ald67_74	53	355
2015	05	ald67_74	54	7
2015	05	ald67_74	61	78
2015	05	ald67_74	71	40
2015	05	ald67_74	72	26
2015	05	ald67_74	73	4
2015	05	ald67_74	74	9
2015	05	ald67_74	75	7
2015	05	ald67_74	81	36
2015	05	ald67_74	83	171
2015	05	ald67_74	91	80
2015	05	ald67_74	93	18
2015	05	ald67_74	94	21
2015	05	ald67_74	96	28
2015	06	ald15_24	00	67
2015	06	ald15_24	01	27
2015	06	ald15_24	02	43
2015	06	ald15_24	03	483
2015	06	ald15_24	11	20
2015	06	ald15_24	12	10
2015	06	ald15_24	13	8
2015	06	ald15_24	14	63
2015	06	ald15_24	21	39
2015	06	ald15_24	22	241
2015	06	ald15_24	23	225
2015	06	ald15_24	24	59
2015	06	ald15_24	25	35
2015	06	ald15_24	26	37
2015	06	ald15_24	31	160
2015	06	ald15_24	32	77
2015	06	ald15_24	33	257
2015	06	ald15_24	34	244
2015	06	ald15_24	35	79
2015	06	ald15_24	41	277
2015	06	ald15_24	42	242
2015	06	ald15_24	43	355
2015	06	ald15_24	44	36
2015	06	ald15_24	51	748
2015	06	ald15_24	52	4265
2015	06	ald15_24	53	1823
2015	06	ald15_24	54	107
2015	06	ald15_24	61	116
2015	06	ald15_24	62	9
2015	06	ald15_24	71	683
2015	06	ald15_24	72	586
2015	06	ald15_24	73	31
2015	06	ald15_24	74	723
2015	06	ald15_24	75	72
2015	06	ald15_24	81	235
2015	06	ald15_24	82	31
2015	06	ald15_24	83	343
2015	06	ald15_24	91	338
2015	06	ald15_24	92	33
2015	06	ald15_24	93	459
2015	06	ald15_24	94	408
2015	06	ald15_24	96	94
2015	06	ald25_54	00	376
2015	06	ald25_54	01	209
2015	06	ald25_54	02	8
2015	06	ald25_54	03	21
2015	06	ald25_54	11	1464
2015	06	ald25_54	12	1522
2015	06	ald25_54	13	2868
2015	06	ald25_54	14	1567
2015	06	ald25_54	21	2018
2015	06	ald25_54	22	4576
2015	06	ald25_54	23	5500
2015	06	ald25_54	24	3328
2015	06	ald25_54	25	725
2015	06	ald25_54	26	1195
2015	06	ald25_54	31	5215
2015	06	ald25_54	32	1223
2015	06	ald25_54	33	4604
2015	06	ald25_54	34	982
2015	06	ald25_54	35	573
2015	06	ald25_54	41	2013
2015	06	ald25_54	42	747
2015	06	ald25_54	43	2356
2015	06	ald25_54	44	184
2015	06	ald25_54	51	2119
2015	06	ald25_54	52	4305
2015	06	ald25_54	53	7973
2015	06	ald25_54	54	495
2015	06	ald25_54	61	364
2015	06	ald25_54	62	36
2015	06	ald25_54	71	3539
2015	06	ald25_54	72	2260
2015	06	ald25_54	73	134
2015	06	ald25_54	74	1337
2015	06	ald25_54	75	343
2015	06	ald25_54	81	1827
2015	06	ald25_54	82	428
2015	06	ald25_54	83	2904
2015	06	ald25_54	91	1932
2015	06	ald25_54	92	149
2015	06	ald25_54	93	1250
2015	06	ald25_54	94	550
2015	06	ald25_54	96	421
2015	06	ald55_66	00	126
2015	06	ald55_66	01	36
2015	06	ald55_66	03	4
2015	06	ald55_66	11	603
2015	06	ald55_66	12	595
2015	06	ald55_66	13	1233
2015	06	ald55_66	14	300
2015	06	ald55_66	21	532
2015	06	ald55_66	22	1168
2015	06	ald55_66	23	1548
2015	06	ald55_66	24	1037
2015	06	ald55_66	25	151
2015	06	ald55_66	26	337
2015	06	ald55_66	31	1298
2015	06	ald55_66	32	314
2015	06	ald55_66	33	1467
2015	06	ald55_66	34	184
2015	06	ald55_66	35	96
2015	06	ald55_66	41	833
2015	06	ald55_66	42	169
2015	06	ald55_66	43	699
2015	06	ald55_66	44	115
2015	06	ald55_66	51	506
2015	06	ald55_66	52	995
2015	06	ald55_66	53	2925
2015	06	ald55_66	54	72
2015	06	ald55_66	61	63
2015	06	ald55_66	62	9
2015	06	ald55_66	71	524
2015	06	ald55_66	72	532
2015	06	ald55_66	73	50
2015	06	ald55_66	74	284
2015	06	ald55_66	75	60
2015	06	ald55_66	81	519
2015	06	ald55_66	82	138
2015	06	ald55_66	83	985
2015	06	ald55_66	91	555
2015	06	ald55_66	92	21
2015	06	ald55_66	93	211
2015	06	ald55_66	94	151
2015	06	ald55_66	96	87
2015	06	ald67_74	00	54
2015	06	ald67_74	11	123
2015	06	ald67_74	12	53
2015	06	ald67_74	13	64
2015	06	ald67_74	14	37
2015	06	ald67_74	21	59
2015	06	ald67_74	22	103
2015	06	ald67_74	23	112
2015	06	ald67_74	24	86
2015	06	ald67_74	25	6
2015	06	ald67_74	26	39
2015	06	ald67_74	31	86
2015	06	ald67_74	32	22
2015	06	ald67_74	33	137
2015	06	ald67_74	34	21
2015	06	ald67_74	35	5
2015	06	ald67_74	41	144
2015	06	ald67_74	42	16
2015	06	ald67_74	43	89
2015	06	ald67_74	44	8
2015	06	ald67_74	51	127
2015	06	ald67_74	52	181
2015	06	ald67_74	53	375
2015	06	ald67_74	54	4
2015	06	ald67_74	61	24
2015	06	ald67_74	62	4
2015	06	ald67_74	71	52
2015	06	ald67_74	72	38
2015	06	ald67_74	73	8
2015	06	ald67_74	74	22
2015	06	ald67_74	75	9
2015	06	ald67_74	81	46
2015	06	ald67_74	82	7
2015	06	ald67_74	83	191
2015	06	ald67_74	91	79
2015	06	ald67_74	92	4
2015	06	ald67_74	93	31
2015	06	ald67_74	94	28
2015	06	ald67_74	96	22
2015	07	ald15_24	00	84
2015	07	ald15_24	01	14
2015	07	ald15_24	02	35
2015	07	ald15_24	03	399
2015	07	ald15_24	11	10
2015	07	ald15_24	12	6
2015	07	ald15_24	13	10
2015	07	ald15_24	14	50
2015	07	ald15_24	21	17
2015	07	ald15_24	22	146
2015	07	ald15_24	23	175
2015	07	ald15_24	24	29
2015	07	ald15_24	25	25
2015	07	ald15_24	26	61
2015	07	ald15_24	31	95
2015	07	ald15_24	32	54
2015	07	ald15_24	33	220
2015	07	ald15_24	34	158
2015	07	ald15_24	35	108
2015	07	ald15_24	41	181
2015	07	ald15_24	42	229
2015	07	ald15_24	43	311
2015	07	ald15_24	44	47
2015	07	ald15_24	51	676
2015	07	ald15_24	52	3795
2015	07	ald15_24	53	1792
2015	07	ald15_24	54	150
2015	07	ald15_24	61	132
2015	07	ald15_24	62	4
2015	07	ald15_24	71	538
2015	07	ald15_24	72	421
2015	07	ald15_24	73	25
2015	07	ald15_24	74	352
2015	07	ald15_24	75	79
2015	07	ald15_24	81	390
2015	07	ald15_24	82	45
2015	07	ald15_24	83	233
2015	07	ald15_24	91	381
2015	07	ald15_24	92	58
2015	07	ald15_24	93	413
2015	07	ald15_24	94	276
2015	07	ald15_24	96	172
2015	07	ald25_54	00	231
2015	07	ald25_54	01	242
2015	07	ald25_54	02	8
2015	07	ald25_54	03	24
2015	07	ald25_54	11	1115
2015	07	ald25_54	12	1345
2015	07	ald25_54	13	2163
2015	07	ald25_54	14	1231
2015	07	ald25_54	21	1303
2015	07	ald25_54	22	3988
2015	07	ald25_54	23	5071
2015	07	ald25_54	24	2532
2015	07	ald25_54	25	923
2015	07	ald25_54	26	1140
2015	07	ald25_54	31	3226
2015	07	ald25_54	32	1139
2015	07	ald25_54	33	4267
2015	07	ald25_54	34	875
2015	07	ald25_54	35	541
2015	07	ald25_54	41	1474
2015	07	ald25_54	42	736
2015	07	ald25_54	43	2123
2015	07	ald25_54	44	152
2015	07	ald25_54	51	1933
2015	07	ald25_54	52	3835
2015	07	ald25_54	53	7443
2015	07	ald25_54	54	616
2015	07	ald25_54	61	362
2015	07	ald25_54	62	17
2015	07	ald25_54	71	2729
2015	07	ald25_54	72	1613
2015	07	ald25_54	73	193
2015	07	ald25_54	74	913
2015	07	ald25_54	75	337
2015	07	ald25_54	81	2178
2015	07	ald25_54	82	381
2015	07	ald25_54	83	1738
2015	07	ald25_54	91	1788
2015	07	ald25_54	92	73
2015	07	ald25_54	93	1059
2015	07	ald25_54	94	356
2015	07	ald25_54	96	359
2015	07	ald55_66	00	84
2015	07	ald55_66	01	33
2015	07	ald55_66	03	6
2015	07	ald55_66	11	497
2015	07	ald55_66	12	550
2015	07	ald55_66	13	988
2015	07	ald55_66	14	302
2015	07	ald55_66	21	351
2015	07	ald55_66	22	1126
2015	07	ald55_66	23	1503
2015	07	ald55_66	24	940
2015	07	ald55_66	25	119
2015	07	ald55_66	26	344
2015	07	ald55_66	31	956
2015	07	ald55_66	32	367
2015	07	ald55_66	33	1191
2015	07	ald55_66	34	154
2015	07	ald55_66	35	80
2015	07	ald55_66	41	748
2015	07	ald55_66	42	186
2015	07	ald55_66	43	674
2015	07	ald55_66	44	88
2015	07	ald55_66	51	454
2015	07	ald55_66	52	906
2015	07	ald55_66	53	2746
2015	07	ald55_66	54	116
2015	07	ald55_66	61	81
2015	07	ald55_66	71	470
2015	07	ald55_66	72	403
2015	07	ald55_66	73	68
2015	07	ald55_66	74	247
2015	07	ald55_66	75	61
2015	07	ald55_66	81	525
2015	07	ald55_66	82	92
2015	07	ald55_66	83	588
2015	07	ald55_66	91	538
2015	07	ald55_66	92	23
2015	07	ald55_66	93	155
2015	07	ald55_66	94	97
2015	07	ald55_66	96	59
2015	07	ald67_74	00	65
2015	07	ald67_74	03	5
2015	07	ald67_74	11	66
2015	07	ald67_74	12	42
2015	07	ald67_74	13	56
2015	07	ald67_74	14	32
2015	07	ald67_74	21	39
2015	07	ald67_74	22	96
2015	07	ald67_74	23	98
2015	07	ald67_74	24	65
2015	07	ald67_74	26	34
2015	07	ald67_74	31	66
2015	07	ald67_74	32	16
2015	07	ald67_74	33	98
2015	07	ald67_74	34	15
2015	07	ald67_74	35	6
2015	07	ald67_74	41	87
2015	07	ald67_74	42	9
2015	07	ald67_74	43	60
2015	07	ald67_74	44	5
2015	07	ald67_74	51	106
2015	07	ald67_74	52	142
2015	07	ald67_74	53	302
2015	07	ald67_74	54	14
2015	07	ald67_74	61	23
2015	07	ald67_74	71	36
2015	07	ald67_74	72	51
2015	07	ald67_74	73	7
2015	07	ald67_74	74	17
2015	07	ald67_74	75	7
2015	07	ald67_74	81	40
2015	07	ald67_74	82	5
2015	07	ald67_74	83	134
2015	07	ald67_74	91	54
2015	07	ald67_74	92	4
2015	07	ald67_74	93	23
2015	07	ald67_74	94	13
2015	07	ald67_74	96	32
2015	08	ald15_24	00	53
2015	08	ald15_24	01	13
2015	08	ald15_24	02	22
2015	08	ald15_24	03	268
2015	08	ald15_24	11	10
2015	08	ald15_24	12	5
2015	08	ald15_24	13	4
2015	08	ald15_24	14	31
2015	08	ald15_24	21	14
2015	08	ald15_24	22	131
2015	08	ald15_24	23	202
2015	08	ald15_24	24	9
2015	08	ald15_24	25	15
2015	08	ald15_24	26	24
2015	08	ald15_24	31	66
2015	08	ald15_24	32	46
2015	08	ald15_24	33	109
2015	08	ald15_24	34	107
2015	08	ald15_24	35	64
2015	08	ald15_24	41	93
2015	08	ald15_24	42	105
2015	08	ald15_24	43	93
2015	08	ald15_24	44	34
2015	08	ald15_24	51	498
2015	08	ald15_24	52	2516
2015	08	ald15_24	53	1238
2015	08	ald15_24	54	68
2015	08	ald15_24	61	74
2015	08	ald15_24	71	412
2015	08	ald15_24	72	363
2015	08	ald15_24	73	9
2015	08	ald15_24	74	403
2015	08	ald15_24	75	30
2015	08	ald15_24	81	346
2015	08	ald15_24	82	39
2015	08	ald15_24	83	240
2015	08	ald15_24	91	223
2015	08	ald15_24	92	13
2015	08	ald15_24	93	270
2015	08	ald15_24	94	205
2015	08	ald15_24	96	65
2015	08	ald25_54	00	185
2015	08	ald25_54	01	35
2015	08	ald25_54	03	10
2015	08	ald25_54	11	699
2015	08	ald25_54	12	706
2015	08	ald25_54	13	1498
2015	08	ald25_54	14	900
2015	08	ald25_54	21	884
2015	08	ald25_54	22	3240
2015	08	ald25_54	23	3914
2015	08	ald25_54	24	1465
2015	08	ald25_54	25	396
2015	08	ald25_54	26	763
2015	08	ald25_54	31	1965
2015	08	ald25_54	32	694
2015	08	ald25_54	33	2593
2015	08	ald25_54	34	630
2015	08	ald25_54	35	268
2015	08	ald25_54	41	1001
2015	08	ald25_54	42	371
2015	08	ald25_54	43	826
2015	08	ald25_54	44	146
2015	08	ald25_54	51	1300
2015	08	ald25_54	52	3129
2015	08	ald25_54	53	5588
2015	08	ald25_54	54	369
2015	08	ald25_54	61	149
2015	08	ald25_54	62	34
2015	08	ald25_54	71	1899
2015	08	ald25_54	72	1295
2015	08	ald25_54	73	128
2015	08	ald25_54	74	897
2015	08	ald25_54	75	133
2015	08	ald25_54	81	1625
2015	08	ald25_54	82	258
2015	08	ald25_54	83	1732
2015	08	ald25_54	91	1111
2015	08	ald25_54	92	52
2015	08	ald25_54	93	406
2015	08	ald25_54	94	246
2015	08	ald25_54	96	252
2015	08	ald55_66	00	66
2015	08	ald55_66	01	5
2015	08	ald55_66	11	355
2015	08	ald55_66	12	308
2015	08	ald55_66	13	759
2015	08	ald55_66	14	211
2015	08	ald55_66	21	343
2015	08	ald55_66	22	805
2015	08	ald55_66	23	1190
2015	08	ald55_66	24	696
2015	08	ald55_66	25	74
2015	08	ald55_66	26	263
2015	08	ald55_66	31	733
2015	08	ald55_66	32	227
2015	08	ald55_66	33	974
2015	08	ald55_66	34	123
2015	08	ald55_66	35	46
2015	08	ald55_66	41	488
2015	08	ald55_66	42	106
2015	08	ald55_66	43	364
2015	08	ald55_66	44	119
2015	08	ald55_66	51	345
2015	08	ald55_66	52	728
2015	08	ald55_66	53	2220
2015	08	ald55_66	54	78
2015	08	ald55_66	61	36
2015	08	ald55_66	62	10
2015	08	ald55_66	71	276
2015	08	ald55_66	72	327
2015	08	ald55_66	73	38
2015	08	ald55_66	74	254
2015	08	ald55_66	75	20
2015	08	ald55_66	81	468
2015	08	ald55_66	82	85
2015	08	ald55_66	83	599
2015	08	ald55_66	91	450
2015	08	ald55_66	92	6
2015	08	ald55_66	93	88
2015	08	ald55_66	94	99
2015	08	ald55_66	96	56
2015	08	ald67_74	00	30
2015	08	ald67_74	11	75
2015	08	ald67_74	12	32
2015	08	ald67_74	13	36
2015	08	ald67_74	14	22
2015	08	ald67_74	21	20
2015	08	ald67_74	22	73
2015	08	ald67_74	23	58
2015	08	ald67_74	24	46
2015	08	ald67_74	26	25
2015	08	ald67_74	31	59
2015	08	ald67_74	32	13
2015	08	ald67_74	33	63
2015	08	ald67_74	34	11
2015	08	ald67_74	35	6
2015	08	ald67_74	41	69
2015	08	ald67_74	42	9
2015	08	ald67_74	43	29
2015	08	ald67_74	51	58
2015	08	ald67_74	52	87
2015	08	ald67_74	53	313
2015	08	ald67_74	61	20
2015	08	ald67_74	62	4
2015	08	ald67_74	71	27
2015	08	ald67_74	72	26
2015	08	ald67_74	73	7
2015	08	ald67_74	74	14
2015	08	ald67_74	81	22
2015	08	ald67_74	82	5
2015	08	ald67_74	83	155
2015	08	ald67_74	91	45
2015	08	ald67_74	93	24
2015	08	ald67_74	94	9
2015	08	ald67_74	96	16
2015	09	ald15_24	00	16
2015	09	ald15_24	01	6
2015	09	ald15_24	02	4
2015	09	ald15_24	03	222
2015	09	ald15_24	11	9
2015	09	ald15_24	14	20
2015	09	ald15_24	21	4
2015	09	ald15_24	22	83
2015	09	ald15_24	23	137
2015	09	ald15_24	24	8
2015	09	ald15_24	25	15
2015	09	ald15_24	26	25
2015	09	ald15_24	31	28
2015	09	ald15_24	32	28
2015	09	ald15_24	33	51
2015	09	ald15_24	34	88
2015	09	ald15_24	35	45
2015	09	ald15_24	41	58
2015	09	ald15_24	42	66
2015	09	ald15_24	43	111
2015	09	ald15_24	44	22
2015	09	ald15_24	51	349
2015	09	ald15_24	52	1870
2015	09	ald15_24	53	926
2015	09	ald15_24	54	45
2015	09	ald15_24	61	45
2015	09	ald15_24	62	4
2015	09	ald15_24	71	354
2015	09	ald15_24	72	230
2015	09	ald15_24	73	8
2015	09	ald15_24	74	198
2015	09	ald15_24	75	22
2015	09	ald15_24	81	189
2015	09	ald15_24	82	5
2015	09	ald15_24	83	147
2015	09	ald15_24	91	161
2015	09	ald15_24	92	21
2015	09	ald15_24	93	129
2015	09	ald15_24	94	213
2015	09	ald15_24	96	38
2015	09	ald25_54	00	89
2015	09	ald25_54	01	49
2015	09	ald25_54	03	8
2015	09	ald25_54	11	500
2015	09	ald25_54	12	478
2015	09	ald25_54	13	877
2015	09	ald25_54	14	516
2015	09	ald25_54	21	508
2015	09	ald25_54	22	2054
2015	09	ald25_54	23	2656
2015	09	ald25_54	24	1115
2015	09	ald25_54	25	413
2015	09	ald25_54	26	501
2015	09	ald25_54	31	1496
2015	09	ald25_54	32	440
2015	09	ald25_54	33	1450
2015	09	ald25_54	34	458
2015	09	ald25_54	35	222
2015	09	ald25_54	41	842
2015	09	ald25_54	42	254
2015	09	ald25_54	43	684
2015	09	ald25_54	44	91
2015	09	ald25_54	51	732
2015	09	ald25_54	52	1917
2015	09	ald25_54	53	3559
2015	09	ald25_54	54	156
2015	09	ald25_54	61	112
2015	09	ald25_54	62	13
2015	09	ald25_54	71	1343
2015	09	ald25_54	72	697
2015	09	ald25_54	73	65
2015	09	ald25_54	74	504
2015	09	ald25_54	75	127
2015	09	ald25_54	81	913
2015	09	ald25_54	82	172
2015	09	ald25_54	83	1101
2015	09	ald25_54	91	775
2015	09	ald25_54	92	31
2015	09	ald25_54	93	254
2015	09	ald25_54	94	135
2015	09	ald25_54	96	168
2015	09	ald55_66	00	31
2015	09	ald55_66	01	7
2015	09	ald55_66	11	217
2015	09	ald55_66	12	239
2015	09	ald55_66	13	384
2015	09	ald55_66	14	145
2015	09	ald55_66	21	160
2015	09	ald55_66	22	538
2015	09	ald55_66	23	710
2015	09	ald55_66	24	407
2015	09	ald55_66	25	53
2015	09	ald55_66	26	135
2015	09	ald55_66	31	425
2015	09	ald55_66	32	142
2015	09	ald55_66	33	474
2015	09	ald55_66	34	102
2015	09	ald55_66	35	41
2015	09	ald55_66	41	352
2015	09	ald55_66	42	54
2015	09	ald55_66	43	199
2015	09	ald55_66	44	59
2015	09	ald55_66	51	214
2015	09	ald55_66	52	418
2015	09	ald55_66	53	1354
2015	09	ald55_66	54	29
2015	09	ald55_66	61	16
2015	09	ald55_66	62	7
2015	09	ald55_66	71	190
2015	09	ald55_66	72	126
2015	09	ald55_66	73	20
2015	09	ald55_66	74	126
2015	09	ald55_66	75	14
2015	09	ald55_66	81	238
2015	09	ald55_66	82	132
2015	09	ald55_66	83	414
2015	09	ald55_66	91	243
2015	09	ald55_66	92	12
2015	09	ald55_66	93	57
2015	09	ald55_66	94	54
2015	09	ald55_66	96	41
2015	09	ald67_74	00	27
2015	09	ald67_74	11	32
2015	09	ald67_74	12	8
2015	09	ald67_74	13	25
2015	09	ald67_74	14	13
2015	09	ald67_74	21	22
2015	09	ald67_74	22	41
2015	09	ald67_74	23	58
2015	09	ald67_74	24	26
2015	09	ald67_74	26	25
2015	09	ald67_74	31	30
2015	09	ald67_74	32	6
2015	09	ald67_74	33	29
2015	09	ald67_74	34	7
2015	09	ald67_74	41	44
2015	09	ald67_74	42	6
2015	09	ald67_74	43	15
2015	09	ald67_74	51	45
2015	09	ald67_74	52	46
2015	09	ald67_74	53	141
2015	09	ald67_74	61	8
2015	09	ald67_74	71	17
2015	09	ald67_74	72	26
2015	09	ald67_74	74	8
2015	09	ald67_74	81	19
2015	09	ald67_74	82	6
2015	09	ald67_74	83	109
2015	09	ald67_74	91	36
2015	09	ald67_74	93	5
2015	09	ald67_74	94	9
2015	09	ald67_74	96	11
2015	10	ald15_24	00	42
2015	10	ald15_24	01	15
2015	10	ald15_24	02	24
2015	10	ald15_24	03	310
2015	10	ald15_24	11	14
2015	10	ald15_24	12	5
2015	10	ald15_24	13	7
2015	10	ald15_24	14	49
2015	10	ald15_24	21	15
2015	10	ald15_24	22	173
2015	10	ald15_24	23	218
2015	10	ald15_24	24	36
2015	10	ald15_24	25	13
2015	10	ald15_24	26	81
2015	10	ald15_24	31	87
2015	10	ald15_24	32	82
2015	10	ald15_24	33	174
2015	10	ald15_24	34	184
2015	10	ald15_24	35	101
2015	10	ald15_24	41	172
2015	10	ald15_24	42	147
2015	10	ald15_24	43	229
2015	10	ald15_24	44	61
2015	10	ald15_24	51	825
2015	10	ald15_24	52	3366
2015	10	ald15_24	53	1534
2015	10	ald15_24	54	131
2015	10	ald15_24	61	180
2015	10	ald15_24	62	24
2015	10	ald15_24	71	785
2015	10	ald15_24	72	556
2015	10	ald15_24	73	28
2015	10	ald15_24	74	545
2015	10	ald15_24	75	55
2015	10	ald15_24	81	398
2015	10	ald15_24	82	9
2015	10	ald15_24	83	271
2015	10	ald15_24	91	396
2015	10	ald15_24	92	34
2015	10	ald15_24	93	343
2015	10	ald15_24	94	243
2015	10	ald15_24	96	61
2015	10	ald25_54	00	190
2015	10	ald25_54	01	152
2015	10	ald25_54	02	4
2015	10	ald25_54	03	23
2015	10	ald25_54	11	877
2015	10	ald25_54	12	973
2015	10	ald25_54	13	2026
2015	10	ald25_54	14	1033
2015	10	ald25_54	21	1221
2015	10	ald25_54	22	3394
2015	10	ald25_54	23	4555
2015	10	ald25_54	24	1821
2015	10	ald25_54	25	559
2015	10	ald25_54	26	1200
2015	10	ald25_54	31	3938
2015	10	ald25_54	32	843
2015	10	ald25_54	33	3516
2015	10	ald25_54	34	955
2015	10	ald25_54	35	445
2015	10	ald25_54	41	1428
2015	10	ald25_54	42	574
2015	10	ald25_54	43	1506
2015	10	ald25_54	44	157
2015	10	ald25_54	51	1491
2015	10	ald25_54	52	3478
2015	10	ald25_54	53	5897
2015	10	ald25_54	54	345
2015	10	ald25_54	61	167
2015	10	ald25_54	62	66
2015	10	ald25_54	71	2288
2015	10	ald25_54	72	1512
2015	10	ald25_54	73	84
2015	10	ald25_54	74	948
2015	10	ald25_54	75	213
2015	10	ald25_54	81	1790
2015	10	ald25_54	82	67
2015	10	ald25_54	83	1708
2015	10	ald25_54	91	1270
2015	10	ald25_54	92	37
2015	10	ald25_54	93	601
2015	10	ald25_54	94	301
2015	10	ald25_54	95	5
2015	10	ald25_54	96	194
2015	10	ald55_66	00	73
2015	10	ald55_66	01	24
2015	10	ald55_66	11	309
2015	10	ald55_66	12	380
2015	10	ald55_66	13	810
2015	10	ald55_66	14	198
2015	10	ald55_66	21	258
2015	10	ald55_66	22	802
2015	10	ald55_66	23	1225
2015	10	ald55_66	24	572
2015	10	ald55_66	25	61
2015	10	ald55_66	26	319
2015	10	ald55_66	31	829
2015	10	ald55_66	32	187
2015	10	ald55_66	33	1064
2015	10	ald55_66	34	199
2015	10	ald55_66	35	43
2015	10	ald55_66	41	587
2015	10	ald55_66	42	136
2015	10	ald55_66	43	408
2015	10	ald55_66	44	93
2015	10	ald55_66	51	357
2015	10	ald55_66	52	667
2015	10	ald55_66	53	2013
2015	10	ald55_66	54	73
2015	10	ald55_66	61	38
2015	10	ald55_66	62	8
2015	10	ald55_66	71	307
2015	10	ald55_66	72	348
2015	10	ald55_66	73	21
2015	10	ald55_66	74	208
2015	10	ald55_66	75	36
2015	10	ald55_66	81	485
2015	10	ald55_66	82	10
2015	10	ald55_66	83	532
2015	10	ald55_66	91	414
2015	10	ald55_66	92	11
2015	10	ald55_66	93	101
2015	10	ald55_66	94	93
2015	10	ald55_66	96	58
2015	10	ald67_74	00	53
2015	10	ald67_74	11	52
2015	10	ald67_74	12	25
2015	10	ald67_74	13	32
2015	10	ald67_74	14	22
2015	10	ald67_74	21	38
2015	10	ald67_74	22	73
2015	10	ald67_74	23	97
2015	10	ald67_74	24	36
2015	10	ald67_74	26	32
2015	10	ald67_74	31	80
2015	10	ald67_74	32	8
2015	10	ald67_74	33	69
2015	10	ald67_74	34	17
2015	10	ald67_74	41	62
2015	10	ald67_74	42	12
2015	10	ald67_74	43	49
2015	10	ald67_74	44	5
2015	10	ald67_74	51	67
2015	10	ald67_74	52	82
2015	10	ald67_74	53	220
2015	10	ald67_74	54	8
2015	10	ald67_74	61	18
2015	10	ald67_74	71	24
2015	10	ald67_74	72	25
2015	10	ald67_74	73	9
2015	10	ald67_74	74	13
2015	10	ald67_74	75	4
2015	10	ald67_74	81	22
2015	10	ald67_74	83	121
2015	10	ald67_74	91	46
2015	10	ald67_74	93	17
2015	10	ald67_74	94	12
2015	10	ald67_74	96	35
2015	11	ald15_24	00	110
2015	11	ald15_24	01	36
2015	11	ald15_24	02	34
2015	11	ald15_24	03	606
2015	11	ald15_24	11	27
2015	11	ald15_24	12	15
2015	11	ald15_24	13	20
2015	11	ald15_24	14	132
2015	11	ald15_24	21	63
2015	11	ald15_24	22	432
2015	11	ald15_24	23	591
2015	11	ald15_24	24	121
2015	11	ald15_24	25	99
2015	11	ald15_24	26	146
2015	11	ald15_24	31	438
2015	11	ald15_24	32	130
2015	11	ald15_24	33	507
2015	11	ald15_24	34	505
2015	11	ald15_24	35	113
2015	11	ald15_24	41	471
2015	11	ald15_24	42	491
2015	11	ald15_24	43	816
2015	11	ald15_24	44	165
2015	11	ald15_24	51	2040
2015	11	ald15_24	52	7541
2015	11	ald15_24	53	4505
2015	11	ald15_24	54	599
2015	11	ald15_24	61	1086
2015	11	ald15_24	62	115
2015	11	ald15_24	71	1664
2015	11	ald15_24	72	1637
2015	11	ald15_24	73	43
2015	11	ald15_24	74	1478
2015	11	ald15_24	75	168
2015	11	ald15_24	81	1041
2015	11	ald15_24	82	44
2015	11	ald15_24	83	837
2015	11	ald15_24	91	749
2015	11	ald15_24	92	63
2015	11	ald15_24	93	667
2015	11	ald15_24	94	500
2015	11	ald15_24	96	160
2015	11	ald25_54	00	808
2015	11	ald25_54	01	238
2015	11	ald25_54	02	4
2015	11	ald25_54	03	32
2015	11	ald25_54	11	2315
2015	11	ald25_54	12	2787
2015	11	ald25_54	13	6357
2015	11	ald25_54	14	2227
2015	11	ald25_54	21	8217
2015	11	ald25_54	22	8295
2015	11	ald25_54	23	11109
2015	11	ald25_54	24	6800
2015	11	ald25_54	25	3216
2015	11	ald25_54	26	2622
2015	11	ald25_54	31	13071
2015	11	ald25_54	32	2119
2015	11	ald25_54	33	8852
2015	11	ald25_54	34	1826
2015	11	ald25_54	35	1063
2015	11	ald25_54	41	3665
2015	11	ald25_54	42	1357
2015	11	ald25_54	43	4597
2015	11	ald25_54	44	355
2015	11	ald25_54	51	3922
2015	11	ald25_54	52	7206
2015	11	ald25_54	53	14032
2015	11	ald25_54	54	1273
2015	11	ald25_54	61	1065
2015	11	ald25_54	62	247
2015	11	ald25_54	71	7004
2015	11	ald25_54	72	5294
2015	11	ald25_54	73	343
2015	11	ald25_54	74	2436
2015	11	ald25_54	75	762
2015	11	ald25_54	81	5470
2015	11	ald25_54	82	349
2015	11	ald25_54	83	4794
2015	11	ald25_54	91	3629
2015	11	ald25_54	92	106
2015	11	ald25_54	93	2094
2015	11	ald25_54	94	811
2015	11	ald25_54	95	13
2015	11	ald25_54	96	561
2015	11	ald55_66	00	188
2015	11	ald55_66	01	27
2015	11	ald55_66	03	5
2015	11	ald55_66	11	978
2015	11	ald55_66	12	1016
2015	11	ald55_66	13	2365
2015	11	ald55_66	14	471
2015	11	ald55_66	21	1924
2015	11	ald55_66	22	1712
2015	11	ald55_66	23	2928
2015	11	ald55_66	24	1940
2015	11	ald55_66	25	387
2015	11	ald55_66	26	606
2015	11	ald55_66	31	2563
2015	11	ald55_66	32	541
2015	11	ald55_66	33	2330
2015	11	ald55_66	34	335
2015	11	ald55_66	35	135
2015	11	ald55_66	41	1257
2015	11	ald55_66	42	265
2015	11	ald55_66	43	1158
2015	11	ald55_66	44	183
2015	11	ald55_66	51	748
2015	11	ald55_66	52	1669
2015	11	ald55_66	53	4364
2015	11	ald55_66	54	185
2015	11	ald55_66	61	241
2015	11	ald55_66	62	37
2015	11	ald55_66	71	1026
2015	11	ald55_66	72	901
2015	11	ald55_66	73	94
2015	11	ald55_66	74	414
2015	11	ald55_66	75	128
2015	11	ald55_66	81	1014
2015	11	ald55_66	82	63
2015	11	ald55_66	83	1346
2015	11	ald55_66	91	855
2015	11	ald55_66	92	19
2015	11	ald55_66	93	337
2015	11	ald55_66	94	211
2015	11	ald55_66	96	125
2015	11	ald67_74	00	92
2015	11	ald67_74	03	8
2015	11	ald67_74	11	121
2015	11	ald67_74	12	63
2015	11	ald67_74	13	86
2015	11	ald67_74	14	40
2015	11	ald67_74	21	104
2015	11	ald67_74	22	165
2015	11	ald67_74	23	174
2015	11	ald67_74	24	104
2015	11	ald67_74	25	8
2015	11	ald67_74	26	50
2015	11	ald67_74	31	162
2015	11	ald67_74	32	26
2015	11	ald67_74	33	145
2015	11	ald67_74	34	44
2015	11	ald67_74	35	11
2015	11	ald67_74	41	132
2015	11	ald67_74	42	23
2015	11	ald67_74	43	85
2015	11	ald67_74	44	11
2015	11	ald67_74	51	164
2015	11	ald67_74	52	193
2015	11	ald67_74	53	579
2015	11	ald67_74	54	16
2015	11	ald67_74	61	126
2015	11	ald67_74	71	66
2015	11	ald67_74	72	58
2015	11	ald67_74	73	11
2015	11	ald67_74	74	21
2015	11	ald67_74	75	13
2015	11	ald67_74	81	53
2015	11	ald67_74	82	5
2015	11	ald67_74	83	234
2015	11	ald67_74	91	71
2015	11	ald67_74	92	7
2015	11	ald67_74	93	33
2015	11	ald67_74	94	40
2015	11	ald67_74	96	22
2015	12	ald15_24	00	150
2015	12	ald15_24	01	154
2015	12	ald15_24	02	78
2015	12	ald15_24	03	1001
2015	12	ald15_24	11	50
2015	12	ald15_24	12	13
2015	12	ald15_24	13	20
2015	12	ald15_24	14	156
2015	12	ald15_24	21	66
2015	12	ald15_24	22	563
2015	12	ald15_24	23	806
2015	12	ald15_24	24	134
2015	12	ald15_24	25	78
2015	12	ald15_24	26	92
2015	12	ald15_24	31	386
2015	12	ald15_24	32	145
2015	12	ald15_24	33	957
2015	12	ald15_24	34	472
2015	12	ald15_24	35	173
2015	12	ald15_24	41	513
2015	12	ald15_24	42	581
2015	12	ald15_24	43	743
2015	12	ald15_24	44	132
2015	12	ald15_24	51	2225
2015	12	ald15_24	52	9336
2015	12	ald15_24	53	5433
2015	12	ald15_24	54	507
2015	12	ald15_24	61	321
2015	12	ald15_24	62	252
2015	12	ald15_24	71	1772
2015	12	ald15_24	72	1551
2015	12	ald15_24	73	25
2015	12	ald15_24	74	1604
2015	12	ald15_24	75	99
2015	12	ald15_24	81	613
2015	12	ald15_24	82	48
2015	12	ald15_24	83	872
2015	12	ald15_24	91	1101
2015	12	ald15_24	92	45
2015	12	ald15_24	93	898
2015	12	ald15_24	94	525
2015	12	ald15_24	96	1145
2015	12	ald25_54	00	463
2015	12	ald25_54	01	1411
2015	12	ald25_54	02	29
2015	12	ald25_54	03	85
2015	12	ald25_54	11	2311
2015	12	ald25_54	12	2708
2015	12	ald25_54	13	6096
2015	12	ald25_54	14	2664
2015	12	ald25_54	21	6237
2015	12	ald25_54	22	10448
2015	12	ald25_54	23	13625
2015	12	ald25_54	24	8337
2015	12	ald25_54	25	2546
2015	12	ald25_54	26	3300
2015	12	ald25_54	31	11030
2015	12	ald25_54	32	2530
2015	12	ald25_54	33	10324
2015	12	ald25_54	34	1852
2015	12	ald25_54	35	1368
2015	12	ald25_54	41	3729
2015	12	ald25_54	42	1575
2015	12	ald25_54	43	4233
2015	12	ald25_54	44	284
2015	12	ald25_54	51	5097
2015	12	ald25_54	52	7653
2015	12	ald25_54	53	15465
2015	12	ald25_54	54	1248
2015	12	ald25_54	61	426
2015	12	ald25_54	62	633
2015	12	ald25_54	71	7656
2015	12	ald25_54	72	4654
2015	12	ald25_54	73	263
2015	12	ald25_54	74	2816
2015	12	ald25_54	75	548
2015	12	ald25_54	81	3244
2015	12	ald25_54	82	403
2015	12	ald25_54	83	5115
2015	12	ald25_54	91	4129
2015	12	ald25_54	92	131
2015	12	ald25_54	93	2142
2015	12	ald25_54	94	783
2015	12	ald25_54	95	6
2015	12	ald25_54	96	536
2015	12	ald55_66	00	199
2015	12	ald55_66	01	81
2015	12	ald55_66	03	5
2015	12	ald55_66	11	1009
2015	12	ald55_66	12	1016
2015	12	ald55_66	13	2391
2015	12	ald55_66	14	556
2015	12	ald55_66	21	1470
2015	12	ald55_66	22	2295
2015	12	ald55_66	23	3820
2015	12	ald55_66	24	2611
2015	12	ald55_66	25	418
2015	12	ald55_66	26	744
2015	12	ald55_66	31	2440
2015	12	ald55_66	32	756
2015	12	ald55_66	33	2600
2015	12	ald55_66	34	331
2015	12	ald55_66	35	209
2015	12	ald55_66	41	1318
2015	12	ald55_66	42	320
2015	12	ald55_66	43	1207
2015	12	ald55_66	44	203
2015	12	ald55_66	51	1110
2015	12	ald55_66	52	1453
2015	12	ald55_66	53	5343
2015	12	ald55_66	54	184
2015	12	ald55_66	61	98
2015	12	ald55_66	62	105
2015	12	ald55_66	71	1112
2015	12	ald55_66	72	1037
2015	12	ald55_66	73	116
2015	12	ald55_66	74	616
2015	12	ald55_66	75	98
2015	12	ald55_66	81	792
2015	12	ald55_66	82	93
2015	12	ald55_66	83	1555
2015	12	ald55_66	91	963
2015	12	ald55_66	92	31
2015	12	ald55_66	93	348
2015	12	ald55_66	94	182
2015	12	ald55_66	96	120
2015	12	ald67_74	00	110
2015	12	ald67_74	03	4
2015	12	ald67_74	11	161
2015	12	ald67_74	12	99
2015	12	ald67_74	13	117
2015	12	ald67_74	14	56
2015	12	ald67_74	21	112
2015	12	ald67_74	22	206
2015	12	ald67_74	23	266
2015	12	ald67_74	24	202
2015	12	ald67_74	25	10
2015	12	ald67_74	26	82
2015	12	ald67_74	31	165
2015	12	ald67_74	32	39
2015	12	ald67_74	33	163
2015	12	ald67_74	34	32
2015	12	ald67_74	35	14
2015	12	ald67_74	41	171
2015	12	ald67_74	42	32
2015	12	ald67_74	43	112
2015	12	ald67_74	44	13
2015	12	ald67_74	51	189
2015	12	ald67_74	52	233
2015	12	ald67_74	53	748
2015	12	ald67_74	54	25
2015	12	ald67_74	61	44
2015	12	ald67_74	62	10
2015	12	ald67_74	71	75
2015	12	ald67_74	72	53
2015	12	ald67_74	73	8
2015	12	ald67_74	74	35
2015	12	ald67_74	75	10
2015	12	ald67_74	81	42
2015	12	ald67_74	83	276
2015	12	ald67_74	91	113
2015	12	ald67_74	92	5
2015	12	ald67_74	93	50
2015	12	ald67_74	94	40
2015	12	ald67_74	96	39
2015	14	ald15_24	00	76
2015	14	ald15_24	01	9
2015	14	ald15_24	02	8
2015	14	ald15_24	03	205
2015	14	ald15_24	11	8
2015	14	ald15_24	14	15
2015	14	ald15_24	21	10
2015	14	ald15_24	22	107
2015	14	ald15_24	23	95
2015	14	ald15_24	24	13
2015	14	ald15_24	25	13
2015	14	ald15_24	26	17
2015	14	ald15_24	31	60
2015	14	ald15_24	32	47
2015	14	ald15_24	33	91
2015	14	ald15_24	34	61
2015	14	ald15_24	35	44
2015	14	ald15_24	41	79
2015	14	ald15_24	42	118
2015	14	ald15_24	43	76
2015	14	ald15_24	44	38
2015	14	ald15_24	51	300
2015	14	ald15_24	52	1533
2015	14	ald15_24	53	1033
2015	14	ald15_24	54	55
2015	14	ald15_24	61	208
2015	14	ald15_24	62	78
2015	14	ald15_24	71	362
2015	14	ald15_24	72	320
2015	14	ald15_24	73	7
2015	14	ald15_24	74	306
2015	14	ald15_24	75	16
2015	14	ald15_24	81	458
2015	14	ald15_24	83	291
2015	14	ald15_24	91	199
2015	14	ald15_24	92	17
2015	14	ald15_24	93	244
2015	14	ald15_24	94	143
2015	14	ald15_24	96	33
2015	14	ald25_54	00	181
2015	14	ald25_54	01	17
2015	14	ald25_54	03	8
2015	14	ald25_54	11	452
2015	14	ald25_54	12	458
2015	14	ald25_54	13	1130
2015	14	ald25_54	14	606
2015	14	ald25_54	21	564
2015	14	ald25_54	22	2154
2015	14	ald25_54	23	2760
2015	14	ald25_54	24	1165
2015	14	ald25_54	25	231
2015	14	ald25_54	26	506
2015	14	ald25_54	31	1372
2015	14	ald25_54	32	506
2015	14	ald25_54	33	1357
2015	14	ald25_54	34	277
2015	14	ald25_54	35	190
2015	14	ald25_54	41	708
2015	14	ald25_54	42	283
2015	14	ald25_54	43	611
2015	14	ald25_54	44	126
2015	14	ald25_54	51	808
2015	14	ald25_54	52	1527
2015	14	ald25_54	53	3570
2015	14	ald25_54	54	171
2015	14	ald25_54	61	212
2015	14	ald25_54	62	254
2015	14	ald25_54	71	1416
2015	14	ald25_54	72	926
2015	14	ald25_54	73	117
2015	14	ald25_54	74	556
2015	14	ald25_54	75	209
2015	14	ald25_54	81	2013
2015	14	ald25_54	82	17
2015	14	ald25_54	83	1474
2015	14	ald25_54	91	852
2015	14	ald25_54	92	22
2015	14	ald25_54	93	468
2015	14	ald25_54	94	155
2015	14	ald25_54	96	141
2015	14	ald55_66	00	88
2015	14	ald55_66	11	211
2015	14	ald55_66	12	214
2015	14	ald55_66	13	569
2015	14	ald55_66	14	179
2015	14	ald55_66	21	184
2015	14	ald55_66	22	506
2015	14	ald55_66	23	951
2015	14	ald55_66	24	482
2015	14	ald55_66	25	19
2015	14	ald55_66	26	173
2015	14	ald55_66	31	453
2015	14	ald55_66	32	138
2015	14	ald55_66	33	529
2015	14	ald55_66	34	55
2015	14	ald55_66	35	21
2015	14	ald55_66	41	399
2015	14	ald55_66	42	64
2015	14	ald55_66	43	212
2015	14	ald55_66	44	111
2015	14	ald55_66	51	257
2015	14	ald55_66	52	459
2015	14	ald55_66	53	1649
2015	14	ald55_66	54	32
2015	14	ald55_66	61	77
2015	14	ald55_66	62	53
2015	14	ald55_66	71	259
2015	14	ald55_66	72	242
2015	14	ald55_66	73	22
2015	14	ald55_66	74	153
2015	14	ald55_66	75	43
2015	14	ald55_66	81	578
2015	14	ald55_66	82	4
2015	14	ald55_66	83	586
2015	14	ald55_66	91	354
2015	14	ald55_66	92	7
2015	14	ald55_66	93	84
2015	14	ald55_66	94	76
2015	14	ald55_66	96	32
2015	14	ald67_74	00	57
2015	14	ald67_74	11	30
2015	14	ald67_74	12	17
2015	14	ald67_74	13	27
2015	14	ald67_74	14	19
2015	14	ald67_74	21	17
2015	14	ald67_74	22	52
2015	14	ald67_74	23	48
2015	14	ald67_74	24	45
2015	14	ald67_74	26	22
2015	14	ald67_74	31	44
2015	14	ald67_74	32	9
2015	14	ald67_74	33	38
2015	14	ald67_74	34	5
2015	14	ald67_74	35	4
2015	14	ald67_74	41	43
2015	14	ald67_74	42	8
2015	14	ald67_74	43	15
2015	14	ald67_74	44	10
2015	14	ald67_74	51	58
2015	14	ald67_74	52	87
2015	14	ald67_74	53	284
2015	14	ald67_74	54	5
2015	14	ald67_74	61	50
2015	14	ald67_74	62	7
2015	14	ald67_74	71	24
2015	14	ald67_74	72	25
2015	14	ald67_74	73	5
2015	14	ald67_74	74	18
2015	14	ald67_74	75	7
2015	14	ald67_74	81	27
2015	14	ald67_74	83	140
2015	14	ald67_74	91	50
2015	14	ald67_74	93	6
2015	14	ald67_74	94	12
2015	14	ald67_74	96	10
2015	15	ald15_24	00	122
2015	15	ald15_24	01	9
2015	15	ald15_24	02	15
2015	15	ald15_24	03	478
2015	15	ald15_24	11	20
2015	15	ald15_24	12	9
2015	15	ald15_24	13	9
2015	15	ald15_24	14	63
2015	15	ald15_24	21	17
2015	15	ald15_24	22	246
2015	15	ald15_24	23	210
2015	15	ald15_24	24	33
2015	15	ald15_24	25	24
2015	15	ald15_24	26	38
2015	15	ald15_24	31	217
2015	15	ald15_24	32	107
2015	15	ald15_24	33	225
2015	15	ald15_24	34	170
2015	15	ald15_24	35	89
2015	15	ald15_24	41	183
2015	15	ald15_24	42	237
2015	15	ald15_24	43	333
2015	15	ald15_24	44	59
2015	15	ald15_24	51	734
2015	15	ald15_24	52	3950
2015	15	ald15_24	53	2448
2015	15	ald15_24	54	144
2015	15	ald15_24	61	249
2015	15	ald15_24	62	139
2015	15	ald15_24	71	637
2015	15	ald15_24	72	904
2015	15	ald15_24	73	12
2015	15	ald15_24	74	786
2015	15	ald15_24	75	54
2015	15	ald15_24	81	633
2015	15	ald15_24	82	19
2015	15	ald15_24	83	538
2015	15	ald15_24	91	520
2015	15	ald15_24	92	11
2015	15	ald15_24	93	336
2015	15	ald15_24	94	281
2015	15	ald15_24	96	157
2015	15	ald25_54	00	406
2015	15	ald25_54	01	65
2015	15	ald25_54	02	5
2015	15	ald25_54	03	15
2015	15	ald25_54	11	1098
2015	15	ald25_54	12	1459
2015	15	ald25_54	13	2897
2015	15	ald25_54	14	1420
2015	15	ald25_54	21	1484
2015	15	ald25_54	22	5089
2015	15	ald25_54	23	5914
2015	15	ald25_54	24	2490
2015	15	ald25_54	25	734
2015	15	ald25_54	26	1043
2015	15	ald25_54	31	5963
2015	15	ald25_54	32	1279
2015	15	ald25_54	33	4142
2015	15	ald25_54	34	792
2015	15	ald25_54	35	454
2015	15	ald25_54	41	1712
2015	15	ald25_54	42	722
2015	15	ald25_54	43	2268
2015	15	ald25_54	44	194
2015	15	ald25_54	51	1951
2015	15	ald25_54	52	3933
2015	15	ald25_54	53	8082
2015	15	ald25_54	54	490
2015	15	ald25_54	61	282
2015	15	ald25_54	62	428
2015	15	ald25_54	71	3638
2015	15	ald25_54	72	2851
2015	15	ald25_54	73	89
2015	15	ald25_54	74	1526
2015	15	ald25_54	75	472
2015	15	ald25_54	81	4101
2015	15	ald25_54	82	120
2015	15	ald25_54	83	3259
2015	15	ald25_54	91	1981
2015	15	ald25_54	92	30
2015	15	ald25_54	93	935
2015	15	ald25_54	94	371
2015	15	ald25_54	95	12
2015	15	ald25_54	96	376
2015	15	ald55_66	00	150
2015	15	ald55_66	01	4
2015	15	ald55_66	03	4
2015	15	ald55_66	11	605
2015	15	ald55_66	12	592
2015	15	ald55_66	13	1347
2015	15	ald55_66	14	394
2015	15	ald55_66	21	380
2015	15	ald55_66	22	1302
2015	15	ald55_66	23	1871
2015	15	ald55_66	24	905
2015	15	ald55_66	25	92
2015	15	ald55_66	26	289
2015	15	ald55_66	31	1658
2015	15	ald55_66	32	313
2015	15	ald55_66	33	1485
2015	15	ald55_66	34	164
2015	15	ald55_66	35	65
2015	15	ald55_66	41	833
2015	15	ald55_66	42	168
2015	15	ald55_66	43	712
2015	15	ald55_66	44	158
2015	15	ald55_66	51	606
2015	15	ald55_66	52	1134
2015	15	ald55_66	53	3631
2015	15	ald55_66	54	111
2015	15	ald55_66	61	73
2015	15	ald55_66	62	81
2015	15	ald55_66	71	699
2015	15	ald55_66	72	758
2015	15	ald55_66	73	31
2015	15	ald55_66	74	436
2015	15	ald55_66	75	122
2015	15	ald55_66	81	1187
2015	15	ald55_66	82	27
2015	15	ald55_66	83	1148
2015	15	ald55_66	91	669
2015	15	ald55_66	92	10
2015	15	ald55_66	93	192
2015	15	ald55_66	94	149
2015	15	ald55_66	96	78
2015	15	ald67_74	00	88
2015	15	ald67_74	03	6
2015	15	ald67_74	11	101
2015	15	ald67_74	12	41
2015	15	ald67_74	13	106
2015	15	ald67_74	14	29
2015	15	ald67_74	21	48
2015	15	ald67_74	22	116
2015	15	ald67_74	23	125
2015	15	ald67_74	24	73
2015	15	ald67_74	26	42
2015	15	ald67_74	31	142
2015	15	ald67_74	32	22
2015	15	ald67_74	33	98
2015	15	ald67_74	34	11
2015	15	ald67_74	41	104
2015	15	ald67_74	42	12
2015	15	ald67_74	43	71
2015	15	ald67_74	44	14
2015	15	ald67_74	51	122
2015	15	ald67_74	52	140
2015	15	ald67_74	53	512
2015	15	ald67_74	54	11
2015	15	ald67_74	61	49
2015	15	ald67_74	62	9
2015	15	ald67_74	71	47
2015	15	ald67_74	72	66
2015	15	ald67_74	73	8
2015	15	ald67_74	74	24
2015	15	ald67_74	75	18
2015	15	ald67_74	81	83
2015	15	ald67_74	83	217
2015	15	ald67_74	91	102
2015	15	ald67_74	92	4
2015	15	ald67_74	93	35
2015	15	ald67_74	94	25
2015	15	ald67_74	96	31
2015	16	ald15_24	00	111
2015	16	ald15_24	01	83
2015	16	ald15_24	02	84
2015	16	ald15_24	03	708
2015	16	ald15_24	11	29
2015	16	ald15_24	12	9
2015	16	ald15_24	13	6
2015	16	ald15_24	14	93
2015	16	ald15_24	21	53
2015	16	ald15_24	22	424
2015	16	ald15_24	23	1534
2015	16	ald15_24	24	96
2015	16	ald15_24	25	81
2015	16	ald15_24	26	74
2015	16	ald15_24	31	188
2015	16	ald15_24	32	135
2015	16	ald15_24	33	1023
2015	16	ald15_24	34	346
2015	16	ald15_24	35	100
2015	16	ald15_24	41	423
2015	16	ald15_24	42	575
2015	16	ald15_24	43	501
2015	16	ald15_24	44	266
2015	16	ald15_24	51	1977
2015	16	ald15_24	52	5759
2015	16	ald15_24	53	2760
2015	16	ald15_24	54	226
2015	16	ald15_24	61	286
2015	16	ald15_24	62	174
2015	16	ald15_24	71	1015
2015	16	ald15_24	72	679
2015	16	ald15_24	73	29
2015	16	ald15_24	74	767
2015	16	ald15_24	75	85
2015	16	ald15_24	81	572
2015	16	ald15_24	82	34
2015	16	ald15_24	83	481
2015	16	ald15_24	91	536
2015	16	ald15_24	92	31
2015	16	ald15_24	93	422
2015	16	ald15_24	94	437
2015	16	ald15_24	96	198
2015	16	ald25_54	00	349
2015	16	ald25_54	01	581
2015	16	ald25_54	02	14
2015	16	ald25_54	03	38
2015	16	ald25_54	11	1464
2015	16	ald25_54	12	1747
2015	16	ald25_54	13	3376
2015	16	ald25_54	14	1614
2015	16	ald25_54	21	4738
2015	16	ald25_54	22	6993
2015	16	ald25_54	23	9977
2015	16	ald25_54	24	5661
2015	16	ald25_54	25	2184
2015	16	ald25_54	26	2093
2015	16	ald25_54	31	4976
2015	16	ald25_54	32	1689
2015	16	ald25_54	33	6527
2015	16	ald25_54	34	1221
2015	16	ald25_54	35	1022
2015	16	ald25_54	41	2420
2015	16	ald25_54	42	1103
2015	16	ald25_54	43	2536
2015	16	ald25_54	44	337
2015	16	ald25_54	51	3372
2015	16	ald25_54	52	5663
2015	16	ald25_54	53	8627
2015	16	ald25_54	54	627
2015	16	ald25_54	61	424
2015	16	ald25_54	62	376
2015	16	ald25_54	71	4217
2015	16	ald25_54	72	2086
2015	16	ald25_54	73	218
2015	16	ald25_54	74	1489
2015	16	ald25_54	75	566
2015	16	ald25_54	81	2970
2015	16	ald25_54	82	204
2015	16	ald25_54	83	3425
2015	16	ald25_54	91	2582
2015	16	ald25_54	92	36
2015	16	ald25_54	93	962
2015	16	ald25_54	94	583
2015	16	ald25_54	95	8
2015	16	ald25_54	96	498
2015	16	ald55_66	00	111
2015	16	ald55_66	01	42
2015	16	ald55_66	11	632
2015	16	ald55_66	12	717
2015	16	ald55_66	13	1359
2015	16	ald55_66	14	353
2015	16	ald55_66	21	961
2015	16	ald55_66	22	1473
2015	16	ald55_66	23	2406
2015	16	ald55_66	24	1800
2015	16	ald55_66	25	301
2015	16	ald55_66	26	466
2015	16	ald55_66	31	1375
2015	16	ald55_66	32	378
2015	16	ald55_66	33	1622
2015	16	ald55_66	34	234
2015	16	ald55_66	35	179
2015	16	ald55_66	41	921
2015	16	ald55_66	42	191
2015	16	ald55_66	43	769
2015	16	ald55_66	44	107
2015	16	ald55_66	51	747
2015	16	ald55_66	52	1025
2015	16	ald55_66	53	2757
2015	16	ald55_66	54	103
2015	16	ald55_66	61	100
2015	16	ald55_66	62	57
2015	16	ald55_66	71	591
2015	16	ald55_66	72	432
2015	16	ald55_66	73	90
2015	16	ald55_66	74	330
2015	16	ald55_66	75	81
2015	16	ald55_66	81	656
2015	16	ald55_66	82	53
2015	16	ald55_66	83	1158
2015	16	ald55_66	91	795
2015	16	ald55_66	92	10
2015	16	ald55_66	93	209
2015	16	ald55_66	94	120
2015	16	ald55_66	96	139
2015	16	ald67_74	00	75
2015	16	ald67_74	03	4
2015	16	ald67_74	11	122
2015	16	ald67_74	12	55
2015	16	ald67_74	13	81
2015	16	ald67_74	14	39
2015	16	ald67_74	21	124
2015	16	ald67_74	22	118
2015	16	ald67_74	23	195
2015	16	ald67_74	24	116
2015	16	ald67_74	25	7
2015	16	ald67_74	26	53
2015	16	ald67_74	31	116
2015	16	ald67_74	32	17
2015	16	ald67_74	33	124
2015	16	ald67_74	34	15
2015	16	ald67_74	35	9
2015	16	ald67_74	41	71
2015	16	ald67_74	42	16
2015	16	ald67_74	43	52
2015	16	ald67_74	44	12
2015	16	ald67_74	51	139
2015	16	ald67_74	52	118
2015	16	ald67_74	53	299
2015	16	ald67_74	54	8
2015	16	ald67_74	61	54
2015	16	ald67_74	62	6
2015	16	ald67_74	71	44
2015	16	ald67_74	72	25
2015	16	ald67_74	73	7
2015	16	ald67_74	74	14
2015	16	ald67_74	75	13
2015	16	ald67_74	81	31
2015	16	ald67_74	83	179
2015	16	ald67_74	91	69
2015	16	ald67_74	93	25
2015	16	ald67_74	94	20
2015	16	ald67_74	96	42
2015	17	ald15_24	00	114
2015	17	ald15_24	01	13
2015	17	ald15_24	02	23
2015	17	ald15_24	03	362
2015	17	ald15_24	11	6
2015	17	ald15_24	13	4
2015	17	ald15_24	14	28
2015	17	ald15_24	21	13
2015	17	ald15_24	22	135
2015	17	ald15_24	23	176
2015	17	ald15_24	24	9
2015	17	ald15_24	25	10
2015	17	ald15_24	26	28
2015	17	ald15_24	31	39
2015	17	ald15_24	32	69
2015	17	ald15_24	33	92
2015	17	ald15_24	34	40
2015	17	ald15_24	35	29
2015	17	ald15_24	41	77
2015	17	ald15_24	42	118
2015	17	ald15_24	43	127
2015	17	ald15_24	44	13
2015	17	ald15_24	51	444
2015	17	ald15_24	52	1845
2015	17	ald15_24	53	1318
2015	17	ald15_24	54	72
2015	17	ald15_24	61	452
2015	17	ald15_24	62	80
2015	17	ald15_24	71	555
2015	17	ald15_24	72	433
2015	17	ald15_24	73	8
2015	17	ald15_24	74	234
2015	17	ald15_24	75	44
2015	17	ald15_24	81	261
2015	17	ald15_24	82	9
2015	17	ald15_24	83	263
2015	17	ald15_24	91	232
2015	17	ald15_24	92	33
2015	17	ald15_24	93	270
2015	17	ald15_24	94	126
2015	17	ald15_24	96	75
2015	17	ald25_54	00	153
2015	17	ald25_54	01	109
2015	17	ald25_54	03	13
2015	17	ald25_54	11	527
2015	17	ald25_54	12	443
2015	17	ald25_54	13	1264
2015	17	ald25_54	14	646
2015	17	ald25_54	21	878
2015	17	ald25_54	22	3088
2015	17	ald25_54	23	3520
2015	17	ald25_54	24	1163
2015	17	ald25_54	25	166
2015	17	ald25_54	26	559
2015	17	ald25_54	31	1297
2015	17	ald25_54	32	671
2015	17	ald25_54	33	1661
2015	17	ald25_54	34	373
2015	17	ald25_54	35	130
2015	17	ald25_54	41	845
2015	17	ald25_54	42	361
2015	17	ald25_54	43	607
2015	17	ald25_54	44	90
2015	17	ald25_54	51	1154
2015	17	ald25_54	52	2303
2015	17	ald25_54	53	4214
2015	17	ald25_54	54	255
2015	17	ald25_54	61	444
2015	17	ald25_54	62	207
2015	17	ald25_54	71	1631
2015	17	ald25_54	72	1322
2015	17	ald25_54	73	58
2015	17	ald25_54	74	511
2015	17	ald25_54	75	251
2015	17	ald25_54	81	1222
2015	17	ald25_54	82	73
2015	17	ald25_54	83	1611
2015	17	ald25_54	91	905
2015	17	ald25_54	92	33
2015	17	ald25_54	93	454
2015	17	ald25_54	94	211
2015	17	ald25_54	96	202
2015	17	ald55_66	00	100
2015	17	ald55_66	01	8
2015	17	ald55_66	03	7
2015	17	ald55_66	11	264
2015	17	ald55_66	12	229
2015	17	ald55_66	13	612
2015	17	ald55_66	14	170
2015	17	ald55_66	21	210
2015	17	ald55_66	22	720
2015	17	ald55_66	23	980
2015	17	ald55_66	24	474
2015	17	ald55_66	25	22
2015	17	ald55_66	26	148
2015	17	ald55_66	31	464
2015	17	ald55_66	32	166
2015	17	ald55_66	33	565
2015	17	ald55_66	34	80
2015	17	ald55_66	35	26
2015	17	ald55_66	41	404
2015	17	ald55_66	42	87
2015	17	ald55_66	43	227
2015	17	ald55_66	44	124
2015	17	ald55_66	51	343
2015	17	ald55_66	52	619
2015	17	ald55_66	53	1709
2015	17	ald55_66	54	64
2015	17	ald55_66	61	167
2015	17	ald55_66	62	55
2015	17	ald55_66	71	289
2015	17	ald55_66	72	335
2015	17	ald55_66	73	29
2015	17	ald55_66	74	107
2015	17	ald55_66	75	28
2015	17	ald55_66	81	362
2015	17	ald55_66	82	29
2015	17	ald55_66	83	621
2015	17	ald55_66	91	407
2015	17	ald55_66	92	6
2015	17	ald55_66	93	96
2015	17	ald55_66	94	67
2015	17	ald55_66	96	82
2015	17	ald67_74	00	66
2015	17	ald67_74	03	9
2015	17	ald67_74	11	43
2015	17	ald67_74	12	10
2015	17	ald67_74	13	29
2015	17	ald67_74	14	18
2015	17	ald67_74	21	15
2015	17	ald67_74	22	58
2015	17	ald67_74	23	50
2015	17	ald67_74	24	35
2015	17	ald67_74	26	15
2015	17	ald67_74	31	26
2015	17	ald67_74	32	10
2015	17	ald67_74	33	50
2015	17	ald67_74	34	12
2015	17	ald67_74	41	55
2015	17	ald67_74	42	12
2015	17	ald67_74	43	13
2015	17	ald67_74	44	17
2015	17	ald67_74	51	83
2015	17	ald67_74	52	76
2015	17	ald67_74	53	205
2015	17	ald67_74	54	8
2015	17	ald67_74	61	59
2015	17	ald67_74	71	19
2015	17	ald67_74	72	20
2015	17	ald67_74	74	4
2015	17	ald67_74	75	8
2015	17	ald67_74	81	13
2015	17	ald67_74	83	119
2015	17	ald67_74	91	64
2015	17	ald67_74	93	12
2015	17	ald67_74	94	15
2015	17	ald67_74	96	37
2015	18	ald15_24	00	90
2015	18	ald15_24	01	31
2015	18	ald15_24	02	57
2015	18	ald15_24	03	472
2015	18	ald15_24	11	12
2015	18	ald15_24	13	10
2015	18	ald15_24	14	53
2015	18	ald15_24	21	13
2015	18	ald15_24	22	188
2015	18	ald15_24	23	251
2015	18	ald15_24	24	39
2015	18	ald15_24	25	12
2015	18	ald15_24	26	66
2015	18	ald15_24	31	124
2015	18	ald15_24	32	101
2015	18	ald15_24	33	190
2015	18	ald15_24	34	93
2015	18	ald15_24	35	49
2015	18	ald15_24	41	174
2015	18	ald15_24	42	215
2015	18	ald15_24	43	250
2015	18	ald15_24	44	50
2015	18	ald15_24	51	911
2015	18	ald15_24	52	3834
2015	18	ald15_24	53	2337
2015	18	ald15_24	54	166
2015	18	ald15_24	61	236
2015	18	ald15_24	62	210
2015	18	ald15_24	71	678
2015	18	ald15_24	72	652
2015	18	ald15_24	73	11
2015	18	ald15_24	74	684
2015	18	ald15_24	75	50
2015	18	ald15_24	81	552
2015	18	ald15_24	83	461
2015	18	ald15_24	91	437
2015	18	ald15_24	92	14
2015	18	ald15_24	93	498
2015	18	ald15_24	94	254
2015	18	ald15_24	96	123
2015	18	ald25_54	00	396
2015	18	ald25_54	01	701
2015	18	ald25_54	02	12
2015	18	ald25_54	03	35
2015	18	ald25_54	11	1051
2015	18	ald25_54	12	1110
2015	18	ald25_54	13	2517
2015	18	ald25_54	14	1268
2015	18	ald25_54	21	1024
2015	18	ald25_54	22	4985
2015	18	ald25_54	23	5712
2015	18	ald25_54	24	2974
2015	18	ald25_54	25	525
2015	18	ald25_54	26	1528
2015	18	ald25_54	31	2979
2015	18	ald25_54	32	1305
2015	18	ald25_54	33	3389
2015	18	ald25_54	34	719
2015	18	ald25_54	35	369
2015	18	ald25_54	41	1666
2015	18	ald25_54	42	728
2015	18	ald25_54	43	1710
2015	18	ald25_54	44	273
2015	18	ald25_54	51	1948
2015	18	ald25_54	52	3931
2015	18	ald25_54	53	8228
2015	18	ald25_54	54	652
2015	18	ald25_54	61	336
2015	18	ald25_54	62	556
2015	18	ald25_54	71	2470
2015	18	ald25_54	72	2125
2015	18	ald25_54	73	88
2015	18	ald25_54	74	1118
2015	18	ald25_54	75	287
2015	18	ald25_54	81	2624
2015	18	ald25_54	82	81
2015	18	ald25_54	83	2876
2015	18	ald25_54	91	1927
2015	18	ald25_54	92	50
2015	18	ald25_54	93	1226
2015	18	ald25_54	94	339
2015	18	ald25_54	96	442
2015	18	ald55_66	00	182
2015	18	ald55_66	01	82
2015	18	ald55_66	11	527
2015	18	ald55_66	12	540
2015	18	ald55_66	13	1182
2015	18	ald55_66	14	353
2015	18	ald55_66	21	345
2015	18	ald55_66	22	1118
2015	18	ald55_66	23	1894
2015	18	ald55_66	24	1172
2015	18	ald55_66	25	79
2015	18	ald55_66	26	418
2015	18	ald55_66	31	1123
2015	18	ald55_66	32	297
2015	18	ald55_66	33	1119
2015	18	ald55_66	34	214
2015	18	ald55_66	35	68
2015	18	ald55_66	41	785
2015	18	ald55_66	42	129
2015	18	ald55_66	43	497
2015	18	ald55_66	44	202
2015	18	ald55_66	51	584
2015	18	ald55_66	52	850
2015	18	ald55_66	53	3093
2015	18	ald55_66	54	131
2015	18	ald55_66	61	70
2015	18	ald55_66	62	96
2015	18	ald55_66	71	451
2015	18	ald55_66	72	535
2015	18	ald55_66	73	35
2015	18	ald55_66	74	268
2015	18	ald55_66	75	56
2015	18	ald55_66	81	639
2015	18	ald55_66	82	7
2015	18	ald55_66	83	956
2015	18	ald55_66	91	592
2015	18	ald55_66	92	23
2015	18	ald55_66	93	274
2015	18	ald55_66	94	120
2015	18	ald55_66	96	130
2015	18	ald67_74	00	111
2015	18	ald67_74	03	7
2015	18	ald67_74	11	66
2015	18	ald67_74	12	22
2015	18	ald67_74	13	63
2015	18	ald67_74	14	35
2015	18	ald67_74	21	24
2015	18	ald67_74	22	74
2015	18	ald67_74	23	129
2015	18	ald67_74	24	65
2015	18	ald67_74	25	5
2015	18	ald67_74	26	37
2015	18	ald67_74	31	105
2015	18	ald67_74	32	20
2015	18	ald67_74	33	70
2015	18	ald67_74	34	13
2015	18	ald67_74	35	4
2015	18	ald67_74	41	71
2015	18	ald67_74	42	13
2015	18	ald67_74	43	46
2015	18	ald67_74	44	8
2015	18	ald67_74	51	98
2015	18	ald67_74	52	125
2015	18	ald67_74	53	521
2015	18	ald67_74	54	5
2015	18	ald67_74	61	42
2015	18	ald67_74	62	10
2015	18	ald67_74	71	37
2015	18	ald67_74	72	32
2015	18	ald67_74	73	6
2015	18	ald67_74	74	17
2015	18	ald67_74	75	11
2015	18	ald67_74	81	37
2015	18	ald67_74	83	197
2015	18	ald67_74	91	74
2015	18	ald67_74	93	26
2015	18	ald67_74	94	19
2015	18	ald67_74	96	31
2015	19	ald15_24	00	68
2015	19	ald15_24	01	112
2015	19	ald15_24	02	162
2015	19	ald15_24	03	522
2015	19	ald15_24	11	17
2015	19	ald15_24	13	11
2015	19	ald15_24	14	45
2015	19	ald15_24	21	7
2015	19	ald15_24	22	203
2015	19	ald15_24	23	278
2015	19	ald15_24	24	44
2015	19	ald15_24	25	12
2015	19	ald15_24	26	49
2015	19	ald15_24	31	87
2015	19	ald15_24	32	137
2015	19	ald15_24	33	142
2015	19	ald15_24	34	111
2015	19	ald15_24	35	67
2015	19	ald15_24	41	151
2015	19	ald15_24	42	226
2015	19	ald15_24	43	251
2015	19	ald15_24	44	47
2015	19	ald15_24	51	826
2015	19	ald15_24	52	3281
2015	19	ald15_24	53	2073
2015	19	ald15_24	54	146
2015	19	ald15_24	61	101
2015	19	ald15_24	62	114
2015	19	ald15_24	71	435
2015	19	ald15_24	72	432
2015	19	ald15_24	73	10
2015	19	ald15_24	74	425
2015	19	ald15_24	75	60
2015	19	ald15_24	81	238
2015	19	ald15_24	83	325
2015	19	ald15_24	91	334
2015	19	ald15_24	92	18
2015	19	ald15_24	93	286
2015	19	ald15_24	94	249
2015	19	ald15_24	96	85
2015	19	ald25_54	00	350
2015	19	ald25_54	01	983
2015	19	ald25_54	02	34
2015	19	ald25_54	03	76
2015	19	ald25_54	11	895
2015	19	ald25_54	12	754
2015	19	ald25_54	13	1760
2015	19	ald25_54	14	936
2015	19	ald25_54	21	1333
2015	19	ald25_54	22	4197
2015	19	ald25_54	23	5094
2015	19	ald25_54	24	2805
2015	19	ald25_54	25	486
2015	19	ald25_54	26	1195
2015	19	ald25_54	31	1943
2015	19	ald25_54	32	1206
2015	19	ald25_54	33	2480
2015	19	ald25_54	34	617
2015	19	ald25_54	35	329
2015	19	ald25_54	41	971
2015	19	ald25_54	42	514
2015	19	ald25_54	43	1043
2015	19	ald25_54	44	134
2015	19	ald25_54	51	1528
2015	19	ald25_54	52	2723
2015	19	ald25_54	53	5636
2015	19	ald25_54	54	373
2015	19	ald25_54	61	130
2015	19	ald25_54	62	297
2015	19	ald25_54	71	1627
2015	19	ald25_54	72	1161
2015	19	ald25_54	73	79
2015	19	ald25_54	74	673
2015	19	ald25_54	75	199
2015	19	ald25_54	81	1152
2015	19	ald25_54	82	16
2015	19	ald25_54	83	1810
2015	19	ald25_54	91	1314
2015	19	ald25_54	92	30
2015	19	ald25_54	93	623
2015	19	ald25_54	94	320
2015	19	ald25_54	95	6
2015	19	ald25_54	96	332
2015	19	ald55_66	00	132
2015	19	ald55_66	01	56
2015	19	ald55_66	11	421
2015	19	ald55_66	12	305
2015	19	ald55_66	13	743
2015	19	ald55_66	14	214
2015	19	ald55_66	21	302
2015	19	ald55_66	22	856
2015	19	ald55_66	23	1414
2015	19	ald55_66	24	917
2015	19	ald55_66	25	73
2015	19	ald55_66	26	290
2015	19	ald55_66	31	610
2015	19	ald55_66	32	306
2015	19	ald55_66	33	841
2015	19	ald55_66	34	118
2015	19	ald55_66	35	66
2015	19	ald55_66	41	455
2015	19	ald55_66	42	116
2015	19	ald55_66	43	305
2015	19	ald55_66	44	116
2015	19	ald55_66	51	404
2015	19	ald55_66	52	524
2015	19	ald55_66	53	1853
2015	19	ald55_66	54	55
2015	19	ald55_66	61	30
2015	19	ald55_66	62	46
2015	19	ald55_66	71	232
2015	19	ald55_66	72	248
2015	19	ald55_66	73	15
2015	19	ald55_66	74	152
2015	19	ald55_66	75	27
2015	19	ald55_66	81	228
2015	19	ald55_66	83	574
2015	19	ald55_66	91	412
2015	19	ald55_66	92	6
2015	19	ald55_66	93	88
2015	19	ald55_66	94	98
2015	19	ald55_66	96	91
2015	19	ald67_74	00	73
2015	19	ald67_74	11	49
2015	19	ald67_74	12	33
2015	19	ald67_74	13	56
2015	19	ald67_74	14	20
2015	19	ald67_74	21	22
2015	19	ald67_74	22	82
2015	19	ald67_74	23	142
2015	19	ald67_74	24	71
2015	19	ald67_74	26	37
2015	19	ald67_74	31	69
2015	19	ald67_74	32	21
2015	19	ald67_74	33	54
2015	19	ald67_74	34	13
2015	19	ald67_74	35	4
2015	19	ald67_74	41	46
2015	19	ald67_74	42	20
2015	19	ald67_74	43	24
2015	19	ald67_74	44	6
2015	19	ald67_74	51	106
2015	19	ald67_74	52	78
2015	19	ald67_74	53	393
2015	19	ald67_74	61	17
2015	19	ald67_74	62	8
2015	19	ald67_74	71	20
2015	19	ald67_74	72	27
2015	19	ald67_74	74	6
2015	19	ald67_74	75	7
2015	19	ald67_74	81	36
2015	19	ald67_74	83	117
2015	19	ald67_74	91	63
2015	19	ald67_74	93	25
2015	19	ald67_74	94	25
2015	19	ald67_74	96	22
2015	20	ald15_24	00	28
2015	20	ald15_24	01	29
2015	20	ald15_24	02	38
2015	20	ald15_24	03	140
2015	20	ald15_24	11	6
2015	20	ald15_24	13	6
2015	20	ald15_24	14	29
2015	20	ald15_24	21	10
2015	20	ald15_24	22	64
2015	20	ald15_24	23	81
2015	20	ald15_24	24	22
2015	20	ald15_24	26	33
2015	20	ald15_24	31	41
2015	20	ald15_24	32	41
2015	20	ald15_24	33	76
2015	20	ald15_24	34	29
2015	20	ald15_24	35	9
2015	20	ald15_24	41	63
2015	20	ald15_24	42	99
2015	20	ald15_24	43	52
2015	20	ald15_24	44	11
2015	20	ald15_24	51	275
2015	20	ald15_24	52	1140
2015	20	ald15_24	53	713
2015	20	ald15_24	54	84
2015	20	ald15_24	61	37
2015	20	ald15_24	62	94
2015	20	ald15_24	71	228
2015	20	ald15_24	72	201
2015	20	ald15_24	73	9
2015	20	ald15_24	74	223
2015	20	ald15_24	75	21
2015	20	ald15_24	81	225
2015	20	ald15_24	83	178
2015	20	ald15_24	91	180
2015	20	ald15_24	92	5
2015	20	ald15_24	93	165
2015	20	ald15_24	94	81
2015	20	ald15_24	96	82
2015	20	ald25_54	00	177
2015	20	ald25_54	01	116
2015	20	ald25_54	02	4
2015	20	ald25_54	03	44
2015	20	ald25_54	11	443
2015	20	ald25_54	12	373
2015	20	ald25_54	13	856
2015	20	ald25_54	14	466
2015	20	ald25_54	21	380
2015	20	ald25_54	22	1458
2015	20	ald25_54	23	2126
2015	20	ald25_54	24	1222
2015	20	ald25_54	25	96
2015	20	ald25_54	26	605
2015	20	ald25_54	31	881
2015	20	ald25_54	32	382
2015	20	ald25_54	33	1008
2015	20	ald25_54	34	251
2015	20	ald25_54	35	112
2015	20	ald25_54	41	585
2015	20	ald25_54	42	280
2015	20	ald25_54	43	480
2015	20	ald25_54	44	75
2015	20	ald25_54	51	678
2015	20	ald25_54	52	1095
2015	20	ald25_54	53	2701
2015	20	ald25_54	54	314
2015	20	ald25_54	61	70
2015	20	ald25_54	62	311
2015	20	ald25_54	71	682
2015	20	ald25_54	72	467
2015	20	ald25_54	73	38
2015	20	ald25_54	74	320
2015	20	ald25_54	75	93
2015	20	ald25_54	81	869
2015	20	ald25_54	82	10
2015	20	ald25_54	83	934
2015	20	ald25_54	91	650
2015	20	ald25_54	92	11
2015	20	ald25_54	93	352
2015	20	ald25_54	94	96
2015	20	ald25_54	96	144
2015	20	ald55_66	00	81
2015	20	ald55_66	01	12
2015	20	ald55_66	03	4
2015	20	ald55_66	11	155
2015	20	ald55_66	12	158
2015	20	ald55_66	13	305
2015	20	ald55_66	14	111
2015	20	ald55_66	21	85
2015	20	ald55_66	22	296
2015	20	ald55_66	23	680
2015	20	ald55_66	24	404
2015	20	ald55_66	25	17
2015	20	ald55_66	26	144
2015	20	ald55_66	31	242
2015	20	ald55_66	32	91
2015	20	ald55_66	33	248
2015	20	ald55_66	34	57
2015	20	ald55_66	35	16
2015	20	ald55_66	41	215
2015	20	ald55_66	42	47
2015	20	ald55_66	43	134
2015	20	ald55_66	44	42
2015	20	ald55_66	51	224
2015	20	ald55_66	52	175
2015	20	ald55_66	53	813
2015	20	ald55_66	54	53
2015	20	ald55_66	61	18
2015	20	ald55_66	62	47
2015	20	ald55_66	71	111
2015	20	ald55_66	72	73
2015	20	ald55_66	73	20
2015	20	ald55_66	74	59
2015	20	ald55_66	75	13
2015	20	ald55_66	81	186
2015	20	ald55_66	83	270
2015	20	ald55_66	91	235
2015	20	ald55_66	92	4
2015	20	ald55_66	93	58
2015	20	ald55_66	94	28
2015	20	ald55_66	96	42
2015	20	ald67_74	00	41
2015	20	ald67_74	11	21
2015	20	ald67_74	12	13
2015	20	ald67_74	13	18
2015	20	ald67_74	14	14
2015	20	ald67_74	21	8
2015	20	ald67_74	22	26
2015	20	ald67_74	23	35
2015	20	ald67_74	24	22
2015	20	ald67_74	26	18
2015	20	ald67_74	31	26
2015	20	ald67_74	32	5
2015	20	ald67_74	33	11
2015	20	ald67_74	34	5
2015	20	ald67_74	41	20
2015	20	ald67_74	43	13
2015	20	ald67_74	44	5
2015	20	ald67_74	51	31
2015	20	ald67_74	52	54
2015	20	ald67_74	53	144
2015	20	ald67_74	61	9
2015	20	ald67_74	71	14
2015	20	ald67_74	72	8
2015	20	ald67_74	74	6
2015	20	ald67_74	75	4
2015	20	ald67_74	81	17
2015	20	ald67_74	83	52
2015	20	ald67_74	91	35
2015	20	ald67_74	93	17
2015	20	ald67_74	94	15
2015	20	ald67_74	96	14
2015	21	ald15_24	23	4
2015	21	ald15_24	42	5
2015	21	ald15_24	51	16
2015	21	ald15_24	52	4
2015	21	ald15_24	53	5
2015	21	ald15_24	71	11
2015	21	ald15_24	72	4
2015	21	ald15_24	74	5
2015	21	ald15_24	83	5
2015	21	ald25_54	11	20
2015	21	ald25_54	12	21
2015	21	ald25_54	13	48
2015	21	ald25_54	14	30
2015	21	ald25_54	21	34
2015	21	ald25_54	22	7
2015	21	ald25_54	23	64
2015	21	ald25_54	24	52
2015	21	ald25_54	25	11
2015	21	ald25_54	26	16
2015	21	ald25_54	31	92
2015	21	ald25_54	32	16
2015	21	ald25_54	33	44
2015	21	ald25_54	34	6
2015	21	ald25_54	35	8
2015	21	ald25_54	41	16
2015	21	ald25_54	42	23
2015	21	ald25_54	43	33
2015	21	ald25_54	51	69
2015	21	ald25_54	52	31
2015	21	ald25_54	53	36
2015	21	ald25_54	54	22
2015	21	ald25_54	71	42
2015	21	ald25_54	72	50
2015	21	ald25_54	74	21
2015	21	ald25_54	81	65
2015	21	ald25_54	83	30
2015	21	ald25_54	91	10
2015	21	ald25_54	94	4
2015	21	ald55_66	11	12
2015	21	ald55_66	12	10
2015	21	ald55_66	13	10
2015	21	ald55_66	14	8
2015	21	ald55_66	21	5
2015	21	ald55_66	22	11
2015	21	ald55_66	23	7
2015	21	ald55_66	24	6
2015	21	ald55_66	26	4
2015	21	ald55_66	31	21
2015	21	ald55_66	33	5
2015	21	ald55_66	41	8
2015	21	ald55_66	43	16
2015	21	ald55_66	52	7
2015	21	ald55_66	53	8
2015	21	ald55_66	71	5
2015	21	ald55_66	72	19
2015	21	ald55_66	74	6
2015	21	ald55_66	81	16
2015	21	ald55_66	83	23
2015	22	ald25_54	31	9
2015	23	ald15_24	31	65
2015	23	ald15_24	43	4
2015	23	ald15_24	71	7
2015	23	ald15_24	72	50
2015	23	ald15_24	74	41
2015	23	ald15_24	81	686
2015	23	ald15_24	91	4
2015	23	ald25_54	00	16
2015	23	ald25_54	13	706
2015	23	ald25_54	14	6
2015	23	ald25_54	21	205
2015	23	ald25_54	22	52
2015	23	ald25_54	31	2325
2015	23	ald25_54	32	29
2015	23	ald25_54	33	22
2015	23	ald25_54	34	12
2015	23	ald25_54	35	87
2015	23	ald25_54	41	5
2015	23	ald25_54	43	139
2015	23	ald25_54	51	840
2015	23	ald25_54	71	88
2015	23	ald25_54	72	976
2015	23	ald25_54	74	479
2015	23	ald25_54	81	6059
2015	23	ald25_54	82	5
2015	23	ald25_54	83	51
2015	23	ald25_54	91	1225
2015	23	ald25_54	96	19
2015	23	ald55_66	00	5
2015	23	ald55_66	11	5
2015	23	ald55_66	13	476
2015	23	ald55_66	21	96
2015	23	ald55_66	22	41
2015	23	ald55_66	24	4
2015	23	ald55_66	31	550
2015	23	ald55_66	32	9
2015	23	ald55_66	33	12
2015	23	ald55_66	35	20
2015	23	ald55_66	43	65
2015	23	ald55_66	51	212
2015	23	ald55_66	71	30
2015	23	ald55_66	72	290
2015	23	ald55_66	74	140
2015	23	ald55_66	81	1265
2015	23	ald55_66	83	12
2015	23	ald55_66	91	345
2015	23	ald55_66	96	13
2015	23	ald67_74	31	5
2015	23	ald67_74	74	4
2015	23	ald67_74	81	12
