STATISTIKKAAR	BOSTEDSFYLKE	ALDERSGRUPPE	YRKE_2	ANTALL
2017	01	ald15_24	00	132
2017	01	ald15_24	01	16
2017	01	ald15_24	02	32
2017	01	ald15_24	03	527
2017	01	ald15_24	11	24
2017	01	ald15_24	12	11
2017	01	ald15_24	13	4
2017	01	ald15_24	14	75
2017	01	ald15_24	21	28
2017	01	ald15_24	22	294
2017	01	ald15_24	23	350
2017	01	ald15_24	24	77
2017	01	ald15_24	25	47
2017	01	ald15_24	26	90
2017	01	ald15_24	31	99
2017	01	ald15_24	32	114
2017	01	ald15_24	33	402
2017	01	ald15_24	34	355
2017	01	ald15_24	35	93
2017	01	ald15_24	41	354
2017	01	ald15_24	42	243
2017	01	ald15_24	43	435
2017	01	ald15_24	44	25
2017	01	ald15_24	51	938
2017	01	ald15_24	52	4035
2017	01	ald15_24	53	2507
2017	01	ald15_24	54	188
2017	01	ald15_24	61	181
2017	01	ald15_24	62	6
2017	01	ald15_24	71	810
2017	01	ald15_24	72	596
2017	01	ald15_24	73	16
2017	01	ald15_24	74	589
2017	01	ald15_24	75	47
2017	01	ald15_24	81	596
2017	01	ald15_24	82	43
2017	01	ald15_24	83	236
2017	01	ald15_24	91	407
2017	01	ald15_24	92	71
2017	01	ald15_24	93	537
2017	01	ald15_24	94	372
2017	01	ald15_24	96	245
2017	01	ald25_54	00	318
2017	01	ald25_54	01	388
2017	01	ald25_54	02	14
2017	01	ald25_54	03	40
2017	01	ald25_54	11	1284
2017	01	ald25_54	12	1570
2017	01	ald25_54	13	2686
2017	01	ald25_54	14	1488
2017	01	ald25_54	21	1762
2017	01	ald25_54	22	5185
2017	01	ald25_54	23	6439
2017	01	ald25_54	24	3322
2017	01	ald25_54	25	1350
2017	01	ald25_54	26	1558
2017	01	ald25_54	31	3523
2017	01	ald25_54	32	1435
2017	01	ald25_54	33	6004
2017	01	ald25_54	34	1118
2017	01	ald25_54	35	671
2017	01	ald25_54	41	2258
2017	01	ald25_54	42	862
2017	01	ald25_54	43	3253
2017	01	ald25_54	44	174
2017	01	ald25_54	51	2375
2017	01	ald25_54	52	5264
2017	01	ald25_54	53	9328
2017	01	ald25_54	54	932
2017	01	ald25_54	61	364
2017	01	ald25_54	62	21
2017	01	ald25_54	71	3946
2017	01	ald25_54	72	2389
2017	01	ald25_54	73	222
2017	01	ald25_54	74	1357
2017	01	ald25_54	75	300
2017	01	ald25_54	81	3508
2017	01	ald25_54	82	512
2017	01	ald25_54	83	2837
2017	01	ald25_54	91	2014
2017	01	ald25_54	92	75
2017	01	ald25_54	93	1112
2017	01	ald25_54	94	456
2017	01	ald25_54	95	11
2017	01	ald25_54	96	451
2017	01	ald55_66	00	160
2017	01	ald55_66	01	57
2017	01	ald55_66	03	5
2017	01	ald55_66	11	624
2017	01	ald55_66	12	665
2017	01	ald55_66	13	1157
2017	01	ald55_66	14	348
2017	01	ald55_66	21	433
2017	01	ald55_66	22	1209
2017	01	ald55_66	23	1619
2017	01	ald55_66	24	1251
2017	01	ald55_66	25	240
2017	01	ald55_66	26	404
2017	01	ald55_66	31	1095
2017	01	ald55_66	32	365
2017	01	ald55_66	33	1791
2017	01	ald55_66	34	217
2017	01	ald55_66	35	139
2017	01	ald55_66	41	890
2017	01	ald55_66	42	226
2017	01	ald55_66	43	935
2017	01	ald55_66	44	114
2017	01	ald55_66	51	594
2017	01	ald55_66	52	1084
2017	01	ald55_66	53	2833
2017	01	ald55_66	54	132
2017	01	ald55_66	61	92
2017	01	ald55_66	62	5
2017	01	ald55_66	71	615
2017	01	ald55_66	72	612
2017	01	ald55_66	73	73
2017	01	ald55_66	74	292
2017	01	ald55_66	75	68
2017	01	ald55_66	81	1005
2017	01	ald55_66	82	103
2017	01	ald55_66	83	1062
2017	01	ald55_66	91	639
2017	01	ald55_66	92	27
2017	01	ald55_66	93	217
2017	01	ald55_66	94	117
2017	01	ald55_66	96	98
2017	01	ald67_74	00	106
2017	01	ald67_74	11	115
2017	01	ald67_74	12	52
2017	01	ald67_74	13	78
2017	01	ald67_74	14	32
2017	01	ald67_74	21	48
2017	01	ald67_74	22	101
2017	01	ald67_74	23	127
2017	01	ald67_74	24	101
2017	01	ald67_74	25	8
2017	01	ald67_74	26	65
2017	01	ald67_74	31	85
2017	01	ald67_74	32	25
2017	01	ald67_74	33	147
2017	01	ald67_74	34	34
2017	01	ald67_74	35	14
2017	01	ald67_74	41	132
2017	01	ald67_74	42	35
2017	01	ald67_74	43	99
2017	01	ald67_74	44	7
2017	01	ald67_74	51	140
2017	01	ald67_74	52	174
2017	01	ald67_74	53	370
2017	01	ald67_74	54	7
2017	01	ald67_74	61	47
2017	01	ald67_74	71	47
2017	01	ald67_74	72	54
2017	01	ald67_74	73	10
2017	01	ald67_74	74	10
2017	01	ald67_74	75	4
2017	01	ald67_74	81	35
2017	01	ald67_74	83	203
2017	01	ald67_74	91	72
2017	01	ald67_74	93	40
2017	01	ald67_74	94	28
2017	01	ald67_74	96	31
2017	02	ald15_24	00	297
2017	02	ald15_24	01	27
2017	02	ald15_24	02	118
2017	02	ald15_24	03	1389
2017	02	ald15_24	11	37
2017	02	ald15_24	12	24
2017	02	ald15_24	13	16
2017	02	ald15_24	14	142
2017	02	ald15_24	21	100
2017	02	ald15_24	22	385
2017	02	ald15_24	23	864
2017	02	ald15_24	24	270
2017	02	ald15_24	25	182
2017	02	ald15_24	26	163
2017	02	ald15_24	31	189
2017	02	ald15_24	32	163
2017	02	ald15_24	33	1004
2017	02	ald15_24	34	936
2017	02	ald15_24	35	323
2017	02	ald15_24	41	910
2017	02	ald15_24	42	682
2017	02	ald15_24	43	1147
2017	02	ald15_24	44	45
2017	02	ald15_24	51	2118
2017	02	ald15_24	52	9869
2017	02	ald15_24	53	4589
2017	02	ald15_24	54	545
2017	02	ald15_24	61	235
2017	02	ald15_24	62	12
2017	02	ald15_24	71	1203
2017	02	ald15_24	72	847
2017	02	ald15_24	73	46
2017	02	ald15_24	74	1275
2017	02	ald15_24	75	94
2017	02	ald15_24	81	325
2017	02	ald15_24	82	18
2017	02	ald15_24	83	404
2017	02	ald15_24	91	813
2017	02	ald15_24	92	94
2017	02	ald15_24	93	827
2017	02	ald15_24	94	763
2017	02	ald15_24	96	303
2017	02	ald25_54	00	1023
2017	02	ald25_54	01	1012
2017	02	ald25_54	02	44
2017	02	ald25_54	03	97
2017	02	ald25_54	11	4462
2017	02	ald25_54	12	7825
2017	02	ald25_54	13	8137
2017	02	ald25_54	14	3497
2017	02	ald25_54	21	7645
2017	02	ald25_54	22	10100
2017	02	ald25_54	23	12591
2017	02	ald25_54	24	16217
2017	02	ald25_54	25	6627
2017	02	ald25_54	26	4680
2017	02	ald25_54	31	8489
2017	02	ald25_54	32	2952
2017	02	ald25_54	33	19633
2017	02	ald25_54	34	2453
2017	02	ald25_54	35	2719
2017	02	ald25_54	41	5852
2017	02	ald25_54	42	2595
2017	02	ald25_54	43	8404
2017	02	ald25_54	44	370
2017	02	ald25_54	51	5621
2017	02	ald25_54	52	9501
2017	02	ald25_54	53	15876
2017	02	ald25_54	54	1927
2017	02	ald25_54	61	505
2017	02	ald25_54	62	36
2017	02	ald25_54	71	7073
2017	02	ald25_54	72	3294
2017	02	ald25_54	73	416
2017	02	ald25_54	74	2779
2017	02	ald25_54	75	618
2017	02	ald25_54	81	1749
2017	02	ald25_54	82	168
2017	02	ald25_54	83	5085
2017	02	ald25_54	91	4107
2017	02	ald25_54	92	102
2017	02	ald25_54	93	1930
2017	02	ald25_54	94	1213
2017	02	ald25_54	95	23
2017	02	ald25_54	96	793
2017	02	ald55_66	00	259
2017	02	ald55_66	01	119
2017	02	ald55_66	03	10
2017	02	ald55_66	11	2047
2017	02	ald55_66	12	2654
2017	02	ald55_66	13	3246
2017	02	ald55_66	14	726
2017	02	ald55_66	21	2267
2017	02	ald55_66	22	2695
2017	02	ald55_66	23	3576
2017	02	ald55_66	24	4861
2017	02	ald55_66	25	1364
2017	02	ald55_66	26	1170
2017	02	ald55_66	31	2497
2017	02	ald55_66	32	890
2017	02	ald55_66	33	5020
2017	02	ald55_66	34	503
2017	02	ald55_66	35	503
2017	02	ald55_66	41	2010
2017	02	ald55_66	42	530
2017	02	ald55_66	43	2195
2017	02	ald55_66	44	164
2017	02	ald55_66	51	1311
2017	02	ald55_66	52	1636
2017	02	ald55_66	53	4577
2017	02	ald55_66	54	282
2017	02	ald55_66	61	117
2017	02	ald55_66	62	13
2017	02	ald55_66	71	980
2017	02	ald55_66	72	681
2017	02	ald55_66	73	168
2017	02	ald55_66	74	571
2017	02	ald55_66	75	111
2017	02	ald55_66	81	511
2017	02	ald55_66	82	53
2017	02	ald55_66	83	1669
2017	02	ald55_66	91	766
2017	02	ald55_66	92	16
2017	02	ald55_66	93	250
2017	02	ald55_66	94	235
2017	02	ald55_66	95	5
2017	02	ald55_66	96	158
2017	02	ald67_74	00	183
2017	02	ald67_74	03	5
2017	02	ald67_74	11	260
2017	02	ald67_74	12	171
2017	02	ald67_74	13	202
2017	02	ald67_74	14	78
2017	02	ald67_74	21	246
2017	02	ald67_74	22	242
2017	02	ald67_74	23	323
2017	02	ald67_74	24	335
2017	02	ald67_74	25	43
2017	02	ald67_74	26	118
2017	02	ald67_74	31	226
2017	02	ald67_74	32	63
2017	02	ald67_74	33	334
2017	02	ald67_74	34	50
2017	02	ald67_74	35	39
2017	02	ald67_74	41	286
2017	02	ald67_74	42	63
2017	02	ald67_74	43	179
2017	02	ald67_74	44	8
2017	02	ald67_74	51	219
2017	02	ald67_74	52	231
2017	02	ald67_74	53	569
2017	02	ald67_74	54	25
2017	02	ald67_74	61	31
2017	02	ald67_74	71	60
2017	02	ald67_74	72	68
2017	02	ald67_74	73	21
2017	02	ald67_74	74	50
2017	02	ald67_74	75	8
2017	02	ald67_74	81	38
2017	02	ald67_74	82	5
2017	02	ald67_74	83	382
2017	02	ald67_74	91	74
2017	02	ald67_74	92	4
2017	02	ald67_74	93	37
2017	02	ald67_74	94	31
2017	02	ald67_74	96	69
2017	03	ald15_24	00	343
2017	03	ald15_24	01	42
2017	03	ald15_24	02	106
2017	03	ald15_24	03	834
2017	03	ald15_24	11	91
2017	03	ald15_24	12	58
2017	03	ald15_24	13	33
2017	03	ald15_24	14	225
2017	03	ald15_24	21	192
2017	03	ald15_24	22	716
2017	03	ald15_24	23	1271
2017	03	ald15_24	24	694
2017	03	ald15_24	25	351
2017	03	ald15_24	26	457
2017	03	ald15_24	31	208
2017	03	ald15_24	32	360
2017	03	ald15_24	33	1739
2017	03	ald15_24	34	1040
2017	03	ald15_24	35	382
2017	03	ald15_24	41	1397
2017	03	ald15_24	42	1178
2017	03	ald15_24	43	1042
2017	03	ald15_24	44	46
2017	03	ald15_24	51	3124
2017	03	ald15_24	52	9880
2017	03	ald15_24	53	5276
2017	03	ald15_24	54	688
2017	03	ald15_24	61	46
2017	03	ald15_24	62	7
2017	03	ald15_24	71	719
2017	03	ald15_24	72	315
2017	03	ald15_24	73	41
2017	03	ald15_24	74	867
2017	03	ald15_24	75	92
2017	03	ald15_24	81	181
2017	03	ald15_24	82	6
2017	03	ald15_24	83	385
2017	03	ald15_24	91	691
2017	03	ald15_24	92	45
2017	03	ald15_24	93	456
2017	03	ald15_24	94	797
2017	03	ald15_24	95	4
2017	03	ald15_24	96	339
2017	03	ald25_54	00	1261
2017	03	ald25_54	01	910
2017	03	ald25_54	02	52
2017	03	ald25_54	03	199
2017	03	ald25_54	11	5004
2017	03	ald25_54	12	8463
2017	03	ald25_54	13	7107
2017	03	ald25_54	14	3942
2017	03	ald25_54	21	12053
2017	03	ald25_54	22	14364
2017	03	ald25_54	23	16992
2017	03	ald25_54	24	28683
2017	03	ald25_54	25	11115
2017	03	ald25_54	26	12286
2017	03	ald25_54	31	8029
2017	03	ald25_54	32	3098
2017	03	ald25_54	33	23380
2017	03	ald25_54	34	3980
2017	03	ald25_54	35	4388
2017	03	ald25_54	41	6657
2017	03	ald25_54	42	3527
2017	03	ald25_54	43	7340
2017	03	ald25_54	44	516
2017	03	ald25_54	51	10037
2017	03	ald25_54	52	11578
2017	03	ald25_54	53	16156
2017	03	ald25_54	54	2099
2017	03	ald25_54	61	186
2017	03	ald25_54	62	20
2017	03	ald25_54	71	6233
2017	03	ald25_54	72	1390
2017	03	ald25_54	73	393
2017	03	ald25_54	74	1938
2017	03	ald25_54	75	655
2017	03	ald25_54	81	1400
2017	03	ald25_54	82	95
2017	03	ald25_54	83	4558
2017	03	ald25_54	91	5982
2017	03	ald25_54	92	46
2017	03	ald25_54	93	1602
2017	03	ald25_54	94	2548
2017	03	ald25_54	95	24
2017	03	ald25_54	96	792
2017	03	ald55_66	00	177
2017	03	ald55_66	01	49
2017	03	ald55_66	03	5
2017	03	ald55_66	11	1903
2017	03	ald55_66	12	2407
2017	03	ald55_66	13	2442
2017	03	ald55_66	14	575
2017	03	ald55_66	21	1812
2017	03	ald55_66	22	2738
2017	03	ald55_66	23	3276
2017	03	ald55_66	24	5521
2017	03	ald55_66	25	1128
2017	03	ald55_66	26	1750
2017	03	ald55_66	31	1426
2017	03	ald55_66	32	643
2017	03	ald55_66	33	3956
2017	03	ald55_66	34	574
2017	03	ald55_66	35	490
2017	03	ald55_66	41	1506
2017	03	ald55_66	42	554
2017	03	ald55_66	43	1431
2017	03	ald55_66	44	158
2017	03	ald55_66	51	1304
2017	03	ald55_66	52	920
2017	03	ald55_66	53	2969
2017	03	ald55_66	54	178
2017	03	ald55_66	61	48
2017	03	ald55_66	62	4
2017	03	ald55_66	71	743
2017	03	ald55_66	72	271
2017	03	ald55_66	73	124
2017	03	ald55_66	74	316
2017	03	ald55_66	75	93
2017	03	ald55_66	81	324
2017	03	ald55_66	82	17
2017	03	ald55_66	83	909
2017	03	ald55_66	91	971
2017	03	ald55_66	93	160
2017	03	ald55_66	94	329
2017	03	ald55_66	96	185
2017	03	ald67_74	00	235
2017	03	ald67_74	03	4
2017	03	ald67_74	11	277
2017	03	ald67_74	12	201
2017	03	ald67_74	13	200
2017	03	ald67_74	14	91
2017	03	ald67_74	21	218
2017	03	ald67_74	22	304
2017	03	ald67_74	23	413
2017	03	ald67_74	24	425
2017	03	ald67_74	25	42
2017	03	ald67_74	26	224
2017	03	ald67_74	31	147
2017	03	ald67_74	32	63
2017	03	ald67_74	33	322
2017	03	ald67_74	34	63
2017	03	ald67_74	35	31
2017	03	ald67_74	41	242
2017	03	ald67_74	42	56
2017	03	ald67_74	43	129
2017	03	ald67_74	44	6
2017	03	ald67_74	51	170
2017	03	ald67_74	52	132
2017	03	ald67_74	53	244
2017	03	ald67_74	54	11
2017	03	ald67_74	71	43
2017	03	ald67_74	72	23
2017	03	ald67_74	73	12
2017	03	ald67_74	74	19
2017	03	ald67_74	75	10
2017	03	ald67_74	81	24
2017	03	ald67_74	83	141
2017	03	ald67_74	91	69
2017	03	ald67_74	93	19
2017	03	ald67_74	94	25
2017	03	ald67_74	96	79
2017	04	ald15_24	00	108
2017	04	ald15_24	01	15
2017	04	ald15_24	02	49
2017	04	ald15_24	03	401
2017	04	ald15_24	11	12
2017	04	ald15_24	12	6
2017	04	ald15_24	13	9
2017	04	ald15_24	14	35
2017	04	ald15_24	21	9
2017	04	ald15_24	22	236
2017	04	ald15_24	23	206
2017	04	ald15_24	24	54
2017	04	ald15_24	25	30
2017	04	ald15_24	26	58
2017	04	ald15_24	31	84
2017	04	ald15_24	32	114
2017	04	ald15_24	33	200
2017	04	ald15_24	34	179
2017	04	ald15_24	35	60
2017	04	ald15_24	41	149
2017	04	ald15_24	42	223
2017	04	ald15_24	43	200
2017	04	ald15_24	44	18
2017	04	ald15_24	51	629
2017	04	ald15_24	52	2741
2017	04	ald15_24	53	2112
2017	04	ald15_24	54	138
2017	04	ald15_24	61	216
2017	04	ald15_24	62	24
2017	04	ald15_24	71	608
2017	04	ald15_24	72	489
2017	04	ald15_24	73	10
2017	04	ald15_24	74	395
2017	04	ald15_24	75	41
2017	04	ald15_24	81	358
2017	04	ald15_24	82	7
2017	04	ald15_24	83	308
2017	04	ald15_24	91	275
2017	04	ald15_24	92	47
2017	04	ald15_24	93	316
2017	04	ald15_24	94	233
2017	04	ald15_24	96	120
2017	04	ald25_54	00	255
2017	04	ald25_54	01	730
2017	04	ald25_54	02	49
2017	04	ald25_54	03	102
2017	04	ald25_54	11	798
2017	04	ald25_54	12	997
2017	04	ald25_54	13	1779
2017	04	ald25_54	14	1091
2017	04	ald25_54	21	1017
2017	04	ald25_54	22	3901
2017	04	ald25_54	23	4290
2017	04	ald25_54	24	2540
2017	04	ald25_54	25	649
2017	04	ald25_54	26	906
2017	04	ald25_54	31	1906
2017	04	ald25_54	32	1051
2017	04	ald25_54	33	3127
2017	04	ald25_54	34	770
2017	04	ald25_54	35	340
2017	04	ald25_54	41	1100
2017	04	ald25_54	42	625
2017	04	ald25_54	43	1296
2017	04	ald25_54	44	117
2017	04	ald25_54	51	1679
2017	04	ald25_54	52	3447
2017	04	ald25_54	53	6447
2017	04	ald25_54	54	485
2017	04	ald25_54	61	425
2017	04	ald25_54	62	59
2017	04	ald25_54	71	2456
2017	04	ald25_54	72	1586
2017	04	ald25_54	73	82
2017	04	ald25_54	74	944
2017	04	ald25_54	75	233
2017	04	ald25_54	81	2099
2017	04	ald25_54	82	57
2017	04	ald25_54	83	2504
2017	04	ald25_54	91	1485
2017	04	ald25_54	92	78
2017	04	ald25_54	93	631
2017	04	ald25_54	94	362
2017	04	ald25_54	95	5
2017	04	ald25_54	96	395
2017	04	ald55_66	00	116
2017	04	ald55_66	01	45
2017	04	ald55_66	11	362
2017	04	ald55_66	12	448
2017	04	ald55_66	13	891
2017	04	ald55_66	14	254
2017	04	ald55_66	21	355
2017	04	ald55_66	22	993
2017	04	ald55_66	23	1250
2017	04	ald55_66	24	1080
2017	04	ald55_66	25	164
2017	04	ald55_66	26	248
2017	04	ald55_66	31	673
2017	04	ald55_66	32	302
2017	04	ald55_66	33	1214
2017	04	ald55_66	34	176
2017	04	ald55_66	35	81
2017	04	ald55_66	41	537
2017	04	ald55_66	42	163
2017	04	ald55_66	43	490
2017	04	ald55_66	44	126
2017	04	ald55_66	51	491
2017	04	ald55_66	52	873
2017	04	ald55_66	53	2532
2017	04	ald55_66	54	91
2017	04	ald55_66	61	112
2017	04	ald55_66	62	26
2017	04	ald55_66	71	508
2017	04	ald55_66	72	387
2017	04	ald55_66	73	37
2017	04	ald55_66	74	258
2017	04	ald55_66	75	45
2017	04	ald55_66	81	743
2017	04	ald55_66	82	11
2017	04	ald55_66	83	979
2017	04	ald55_66	91	604
2017	04	ald55_66	92	19
2017	04	ald55_66	93	158
2017	04	ald55_66	94	144
2017	04	ald55_66	96	150
2017	04	ald67_74	00	82
2017	04	ald67_74	11	69
2017	04	ald67_74	12	27
2017	04	ald67_74	13	64
2017	04	ald67_74	14	24
2017	04	ald67_74	21	55
2017	04	ald67_74	22	94
2017	04	ald67_74	23	102
2017	04	ald67_74	24	81
2017	04	ald67_74	25	6
2017	04	ald67_74	26	31
2017	04	ald67_74	31	55
2017	04	ald67_74	32	26
2017	04	ald67_74	33	104
2017	04	ald67_74	34	20
2017	04	ald67_74	35	4
2017	04	ald67_74	41	69
2017	04	ald67_74	42	21
2017	04	ald67_74	43	47
2017	04	ald67_74	44	14
2017	04	ald67_74	51	112
2017	04	ald67_74	52	117
2017	04	ald67_74	53	336
2017	04	ald67_74	54	5
2017	04	ald67_74	61	58
2017	04	ald67_74	62	6
2017	04	ald67_74	71	39
2017	04	ald67_74	72	36
2017	04	ald67_74	73	11
2017	04	ald67_74	74	19
2017	04	ald67_74	75	5
2017	04	ald67_74	81	50
2017	04	ald67_74	83	205
2017	04	ald67_74	91	103
2017	04	ald67_74	92	8
2017	04	ald67_74	93	28
2017	04	ald67_74	94	20
2017	04	ald67_74	96	35
2017	05	ald15_24	00	93
2017	05	ald15_24	01	13
2017	05	ald15_24	02	28
2017	05	ald15_24	03	317
2017	05	ald15_24	11	10
2017	05	ald15_24	12	4
2017	05	ald15_24	13	11
2017	05	ald15_24	14	51
2017	05	ald15_24	21	9
2017	05	ald15_24	22	215
2017	05	ald15_24	23	257
2017	05	ald15_24	24	39
2017	05	ald15_24	25	31
2017	05	ald15_24	26	46
2017	05	ald15_24	31	65
2017	05	ald15_24	32	108
2017	05	ald15_24	33	231
2017	05	ald15_24	34	127
2017	05	ald15_24	35	101
2017	05	ald15_24	41	144
2017	05	ald15_24	42	389
2017	05	ald15_24	43	171
2017	05	ald15_24	44	17
2017	05	ald15_24	51	643
2017	05	ald15_24	52	2828
2017	05	ald15_24	53	1975
2017	05	ald15_24	54	86
2017	05	ald15_24	61	443
2017	05	ald15_24	62	20
2017	05	ald15_24	71	591
2017	05	ald15_24	72	539
2017	05	ald15_24	73	22
2017	05	ald15_24	74	523
2017	05	ald15_24	75	75
2017	05	ald15_24	81	374
2017	05	ald15_24	82	23
2017	05	ald15_24	83	369
2017	05	ald15_24	91	201
2017	05	ald15_24	92	40
2017	05	ald15_24	93	341
2017	05	ald15_24	94	339
2017	05	ald15_24	96	120
2017	05	ald25_54	00	251
2017	05	ald25_54	01	241
2017	05	ald25_54	02	16
2017	05	ald25_54	03	37
2017	05	ald25_54	11	805
2017	05	ald25_54	12	849
2017	05	ald25_54	13	1806
2017	05	ald25_54	14	1086
2017	05	ald25_54	21	1104
2017	05	ald25_54	22	3716
2017	05	ald25_54	23	4352
2017	05	ald25_54	24	2170
2017	05	ald25_54	25	640
2017	05	ald25_54	26	880
2017	05	ald25_54	31	2070
2017	05	ald25_54	32	963
2017	05	ald25_54	33	3151
2017	05	ald25_54	34	698
2017	05	ald25_54	35	360
2017	05	ald25_54	41	1122
2017	05	ald25_54	42	745
2017	05	ald25_54	43	1251
2017	05	ald25_54	44	104
2017	05	ald25_54	51	1848
2017	05	ald25_54	52	3681
2017	05	ald25_54	53	6055
2017	05	ald25_54	54	279
2017	05	ald25_54	61	461
2017	05	ald25_54	62	30
2017	05	ald25_54	71	2524
2017	05	ald25_54	72	1483
2017	05	ald25_54	73	102
2017	05	ald25_54	74	922
2017	05	ald25_54	75	298
2017	05	ald25_54	81	2363
2017	05	ald25_54	82	133
2017	05	ald25_54	83	2523
2017	05	ald25_54	91	1514
2017	05	ald25_54	92	49
2017	05	ald25_54	93	739
2017	05	ald25_54	94	401
2017	05	ald25_54	96	335
2017	05	ald55_66	00	125
2017	05	ald55_66	01	27
2017	05	ald55_66	11	404
2017	05	ald55_66	12	423
2017	05	ald55_66	13	796
2017	05	ald55_66	14	273
2017	05	ald55_66	21	372
2017	05	ald55_66	22	997
2017	05	ald55_66	23	1199
2017	05	ald55_66	24	844
2017	05	ald55_66	25	129
2017	05	ald55_66	26	267
2017	05	ald55_66	31	662
2017	05	ald55_66	32	287
2017	05	ald55_66	33	1147
2017	05	ald55_66	34	179
2017	05	ald55_66	35	84
2017	05	ald55_66	41	538
2017	05	ald55_66	42	176
2017	05	ald55_66	43	464
2017	05	ald55_66	44	118
2017	05	ald55_66	51	637
2017	05	ald55_66	52	914
2017	05	ald55_66	53	2421
2017	05	ald55_66	54	62
2017	05	ald55_66	61	142
2017	05	ald55_66	62	13
2017	05	ald55_66	71	514
2017	05	ald55_66	72	334
2017	05	ald55_66	73	55
2017	05	ald55_66	74	194
2017	05	ald55_66	75	77
2017	05	ald55_66	81	701
2017	05	ald55_66	82	48
2017	05	ald55_66	83	920
2017	05	ald55_66	91	577
2017	05	ald55_66	92	11
2017	05	ald55_66	93	127
2017	05	ald55_66	94	126
2017	05	ald55_66	96	109
2017	05	ald67_74	00	81
2017	05	ald67_74	11	58
2017	05	ald67_74	12	32
2017	05	ald67_74	13	54
2017	05	ald67_74	14	26
2017	05	ald67_74	21	38
2017	05	ald67_74	22	100
2017	05	ald67_74	23	129
2017	05	ald67_74	24	49
2017	05	ald67_74	25	4
2017	05	ald67_74	26	30
2017	05	ald67_74	31	40
2017	05	ald67_74	32	20
2017	05	ald67_74	33	102
2017	05	ald67_74	34	10
2017	05	ald67_74	35	4
2017	05	ald67_74	41	83
2017	05	ald67_74	42	23
2017	05	ald67_74	43	55
2017	05	ald67_74	44	10
2017	05	ald67_74	51	94
2017	05	ald67_74	52	123
2017	05	ald67_74	53	391
2017	05	ald67_74	54	7
2017	05	ald67_74	61	66
2017	05	ald67_74	62	5
2017	05	ald67_74	71	48
2017	05	ald67_74	72	39
2017	05	ald67_74	73	4
2017	05	ald67_74	74	17
2017	05	ald67_74	75	10
2017	05	ald67_74	81	39
2017	05	ald67_74	83	241
2017	05	ald67_74	91	81
2017	05	ald67_74	93	21
2017	05	ald67_74	94	17
2017	05	ald67_74	96	24
2017	06	ald15_24	00	112
2017	06	ald15_24	01	16
2017	06	ald15_24	02	41
2017	06	ald15_24	03	572
2017	06	ald15_24	11	22
2017	06	ald15_24	12	6
2017	06	ald15_24	13	25
2017	06	ald15_24	14	71
2017	06	ald15_24	21	31
2017	06	ald15_24	22	290
2017	06	ald15_24	23	339
2017	06	ald15_24	24	94
2017	06	ald15_24	25	62
2017	06	ald15_24	26	62
2017	06	ald15_24	31	136
2017	06	ald15_24	32	89
2017	06	ald15_24	33	359
2017	06	ald15_24	34	291
2017	06	ald15_24	35	126
2017	06	ald15_24	41	319
2017	06	ald15_24	42	292
2017	06	ald15_24	43	367
2017	06	ald15_24	44	24
2017	06	ald15_24	51	922
2017	06	ald15_24	52	4374
2017	06	ald15_24	53	2114
2017	06	ald15_24	54	202
2017	06	ald15_24	61	120
2017	06	ald15_24	62	10
2017	06	ald15_24	71	719
2017	06	ald15_24	72	550
2017	06	ald15_24	73	28
2017	06	ald15_24	74	751
2017	06	ald15_24	75	68
2017	06	ald15_24	81	236
2017	06	ald15_24	82	20
2017	06	ald15_24	83	300
2017	06	ald15_24	91	358
2017	06	ald15_24	92	37
2017	06	ald15_24	93	601
2017	06	ald15_24	94	442
2017	06	ald15_24	96	166
2017	06	ald25_54	00	459
2017	06	ald25_54	01	209
2017	06	ald25_54	02	7
2017	06	ald25_54	03	51
2017	06	ald25_54	11	1548
2017	06	ald25_54	12	1948
2017	06	ald25_54	13	3091
2017	06	ald25_54	14	1753
2017	06	ald25_54	21	2463
2017	06	ald25_54	22	4807
2017	06	ald25_54	23	6049
2017	06	ald25_54	24	4471
2017	06	ald25_54	25	1674
2017	06	ald25_54	26	1439
2017	06	ald25_54	31	5156
2017	06	ald25_54	32	1399
2017	06	ald25_54	33	6165
2017	06	ald25_54	34	1143
2017	06	ald25_54	35	880
2017	06	ald25_54	41	2353
2017	06	ald25_54	42	1041
2017	06	ald25_54	43	2699
2017	06	ald25_54	44	190
2017	06	ald25_54	51	2693
2017	06	ald25_54	52	5073
2017	06	ald25_54	53	9277
2017	06	ald25_54	54	664
2017	06	ald25_54	61	394
2017	06	ald25_54	62	37
2017	06	ald25_54	71	3933
2017	06	ald25_54	72	2201
2017	06	ald25_54	73	146
2017	06	ald25_54	74	1418
2017	06	ald25_54	75	332
2017	06	ald25_54	81	1959
2017	06	ald25_54	82	338
2017	06	ald25_54	83	2984
2017	06	ald25_54	91	2156
2017	06	ald25_54	92	116
2017	06	ald25_54	93	1433
2017	06	ald25_54	94	599
2017	06	ald25_54	96	435
2017	06	ald55_66	00	169
2017	06	ald55_66	01	34
2017	06	ald55_66	11	701
2017	06	ald55_66	12	776
2017	06	ald55_66	13	1349
2017	06	ald55_66	14	355
2017	06	ald55_66	21	755
2017	06	ald55_66	22	1243
2017	06	ald55_66	23	1537
2017	06	ald55_66	24	1400
2017	06	ald55_66	25	328
2017	06	ald55_66	26	365
2017	06	ald55_66	31	1552
2017	06	ald55_66	32	349
2017	06	ald55_66	33	1925
2017	06	ald55_66	34	246
2017	06	ald55_66	35	155
2017	06	ald55_66	41	890
2017	06	ald55_66	42	198
2017	06	ald55_66	43	844
2017	06	ald55_66	44	127
2017	06	ald55_66	51	694
2017	06	ald55_66	52	989
2017	06	ald55_66	53	3239
2017	06	ald55_66	54	98
2017	06	ald55_66	61	78
2017	06	ald55_66	62	10
2017	06	ald55_66	71	608
2017	06	ald55_66	72	542
2017	06	ald55_66	73	49
2017	06	ald55_66	74	325
2017	06	ald55_66	75	56
2017	06	ald55_66	81	521
2017	06	ald55_66	82	113
2017	06	ald55_66	83	1022
2017	06	ald55_66	91	581
2017	06	ald55_66	92	27
2017	06	ald55_66	93	240
2017	06	ald55_66	94	169
2017	06	ald55_66	96	115
2017	06	ald67_74	00	62
2017	06	ald67_74	11	134
2017	06	ald67_74	12	57
2017	06	ald67_74	13	88
2017	06	ald67_74	14	43
2017	06	ald67_74	21	80
2017	06	ald67_74	22	107
2017	06	ald67_74	23	130
2017	06	ald67_74	24	106
2017	06	ald67_74	25	5
2017	06	ald67_74	26	45
2017	06	ald67_74	31	105
2017	06	ald67_74	32	27
2017	06	ald67_74	33	181
2017	06	ald67_74	34	24
2017	06	ald67_74	35	7
2017	06	ald67_74	41	139
2017	06	ald67_74	42	27
2017	06	ald67_74	43	93
2017	06	ald67_74	44	9
2017	06	ald67_74	51	119
2017	06	ald67_74	52	185
2017	06	ald67_74	53	423
2017	06	ald67_74	54	14
2017	06	ald67_74	61	27
2017	06	ald67_74	71	47
2017	06	ald67_74	72	45
2017	06	ald67_74	73	8
2017	06	ald67_74	74	21
2017	06	ald67_74	75	10
2017	06	ald67_74	81	54
2017	06	ald67_74	82	6
2017	06	ald67_74	83	217
2017	06	ald67_74	91	75
2017	06	ald67_74	93	41
2017	06	ald67_74	94	23
2017	06	ald67_74	96	26
2017	07	ald15_24	00	104
2017	07	ald15_24	01	11
2017	07	ald15_24	02	30
2017	07	ald15_24	03	515
2017	07	ald15_24	11	14
2017	07	ald15_24	12	6
2017	07	ald15_24	13	12
2017	07	ald15_24	14	55
2017	07	ald15_24	21	18
2017	07	ald15_24	22	181
2017	07	ald15_24	23	272
2017	07	ald15_24	24	112
2017	07	ald15_24	25	36
2017	07	ald15_24	26	74
2017	07	ald15_24	31	85
2017	07	ald15_24	32	71
2017	07	ald15_24	33	401
2017	07	ald15_24	34	207
2017	07	ald15_24	35	103
2017	07	ald15_24	41	225
2017	07	ald15_24	42	278
2017	07	ald15_24	43	349
2017	07	ald15_24	44	19
2017	07	ald15_24	51	841
2017	07	ald15_24	52	3978
2017	07	ald15_24	53	2052
2017	07	ald15_24	54	151
2017	07	ald15_24	61	161
2017	07	ald15_24	62	8
2017	07	ald15_24	71	587
2017	07	ald15_24	72	431
2017	07	ald15_24	73	24
2017	07	ald15_24	74	495
2017	07	ald15_24	75	73
2017	07	ald15_24	81	359
2017	07	ald15_24	82	37
2017	07	ald15_24	83	270
2017	07	ald15_24	91	381
2017	07	ald15_24	92	62
2017	07	ald15_24	93	470
2017	07	ald15_24	94	336
2017	07	ald15_24	96	178
2017	07	ald25_54	00	248
2017	07	ald25_54	01	211
2017	07	ald25_54	02	11
2017	07	ald25_54	03	45
2017	07	ald25_54	11	1243
2017	07	ald25_54	12	1635
2017	07	ald25_54	13	2456
2017	07	ald25_54	14	1400
2017	07	ald25_54	21	1725
2017	07	ald25_54	22	4485
2017	07	ald25_54	23	5485
2017	07	ald25_54	24	3365
2017	07	ald25_54	25	1294
2017	07	ald25_54	26	1312
2017	07	ald25_54	31	3818
2017	07	ald25_54	32	1272
2017	07	ald25_54	33	5228
2017	07	ald25_54	34	993
2017	07	ald25_54	35	677
2017	07	ald25_54	41	1675
2017	07	ald25_54	42	826
2017	07	ald25_54	43	2304
2017	07	ald25_54	44	132
2017	07	ald25_54	51	2203
2017	07	ald25_54	52	4221
2017	07	ald25_54	53	8002
2017	07	ald25_54	54	665
2017	07	ald25_54	61	374
2017	07	ald25_54	62	18
2017	07	ald25_54	71	3144
2017	07	ald25_54	72	1752
2017	07	ald25_54	73	151
2017	07	ald25_54	74	1118
2017	07	ald25_54	75	336
2017	07	ald25_54	81	2365
2017	07	ald25_54	82	364
2017	07	ald25_54	83	2182
2017	07	ald25_54	91	1802
2017	07	ald25_54	92	100
2017	07	ald25_54	93	1194
2017	07	ald25_54	94	393
2017	07	ald25_54	96	395
2017	07	ald55_66	00	115
2017	07	ald55_66	01	35
2017	07	ald55_66	03	4
2017	07	ald55_66	11	606
2017	07	ald55_66	12	728
2017	07	ald55_66	13	1156
2017	07	ald55_66	14	354
2017	07	ald55_66	21	518
2017	07	ald55_66	22	1255
2017	07	ald55_66	23	1585
2017	07	ald55_66	24	1260
2017	07	ald55_66	25	257
2017	07	ald55_66	26	393
2017	07	ald55_66	31	1252
2017	07	ald55_66	32	425
2017	07	ald55_66	33	1527
2017	07	ald55_66	34	195
2017	07	ald55_66	35	120
2017	07	ald55_66	41	749
2017	07	ald55_66	42	197
2017	07	ald55_66	43	738
2017	07	ald55_66	44	89
2017	07	ald55_66	51	526
2017	07	ald55_66	52	988
2017	07	ald55_66	53	2907
2017	07	ald55_66	54	115
2017	07	ald55_66	61	111
2017	07	ald55_66	71	560
2017	07	ald55_66	72	469
2017	07	ald55_66	73	45
2017	07	ald55_66	74	307
2017	07	ald55_66	75	68
2017	07	ald55_66	81	621
2017	07	ald55_66	82	110
2017	07	ald55_66	83	792
2017	07	ald55_66	91	551
2017	07	ald55_66	92	28
2017	07	ald55_66	93	186
2017	07	ald55_66	94	103
2017	07	ald55_66	96	65
2017	07	ald67_74	00	71
2017	07	ald67_74	03	6
2017	07	ald67_74	11	85
2017	07	ald67_74	12	61
2017	07	ald67_74	13	74
2017	07	ald67_74	14	36
2017	07	ald67_74	21	54
2017	07	ald67_74	22	107
2017	07	ald67_74	23	106
2017	07	ald67_74	24	91
2017	07	ald67_74	25	9
2017	07	ald67_74	26	46
2017	07	ald67_74	31	86
2017	07	ald67_74	32	27
2017	07	ald67_74	33	136
2017	07	ald67_74	34	24
2017	07	ald67_74	35	9
2017	07	ald67_74	41	99
2017	07	ald67_74	42	17
2017	07	ald67_74	43	73
2017	07	ald67_74	44	8
2017	07	ald67_74	51	117
2017	07	ald67_74	52	136
2017	07	ald67_74	53	318
2017	07	ald67_74	54	14
2017	07	ald67_74	61	22
2017	07	ald67_74	71	60
2017	07	ald67_74	72	45
2017	07	ald67_74	73	6
2017	07	ald67_74	74	21
2017	07	ald67_74	75	5
2017	07	ald67_74	81	33
2017	07	ald67_74	83	159
2017	07	ald67_74	91	55
2017	07	ald67_74	92	7
2017	07	ald67_74	93	22
2017	07	ald67_74	94	7
2017	07	ald67_74	96	30
2017	08	ald15_24	00	63
2017	08	ald15_24	01	4
2017	08	ald15_24	02	17
2017	08	ald15_24	03	288
2017	08	ald15_24	11	12
2017	08	ald15_24	12	5
2017	08	ald15_24	14	31
2017	08	ald15_24	21	18
2017	08	ald15_24	22	188
2017	08	ald15_24	23	284
2017	08	ald15_24	24	45
2017	08	ald15_24	25	21
2017	08	ald15_24	26	40
2017	08	ald15_24	31	83
2017	08	ald15_24	32	81
2017	08	ald15_24	33	160
2017	08	ald15_24	34	114
2017	08	ald15_24	35	60
2017	08	ald15_24	41	123
2017	08	ald15_24	42	113
2017	08	ald15_24	43	125
2017	08	ald15_24	44	14
2017	08	ald15_24	51	531
2017	08	ald15_24	52	2809
2017	08	ald15_24	53	1352
2017	08	ald15_24	54	86
2017	08	ald15_24	61	86
2017	08	ald15_24	62	10
2017	08	ald15_24	71	445
2017	08	ald15_24	72	425
2017	08	ald15_24	73	8
2017	08	ald15_24	74	447
2017	08	ald15_24	75	45
2017	08	ald15_24	81	391
2017	08	ald15_24	82	43
2017	08	ald15_24	83	276
2017	08	ald15_24	91	223
2017	08	ald15_24	92	15
2017	08	ald15_24	93	364
2017	08	ald15_24	94	246
2017	08	ald15_24	96	133
2017	08	ald25_54	00	202
2017	08	ald25_54	01	38
2017	08	ald25_54	03	13
2017	08	ald25_54	11	733
2017	08	ald25_54	12	751
2017	08	ald25_54	13	1613
2017	08	ald25_54	14	991
2017	08	ald25_54	21	1129
2017	08	ald25_54	22	3398
2017	08	ald25_54	23	4206
2017	08	ald25_54	24	1606
2017	08	ald25_54	25	488
2017	08	ald25_54	26	838
2017	08	ald25_54	31	2589
2017	08	ald25_54	32	732
2017	08	ald25_54	33	2873
2017	08	ald25_54	34	648
2017	08	ald25_54	35	336
2017	08	ald25_54	41	997
2017	08	ald25_54	42	459
2017	08	ald25_54	43	876
2017	08	ald25_54	44	109
2017	08	ald25_54	51	1447
2017	08	ald25_54	52	3432
2017	08	ald25_54	53	5707
2017	08	ald25_54	54	428
2017	08	ald25_54	61	173
2017	08	ald25_54	62	37
2017	08	ald25_54	71	2362
2017	08	ald25_54	72	1589
2017	08	ald25_54	73	121
2017	08	ald25_54	74	1084
2017	08	ald25_54	75	192
2017	08	ald25_54	81	2245
2017	08	ald25_54	82	323
2017	08	ald25_54	83	2009
2017	08	ald25_54	91	1210
2017	08	ald25_54	92	65
2017	08	ald25_54	93	588
2017	08	ald25_54	94	296
2017	08	ald25_54	96	240
2017	08	ald55_66	00	60
2017	08	ald55_66	11	402
2017	08	ald55_66	12	339
2017	08	ald55_66	13	858
2017	08	ald55_66	14	226
2017	08	ald55_66	21	399
2017	08	ald55_66	22	833
2017	08	ald55_66	23	1099
2017	08	ald55_66	24	746
2017	08	ald55_66	25	95
2017	08	ald55_66	26	258
2017	08	ald55_66	31	906
2017	08	ald55_66	32	233
2017	08	ald55_66	33	1053
2017	08	ald55_66	34	145
2017	08	ald55_66	35	50
2017	08	ald55_66	41	510
2017	08	ald55_66	42	111
2017	08	ald55_66	43	406
2017	08	ald55_66	44	124
2017	08	ald55_66	51	351
2017	08	ald55_66	52	724
2017	08	ald55_66	53	2244
2017	08	ald55_66	54	90
2017	08	ald55_66	61	44
2017	08	ald55_66	62	9
2017	08	ald55_66	71	364
2017	08	ald55_66	72	405
2017	08	ald55_66	73	38
2017	08	ald55_66	74	275
2017	08	ald55_66	75	40
2017	08	ald55_66	81	627
2017	08	ald55_66	82	93
2017	08	ald55_66	83	697
2017	08	ald55_66	91	434
2017	08	ald55_66	92	8
2017	08	ald55_66	93	113
2017	08	ald55_66	94	93
2017	08	ald55_66	96	54
2017	08	ald67_74	00	45
2017	08	ald67_74	11	71
2017	08	ald67_74	12	31
2017	08	ald67_74	13	52
2017	08	ald67_74	14	27
2017	08	ald67_74	21	42
2017	08	ald67_74	22	75
2017	08	ald67_74	23	80
2017	08	ald67_74	24	34
2017	08	ald67_74	25	4
2017	08	ald67_74	26	24
2017	08	ald67_74	31	53
2017	08	ald67_74	32	20
2017	08	ald67_74	33	73
2017	08	ald67_74	34	14
2017	08	ald67_74	35	5
2017	08	ald67_74	41	69
2017	08	ald67_74	42	14
2017	08	ald67_74	43	49
2017	08	ald67_74	51	68
2017	08	ald67_74	52	88
2017	08	ald67_74	53	306
2017	08	ald67_74	54	4
2017	08	ald67_74	61	24
2017	08	ald67_74	62	4
2017	08	ald67_74	71	26
2017	08	ald67_74	72	32
2017	08	ald67_74	73	10
2017	08	ald67_74	74	17
2017	08	ald67_74	75	5
2017	08	ald67_74	81	21
2017	08	ald67_74	82	5
2017	08	ald67_74	83	161
2017	08	ald67_74	91	46
2017	08	ald67_74	93	29
2017	08	ald67_74	94	9
2017	08	ald67_74	96	16
2017	09	ald15_24	00	38
2017	09	ald15_24	02	8
2017	09	ald15_24	03	234
2017	09	ald15_24	11	8
2017	09	ald15_24	14	22
2017	09	ald15_24	21	8
2017	09	ald15_24	22	129
2017	09	ald15_24	23	143
2017	09	ald15_24	24	20
2017	09	ald15_24	25	15
2017	09	ald15_24	26	24
2017	09	ald15_24	31	29
2017	09	ald15_24	32	45
2017	09	ald15_24	33	88
2017	09	ald15_24	34	114
2017	09	ald15_24	35	41
2017	09	ald15_24	41	89
2017	09	ald15_24	42	81
2017	09	ald15_24	43	119
2017	09	ald15_24	44	7
2017	09	ald15_24	51	385
2017	09	ald15_24	52	1914
2017	09	ald15_24	53	1055
2017	09	ald15_24	54	58
2017	09	ald15_24	61	89
2017	09	ald15_24	62	5
2017	09	ald15_24	71	397
2017	09	ald15_24	72	274
2017	09	ald15_24	73	10
2017	09	ald15_24	74	229
2017	09	ald15_24	75	35
2017	09	ald15_24	81	182
2017	09	ald15_24	82	7
2017	09	ald15_24	83	170
2017	09	ald15_24	91	159
2017	09	ald15_24	92	32
2017	09	ald15_24	93	202
2017	09	ald15_24	94	215
2017	09	ald15_24	96	68
2017	09	ald25_54	00	126
2017	09	ald25_54	01	54
2017	09	ald25_54	02	4
2017	09	ald25_54	03	5
2017	09	ald25_54	11	566
2017	09	ald25_54	12	573
2017	09	ald25_54	13	1049
2017	09	ald25_54	14	598
2017	09	ald25_54	21	673
2017	09	ald25_54	22	2281
2017	09	ald25_54	23	2841
2017	09	ald25_54	24	1323
2017	09	ald25_54	25	519
2017	09	ald25_54	26	569
2017	09	ald25_54	31	1794
2017	09	ald25_54	32	495
2017	09	ald25_54	33	1825
2017	09	ald25_54	34	461
2017	09	ald25_54	35	278
2017	09	ald25_54	41	870
2017	09	ald25_54	42	274
2017	09	ald25_54	43	742
2017	09	ald25_54	44	82
2017	09	ald25_54	51	875
2017	09	ald25_54	52	2183
2017	09	ald25_54	53	3761
2017	09	ald25_54	54	230
2017	09	ald25_54	61	147
2017	09	ald25_54	62	22
2017	09	ald25_54	71	1677
2017	09	ald25_54	72	866
2017	09	ald25_54	73	79
2017	09	ald25_54	74	651
2017	09	ald25_54	75	161
2017	09	ald25_54	81	1205
2017	09	ald25_54	82	120
2017	09	ald25_54	83	1162
2017	09	ald25_54	91	808
2017	09	ald25_54	92	34
2017	09	ald25_54	93	405
2017	09	ald25_54	94	160
2017	09	ald25_54	96	200
2017	09	ald55_66	00	51
2017	09	ald55_66	01	6
2017	09	ald55_66	11	257
2017	09	ald55_66	12	299
2017	09	ald55_66	13	447
2017	09	ald55_66	14	169
2017	09	ald55_66	21	199
2017	09	ald55_66	22	617
2017	09	ald55_66	23	729
2017	09	ald55_66	24	465
2017	09	ald55_66	25	70
2017	09	ald55_66	26	174
2017	09	ald55_66	31	533
2017	09	ald55_66	32	147
2017	09	ald55_66	33	549
2017	09	ald55_66	34	94
2017	09	ald55_66	35	53
2017	09	ald55_66	41	400
2017	09	ald55_66	42	68
2017	09	ald55_66	43	207
2017	09	ald55_66	44	74
2017	09	ald55_66	51	226
2017	09	ald55_66	52	472
2017	09	ald55_66	53	1337
2017	09	ald55_66	54	41
2017	09	ald55_66	61	25
2017	09	ald55_66	62	5
2017	09	ald55_66	71	271
2017	09	ald55_66	72	167
2017	09	ald55_66	73	27
2017	09	ald55_66	74	174
2017	09	ald55_66	75	21
2017	09	ald55_66	81	291
2017	09	ald55_66	82	84
2017	09	ald55_66	83	438
2017	09	ald55_66	91	275
2017	09	ald55_66	92	15
2017	09	ald55_66	93	72
2017	09	ald55_66	94	38
2017	09	ald55_66	96	46
2017	09	ald67_74	00	39
2017	09	ald67_74	11	46
2017	09	ald67_74	12	20
2017	09	ald67_74	13	27
2017	09	ald67_74	14	14
2017	09	ald67_74	21	24
2017	09	ald67_74	22	50
2017	09	ald67_74	23	80
2017	09	ald67_74	24	31
2017	09	ald67_74	25	4
2017	09	ald67_74	26	28
2017	09	ald67_74	31	30
2017	09	ald67_74	32	11
2017	09	ald67_74	33	49
2017	09	ald67_74	34	13
2017	09	ald67_74	35	4
2017	09	ald67_74	41	50
2017	09	ald67_74	42	11
2017	09	ald67_74	43	16
2017	09	ald67_74	51	40
2017	09	ald67_74	52	48
2017	09	ald67_74	53	164
2017	09	ald67_74	61	10
2017	09	ald67_74	62	5
2017	09	ald67_74	71	16
2017	09	ald67_74	72	28
2017	09	ald67_74	74	8
2017	09	ald67_74	81	20
2017	09	ald67_74	82	4
2017	09	ald67_74	83	115
2017	09	ald67_74	91	34
2017	09	ald67_74	93	9
2017	09	ald67_74	94	16
2017	09	ald67_74	96	10
2017	10	ald15_24	00	67
2017	10	ald15_24	02	15
2017	10	ald15_24	03	299
2017	10	ald15_24	11	14
2017	10	ald15_24	12	4
2017	10	ald15_24	13	7
2017	10	ald15_24	14	35
2017	10	ald15_24	21	12
2017	10	ald15_24	22	196
2017	10	ald15_24	23	345
2017	10	ald15_24	24	65
2017	10	ald15_24	25	16
2017	10	ald15_24	26	67
2017	10	ald15_24	31	79
2017	10	ald15_24	32	82
2017	10	ald15_24	33	255
2017	10	ald15_24	34	225
2017	10	ald15_24	35	98
2017	10	ald15_24	41	206
2017	10	ald15_24	42	152
2017	10	ald15_24	43	265
2017	10	ald15_24	44	24
2017	10	ald15_24	51	912
2017	10	ald15_24	52	3547
2017	10	ald15_24	53	1699
2017	10	ald15_24	54	145
2017	10	ald15_24	61	153
2017	10	ald15_24	62	25
2017	10	ald15_24	71	766
2017	10	ald15_24	72	405
2017	10	ald15_24	73	19
2017	10	ald15_24	74	484
2017	10	ald15_24	75	55
2017	10	ald15_24	81	464
2017	10	ald15_24	82	10
2017	10	ald15_24	83	227
2017	10	ald15_24	91	360
2017	10	ald15_24	92	35
2017	10	ald15_24	93	381
2017	10	ald15_24	94	273
2017	10	ald15_24	96	91
2017	10	ald25_54	00	145
2017	10	ald25_54	01	155
2017	10	ald25_54	02	5
2017	10	ald25_54	03	24
2017	10	ald25_54	11	884
2017	10	ald25_54	12	1004
2017	10	ald25_54	13	1793
2017	10	ald25_54	14	1051
2017	10	ald25_54	21	1141
2017	10	ald25_54	22	3481
2017	10	ald25_54	23	4849
2017	10	ald25_54	24	2004
2017	10	ald25_54	25	653
2017	10	ald25_54	26	1152
2017	10	ald25_54	31	3064
2017	10	ald25_54	32	836
2017	10	ald25_54	33	3400
2017	10	ald25_54	34	1027
2017	10	ald25_54	35	419
2017	10	ald25_54	41	1330
2017	10	ald25_54	42	592
2017	10	ald25_54	43	1432
2017	10	ald25_54	44	88
2017	10	ald25_54	51	1578
2017	10	ald25_54	52	3608
2017	10	ald25_54	53	6144
2017	10	ald25_54	54	343
2017	10	ald25_54	61	134
2017	10	ald25_54	62	80
2017	10	ald25_54	71	2508
2017	10	ald25_54	72	1570
2017	10	ald25_54	73	77
2017	10	ald25_54	74	1005
2017	10	ald25_54	75	230
2017	10	ald25_54	81	2242
2017	10	ald25_54	82	48
2017	10	ald25_54	83	1782
2017	10	ald25_54	91	1322
2017	10	ald25_54	92	35
2017	10	ald25_54	93	683
2017	10	ald25_54	94	316
2017	10	ald25_54	96	219
2017	10	ald55_66	00	74
2017	10	ald55_66	01	25
2017	10	ald55_66	11	330
2017	10	ald55_66	12	444
2017	10	ald55_66	13	825
2017	10	ald55_66	14	229
2017	10	ald55_66	21	278
2017	10	ald55_66	22	812
2017	10	ald55_66	23	1124
2017	10	ald55_66	24	653
2017	10	ald55_66	25	77
2017	10	ald55_66	26	292
2017	10	ald55_66	31	831
2017	10	ald55_66	32	184
2017	10	ald55_66	33	1110
2017	10	ald55_66	34	210
2017	10	ald55_66	35	49
2017	10	ald55_66	41	551
2017	10	ald55_66	42	150
2017	10	ald55_66	43	387
2017	10	ald55_66	44	92
2017	10	ald55_66	51	388
2017	10	ald55_66	52	642
2017	10	ald55_66	53	2096
2017	10	ald55_66	54	74
2017	10	ald55_66	61	32
2017	10	ald55_66	62	17
2017	10	ald55_66	71	348
2017	10	ald55_66	72	384
2017	10	ald55_66	73	20
2017	10	ald55_66	74	223
2017	10	ald55_66	75	45
2017	10	ald55_66	81	618
2017	10	ald55_66	82	15
2017	10	ald55_66	83	541
2017	10	ald55_66	91	441
2017	10	ald55_66	92	10
2017	10	ald55_66	93	119
2017	10	ald55_66	94	95
2017	10	ald55_66	96	50
2017	10	ald67_74	00	47
2017	10	ald67_74	11	60
2017	10	ald67_74	12	35
2017	10	ald67_74	13	35
2017	10	ald67_74	14	28
2017	10	ald67_74	21	33
2017	10	ald67_74	22	81
2017	10	ald67_74	23	107
2017	10	ald67_74	24	57
2017	10	ald67_74	25	7
2017	10	ald67_74	26	36
2017	10	ald67_74	31	68
2017	10	ald67_74	32	15
2017	10	ald67_74	33	84
2017	10	ald67_74	34	21
2017	10	ald67_74	35	4
2017	10	ald67_74	41	61
2017	10	ald67_74	42	8
2017	10	ald67_74	43	54
2017	10	ald67_74	44	4
2017	10	ald67_74	51	89
2017	10	ald67_74	52	83
2017	10	ald67_74	53	244
2017	10	ald67_74	54	8
2017	10	ald67_74	61	7
2017	10	ald67_74	71	22
2017	10	ald67_74	72	29
2017	10	ald67_74	73	8
2017	10	ald67_74	74	21
2017	10	ald67_74	75	5
2017	10	ald67_74	81	32
2017	10	ald67_74	83	146
2017	10	ald67_74	91	54
2017	10	ald67_74	93	26
2017	10	ald67_74	94	9
2017	10	ald67_74	96	33
2017	11	ald15_24	00	135
2017	11	ald15_24	01	20
2017	11	ald15_24	02	39
2017	11	ald15_24	03	773
2017	11	ald15_24	11	31
2017	11	ald15_24	12	10
2017	11	ald15_24	13	19
2017	11	ald15_24	14	129
2017	11	ald15_24	21	54
2017	11	ald15_24	22	433
2017	11	ald15_24	23	669
2017	11	ald15_24	24	154
2017	11	ald15_24	25	56
2017	11	ald15_24	26	147
2017	11	ald15_24	31	296
2017	11	ald15_24	32	133
2017	11	ald15_24	33	506
2017	11	ald15_24	34	521
2017	11	ald15_24	35	109
2017	11	ald15_24	41	463
2017	11	ald15_24	42	533
2017	11	ald15_24	43	677
2017	11	ald15_24	44	63
2017	11	ald15_24	51	2047
2017	11	ald15_24	52	7254
2017	11	ald15_24	53	4477
2017	11	ald15_24	54	470
2017	11	ald15_24	61	1143
2017	11	ald15_24	62	110
2017	11	ald15_24	71	1401
2017	11	ald15_24	72	1528
2017	11	ald15_24	73	45
2017	11	ald15_24	74	1258
2017	11	ald15_24	75	130
2017	11	ald15_24	81	1085
2017	11	ald15_24	82	49
2017	11	ald15_24	83	678
2017	11	ald15_24	91	751
2017	11	ald15_24	92	59
2017	11	ald15_24	93	807
2017	11	ald15_24	94	490
2017	11	ald15_24	96	243
2017	11	ald25_54	00	569
2017	11	ald25_54	01	233
2017	11	ald25_54	02	16
2017	11	ald25_54	03	55
2017	11	ald25_54	11	2176
2017	11	ald25_54	12	2789
2017	11	ald25_54	13	5907
2017	11	ald25_54	14	2387
2017	11	ald25_54	21	7180
2017	11	ald25_54	22	8638
2017	11	ald25_54	23	11752
2017	11	ald25_54	24	6737
2017	11	ald25_54	25	3138
2017	11	ald25_54	26	2859
2017	11	ald25_54	31	11802
2017	11	ald25_54	32	2080
2017	11	ald25_54	33	9046
2017	11	ald25_54	34	1943
2017	11	ald25_54	35	1101
2017	11	ald25_54	41	3490
2017	11	ald25_54	42	1495
2017	11	ald25_54	43	4183
2017	11	ald25_54	44	320
2017	11	ald25_54	51	4418
2017	11	ald25_54	52	7777
2017	11	ald25_54	53	14448
2017	11	ald25_54	54	1165
2017	11	ald25_54	61	1038
2017	11	ald25_54	62	276
2017	11	ald25_54	71	6616
2017	11	ald25_54	72	5392
2017	11	ald25_54	73	300
2017	11	ald25_54	74	2572
2017	11	ald25_54	75	730
2017	11	ald25_54	81	5796
2017	11	ald25_54	82	346
2017	11	ald25_54	83	4615
2017	11	ald25_54	91	3938
2017	11	ald25_54	92	107
2017	11	ald25_54	93	2104
2017	11	ald25_54	94	840
2017	11	ald25_54	95	14
2017	11	ald25_54	96	601
2017	11	ald55_66	00	165
2017	11	ald55_66	01	39
2017	11	ald55_66	11	1020
2017	11	ald55_66	12	1099
2017	11	ald55_66	13	2357
2017	11	ald55_66	14	496
2017	11	ald55_66	21	1876
2017	11	ald55_66	22	1781
2017	11	ald55_66	23	2803
2017	11	ald55_66	24	2042
2017	11	ald55_66	25	434
2017	11	ald55_66	26	631
2017	11	ald55_66	31	2629
2017	11	ald55_66	32	520
2017	11	ald55_66	33	2398
2017	11	ald55_66	34	319
2017	11	ald55_66	35	143
2017	11	ald55_66	41	1204
2017	11	ald55_66	42	289
2017	11	ald55_66	43	1122
2017	11	ald55_66	44	166
2017	11	ald55_66	51	849
2017	11	ald55_66	52	1714
2017	11	ald55_66	53	4386
2017	11	ald55_66	54	184
2017	11	ald55_66	61	270
2017	11	ald55_66	62	37
2017	11	ald55_66	71	1028
2017	11	ald55_66	72	940
2017	11	ald55_66	73	87
2017	11	ald55_66	74	409
2017	11	ald55_66	75	128
2017	11	ald55_66	81	1305
2017	11	ald55_66	82	67
2017	11	ald55_66	83	1412
2017	11	ald55_66	91	942
2017	11	ald55_66	92	21
2017	11	ald55_66	93	363
2017	11	ald55_66	94	208
2017	11	ald55_66	96	142
2017	11	ald67_74	00	87
2017	11	ald67_74	03	6
2017	11	ald67_74	11	152
2017	11	ald67_74	12	60
2017	11	ald67_74	13	98
2017	11	ald67_74	14	50
2017	11	ald67_74	21	100
2017	11	ald67_74	22	174
2017	11	ald67_74	23	182
2017	11	ald67_74	24	136
2017	11	ald67_74	25	7
2017	11	ald67_74	26	75
2017	11	ald67_74	31	162
2017	11	ald67_74	32	34
2017	11	ald67_74	33	163
2017	11	ald67_74	34	46
2017	11	ald67_74	35	9
2017	11	ald67_74	41	135
2017	11	ald67_74	42	19
2017	11	ald67_74	43	80
2017	11	ald67_74	44	10
2017	11	ald67_74	51	163
2017	11	ald67_74	52	177
2017	11	ald67_74	53	568
2017	11	ald67_74	54	12
2017	11	ald67_74	61	140
2017	11	ald67_74	71	64
2017	11	ald67_74	72	60
2017	11	ald67_74	73	13
2017	11	ald67_74	74	20
2017	11	ald67_74	75	14
2017	11	ald67_74	81	52
2017	11	ald67_74	83	279
2017	11	ald67_74	91	70
2017	11	ald67_74	92	5
2017	11	ald67_74	93	33
2017	11	ald67_74	94	33
2017	11	ald67_74	96	26
2017	12	ald15_24	00	175
2017	12	ald15_24	01	76
2017	12	ald15_24	02	78
2017	12	ald15_24	03	1026
2017	12	ald15_24	11	40
2017	12	ald15_24	12	16
2017	12	ald15_24	13	23
2017	12	ald15_24	14	137
2017	12	ald15_24	21	81
2017	12	ald15_24	22	601
2017	12	ald15_24	23	766
2017	12	ald15_24	24	199
2017	12	ald15_24	25	68
2017	12	ald15_24	26	129
2017	12	ald15_24	31	297
2017	12	ald15_24	32	154
2017	12	ald15_24	33	715
2017	12	ald15_24	34	562
2017	12	ald15_24	35	138
2017	12	ald15_24	41	534
2017	12	ald15_24	42	706
2017	12	ald15_24	43	664
2017	12	ald15_24	44	57
2017	12	ald15_24	51	2259
2017	12	ald15_24	52	8475
2017	12	ald15_24	53	5408
2017	12	ald15_24	54	480
2017	12	ald15_24	61	283
2017	12	ald15_24	62	322
2017	12	ald15_24	71	1604
2017	12	ald15_24	72	1431
2017	12	ald15_24	73	19
2017	12	ald15_24	74	1462
2017	12	ald15_24	75	104
2017	12	ald15_24	81	758
2017	12	ald15_24	82	39
2017	12	ald15_24	83	847
2017	12	ald15_24	91	1016
2017	12	ald15_24	92	68
2017	12	ald15_24	93	944
2017	12	ald15_24	94	520
2017	12	ald15_24	96	268
2017	12	ald25_54	00	683
2017	12	ald25_54	01	1408
2017	12	ald25_54	02	52
2017	12	ald25_54	03	150
2017	12	ald25_54	11	2257
2017	12	ald25_54	12	2907
2017	12	ald25_54	13	6095
2017	12	ald25_54	14	2783
2017	12	ald25_54	21	6468
2017	12	ald25_54	22	11053
2017	12	ald25_54	23	14157
2017	12	ald25_54	24	8907
2017	12	ald25_54	25	2722
2017	12	ald25_54	26	3339
2017	12	ald25_54	31	10717
2017	12	ald25_54	32	2606
2017	12	ald25_54	33	10677
2017	12	ald25_54	34	2100
2017	12	ald25_54	35	1349
2017	12	ald25_54	41	3709
2017	12	ald25_54	42	1715
2017	12	ald25_54	43	4023
2017	12	ald25_54	44	250
2017	12	ald25_54	51	5653
2017	12	ald25_54	52	8284
2017	12	ald25_54	53	16043
2017	12	ald25_54	54	1285
2017	12	ald25_54	61	411
2017	12	ald25_54	62	755
2017	12	ald25_54	71	7501
2017	12	ald25_54	72	4804
2017	12	ald25_54	73	229
2017	12	ald25_54	74	3130
2017	12	ald25_54	75	633
2017	12	ald25_54	81	4995
2017	12	ald25_54	82	310
2017	12	ald25_54	83	5430
2017	12	ald25_54	91	4409
2017	12	ald25_54	92	145
2017	12	ald25_54	93	2205
2017	12	ald25_54	94	872
2017	12	ald25_54	95	8
2017	12	ald25_54	96	600
2017	12	ald55_66	00	202
2017	12	ald55_66	01	103
2017	12	ald55_66	03	7
2017	12	ald55_66	11	1120
2017	12	ald55_66	12	1063
2017	12	ald55_66	13	2610
2017	12	ald55_66	14	604
2017	12	ald55_66	21	1695
2017	12	ald55_66	22	2503
2017	12	ald55_66	23	3687
2017	12	ald55_66	24	2754
2017	12	ald55_66	25	496
2017	12	ald55_66	26	772
2017	12	ald55_66	31	2655
2017	12	ald55_66	32	790
2017	12	ald55_66	33	2811
2017	12	ald55_66	34	349
2017	12	ald55_66	35	225
2017	12	ald55_66	41	1330
2017	12	ald55_66	42	292
2017	12	ald55_66	43	1186
2017	12	ald55_66	44	192
2017	12	ald55_66	51	1269
2017	12	ald55_66	52	1494
2017	12	ald55_66	53	5339
2017	12	ald55_66	54	185
2017	12	ald55_66	61	118
2017	12	ald55_66	62	118
2017	12	ald55_66	71	1169
2017	12	ald55_66	72	1037
2017	12	ald55_66	73	103
2017	12	ald55_66	74	628
2017	12	ald55_66	75	112
2017	12	ald55_66	81	1169
2017	12	ald55_66	82	78
2017	12	ald55_66	83	1749
2017	12	ald55_66	91	1032
2017	12	ald55_66	92	28
2017	12	ald55_66	93	361
2017	12	ald55_66	94	172
2017	12	ald55_66	95	4
2017	12	ald55_66	96	135
2017	12	ald67_74	00	106
2017	12	ald67_74	03	5
2017	12	ald67_74	11	156
2017	12	ald67_74	12	106
2017	12	ald67_74	13	135
2017	12	ald67_74	14	70
2017	12	ald67_74	21	128
2017	12	ald67_74	22	243
2017	12	ald67_74	23	271
2017	12	ald67_74	24	225
2017	12	ald67_74	25	20
2017	12	ald67_74	26	88
2017	12	ald67_74	31	151
2017	12	ald67_74	32	43
2017	12	ald67_74	33	191
2017	12	ald67_74	34	54
2017	12	ald67_74	35	17
2017	12	ald67_74	41	168
2017	12	ald67_74	42	41
2017	12	ald67_74	43	132
2017	12	ald67_74	44	11
2017	12	ald67_74	51	197
2017	12	ald67_74	52	208
2017	12	ald67_74	53	827
2017	12	ald67_74	54	27
2017	12	ald67_74	61	56
2017	12	ald67_74	62	10
2017	12	ald67_74	71	79
2017	12	ald67_74	72	58
2017	12	ald67_74	73	12
2017	12	ald67_74	74	41
2017	12	ald67_74	75	11
2017	12	ald67_74	81	53
2017	12	ald67_74	83	312
2017	12	ald67_74	91	106
2017	12	ald67_74	93	47
2017	12	ald67_74	94	34
2017	12	ald67_74	96	38
2017	14	ald15_24	00	70
2017	14	ald15_24	02	11
2017	14	ald15_24	03	197
2017	14	ald15_24	11	4
2017	14	ald15_24	12	4
2017	14	ald15_24	14	17
2017	14	ald15_24	21	13
2017	14	ald15_24	22	150
2017	14	ald15_24	23	201
2017	14	ald15_24	24	19
2017	14	ald15_24	25	23
2017	14	ald15_24	26	32
2017	14	ald15_24	31	62
2017	14	ald15_24	32	39
2017	14	ald15_24	33	120
2017	14	ald15_24	34	102
2017	14	ald15_24	35	47
2017	14	ald15_24	41	102
2017	14	ald15_24	42	147
2017	14	ald15_24	43	78
2017	14	ald15_24	44	11
2017	14	ald15_24	51	357
2017	14	ald15_24	52	1584
2017	14	ald15_24	53	1214
2017	14	ald15_24	54	64
2017	14	ald15_24	61	189
2017	14	ald15_24	62	81
2017	14	ald15_24	71	382
2017	14	ald15_24	72	334
2017	14	ald15_24	73	13
2017	14	ald15_24	74	363
2017	14	ald15_24	75	23
2017	14	ald15_24	81	485
2017	14	ald15_24	83	298
2017	14	ald15_24	91	174
2017	14	ald15_24	92	15
2017	14	ald15_24	93	294
2017	14	ald15_24	94	161
2017	14	ald15_24	96	36
2017	14	ald25_54	00	156
2017	14	ald25_54	01	22
2017	14	ald25_54	03	21
2017	14	ald25_54	11	438
2017	14	ald25_54	12	473
2017	14	ald25_54	13	1137
2017	14	ald25_54	14	601
2017	14	ald25_54	21	621
2017	14	ald25_54	22	2205
2017	14	ald25_54	23	2901
2017	14	ald25_54	24	1296
2017	14	ald25_54	25	283
2017	14	ald25_54	26	500
2017	14	ald25_54	31	1739
2017	14	ald25_54	32	504
2017	14	ald25_54	33	1331
2017	14	ald25_54	34	298
2017	14	ald25_54	35	207
2017	14	ald25_54	41	730
2017	14	ald25_54	42	312
2017	14	ald25_54	43	603
2017	14	ald25_54	44	106
2017	14	ald25_54	51	879
2017	14	ald25_54	52	1613
2017	14	ald25_54	53	3614
2017	14	ald25_54	54	170
2017	14	ald25_54	61	206
2017	14	ald25_54	62	269
2017	14	ald25_54	71	1415
2017	14	ald25_54	72	984
2017	14	ald25_54	73	113
2017	14	ald25_54	74	644
2017	14	ald25_54	75	213
2017	14	ald25_54	81	2255
2017	14	ald25_54	82	20
2017	14	ald25_54	83	1472
2017	14	ald25_54	91	930
2017	14	ald25_54	92	18
2017	14	ald25_54	93	485
2017	14	ald25_54	94	161
2017	14	ald25_54	96	117
2017	14	ald55_66	00	72
2017	14	ald55_66	11	227
2017	14	ald55_66	12	202
2017	14	ald55_66	13	592
2017	14	ald55_66	14	209
2017	14	ald55_66	21	214
2017	14	ald55_66	22	576
2017	14	ald55_66	23	925
2017	14	ald55_66	24	525
2017	14	ald55_66	25	30
2017	14	ald55_66	26	176
2017	14	ald55_66	31	549
2017	14	ald55_66	32	147
2017	14	ald55_66	33	535
2017	14	ald55_66	34	62
2017	14	ald55_66	35	30
2017	14	ald55_66	41	369
2017	14	ald55_66	42	50
2017	14	ald55_66	43	220
2017	14	ald55_66	44	96
2017	14	ald55_66	51	286
2017	14	ald55_66	52	450
2017	14	ald55_66	53	1637
2017	14	ald55_66	54	42
2017	14	ald55_66	61	66
2017	14	ald55_66	62	62
2017	14	ald55_66	71	328
2017	14	ald55_66	72	250
2017	14	ald55_66	73	21
2017	14	ald55_66	74	180
2017	14	ald55_66	75	47
2017	14	ald55_66	81	645
2017	14	ald55_66	82	4
2017	14	ald55_66	83	611
2017	14	ald55_66	91	377
2017	14	ald55_66	93	88
2017	14	ald55_66	94	70
2017	14	ald55_66	96	33
2017	14	ald67_74	00	53
2017	14	ald67_74	11	30
2017	14	ald67_74	12	22
2017	14	ald67_74	13	42
2017	14	ald67_74	14	22
2017	14	ald67_74	21	24
2017	14	ald67_74	22	61
2017	14	ald67_74	23	66
2017	14	ald67_74	24	49
2017	14	ald67_74	26	19
2017	14	ald67_74	31	49
2017	14	ald67_74	32	10
2017	14	ald67_74	33	58
2017	14	ald67_74	34	6
2017	14	ald67_74	41	42
2017	14	ald67_74	42	13
2017	14	ald67_74	43	18
2017	14	ald67_74	44	9
2017	14	ald67_74	51	53
2017	14	ald67_74	52	78
2017	14	ald67_74	53	300
2017	14	ald67_74	61	55
2017	14	ald67_74	62	6
2017	14	ald67_74	71	31
2017	14	ald67_74	72	30
2017	14	ald67_74	74	14
2017	14	ald67_74	75	6
2017	14	ald67_74	81	37
2017	14	ald67_74	83	164
2017	14	ald67_74	91	39
2017	14	ald67_74	93	19
2017	14	ald67_74	94	15
2017	14	ald67_74	96	17
2017	15	ald15_24	00	115
2017	15	ald15_24	01	8
2017	15	ald15_24	02	14
2017	15	ald15_24	03	490
2017	15	ald15_24	11	19
2017	15	ald15_24	12	9
2017	15	ald15_24	13	15
2017	15	ald15_24	14	37
2017	15	ald15_24	21	27
2017	15	ald15_24	22	271
2017	15	ald15_24	23	356
2017	15	ald15_24	24	57
2017	15	ald15_24	25	33
2017	15	ald15_24	26	45
2017	15	ald15_24	31	175
2017	15	ald15_24	32	117
2017	15	ald15_24	33	253
2017	15	ald15_24	34	240
2017	15	ald15_24	35	69
2017	15	ald15_24	41	198
2017	15	ald15_24	42	260
2017	15	ald15_24	43	349
2017	15	ald15_24	44	19
2017	15	ald15_24	51	898
2017	15	ald15_24	52	3931
2017	15	ald15_24	53	2792
2017	15	ald15_24	54	154
2017	15	ald15_24	61	246
2017	15	ald15_24	62	128
2017	15	ald15_24	71	608
2017	15	ald15_24	72	878
2017	15	ald15_24	73	11
2017	15	ald15_24	74	708
2017	15	ald15_24	75	73
2017	15	ald15_24	81	628
2017	15	ald15_24	82	14
2017	15	ald15_24	83	477
2017	15	ald15_24	91	506
2017	15	ald15_24	92	16
2017	15	ald15_24	93	412
2017	15	ald15_24	94	291
2017	15	ald15_24	96	174
2017	15	ald25_54	00	380
2017	15	ald25_54	01	68
2017	15	ald25_54	03	35
2017	15	ald25_54	11	1132
2017	15	ald25_54	12	1494
2017	15	ald25_54	13	2780
2017	15	ald25_54	14	1477
2017	15	ald25_54	21	1582
2017	15	ald25_54	22	5280
2017	15	ald25_54	23	6400
2017	15	ald25_54	24	2677
2017	15	ald25_54	25	821
2017	15	ald25_54	26	1181
2017	15	ald25_54	31	5993
2017	15	ald25_54	32	1233
2017	15	ald25_54	33	4300
2017	15	ald25_54	34	888
2017	15	ald25_54	35	507
2017	15	ald25_54	41	1732
2017	15	ald25_54	42	778
2017	15	ald25_54	43	2160
2017	15	ald25_54	44	163
2017	15	ald25_54	51	2170
2017	15	ald25_54	52	4163
2017	15	ald25_54	53	8449
2017	15	ald25_54	54	541
2017	15	ald25_54	61	275
2017	15	ald25_54	62	504
2017	15	ald25_54	71	3753
2017	15	ald25_54	72	2994
2017	15	ald25_54	73	92
2017	15	ald25_54	74	1627
2017	15	ald25_54	75	523
2017	15	ald25_54	81	4532
2017	15	ald25_54	82	112
2017	15	ald25_54	83	3239
2017	15	ald25_54	91	2003
2017	15	ald25_54	92	35
2017	15	ald25_54	93	992
2017	15	ald25_54	94	424
2017	15	ald25_54	95	18
2017	15	ald25_54	96	411
2017	15	ald55_66	00	124
2017	15	ald55_66	01	9
2017	15	ald55_66	03	7
2017	15	ald55_66	11	634
2017	15	ald55_66	12	653
2017	15	ald55_66	13	1451
2017	15	ald55_66	14	428
2017	15	ald55_66	21	424
2017	15	ald55_66	22	1350
2017	15	ald55_66	23	1741
2017	15	ald55_66	24	978
2017	15	ald55_66	25	130
2017	15	ald55_66	26	288
2017	15	ald55_66	31	1715
2017	15	ald55_66	32	325
2017	15	ald55_66	33	1531
2017	15	ald55_66	34	202
2017	15	ald55_66	35	72
2017	15	ald55_66	41	793
2017	15	ald55_66	42	160
2017	15	ald55_66	43	680
2017	15	ald55_66	44	151
2017	15	ald55_66	51	647
2017	15	ald55_66	52	1106
2017	15	ald55_66	53	3578
2017	15	ald55_66	54	125
2017	15	ald55_66	61	93
2017	15	ald55_66	62	86
2017	15	ald55_66	71	791
2017	15	ald55_66	72	711
2017	15	ald55_66	73	22
2017	15	ald55_66	74	441
2017	15	ald55_66	75	138
2017	15	ald55_66	81	1272
2017	15	ald55_66	82	24
2017	15	ald55_66	83	1223
2017	15	ald55_66	91	677
2017	15	ald55_66	92	11
2017	15	ald55_66	93	206
2017	15	ald55_66	94	151
2017	15	ald55_66	96	89
2017	15	ald67_74	00	87
2017	15	ald67_74	11	123
2017	15	ald67_74	12	50
2017	15	ald67_74	13	101
2017	15	ald67_74	14	40
2017	15	ald67_74	21	53
2017	15	ald67_74	22	117
2017	15	ald67_74	23	149
2017	15	ald67_74	24	67
2017	15	ald67_74	25	8
2017	15	ald67_74	26	39
2017	15	ald67_74	31	149
2017	15	ald67_74	32	24
2017	15	ald67_74	33	117
2017	15	ald67_74	34	15
2017	15	ald67_74	35	4
2017	15	ald67_74	41	96
2017	15	ald67_74	42	15
2017	15	ald67_74	43	81
2017	15	ald67_74	44	9
2017	15	ald67_74	51	148
2017	15	ald67_74	52	162
2017	15	ald67_74	53	582
2017	15	ald67_74	54	14
2017	15	ald67_74	61	54
2017	15	ald67_74	62	4
2017	15	ald67_74	71	53
2017	15	ald67_74	72	74
2017	15	ald67_74	74	22
2017	15	ald67_74	75	14
2017	15	ald67_74	81	91
2017	15	ald67_74	83	249
2017	15	ald67_74	91	100
2017	15	ald67_74	93	33
2017	15	ald67_74	94	23
2017	15	ald67_74	96	32
2017	16	ald15_24	00	116
2017	16	ald15_24	01	43
2017	16	ald15_24	02	91
2017	16	ald15_24	03	754
2017	16	ald15_24	11	32
2017	16	ald15_24	12	13
2017	16	ald15_24	13	14
2017	16	ald15_24	14	72
2017	16	ald15_24	21	73
2017	16	ald15_24	22	381
2017	16	ald15_24	23	813
2017	16	ald15_24	24	116
2017	16	ald15_24	25	98
2017	16	ald15_24	26	75
2017	16	ald15_24	31	164
2017	16	ald15_24	32	163
2017	16	ald15_24	33	849
2017	16	ald15_24	34	367
2017	16	ald15_24	35	153
2017	16	ald15_24	41	377
2017	16	ald15_24	42	431
2017	16	ald15_24	43	472
2017	16	ald15_24	44	34
2017	16	ald15_24	51	1670
2017	16	ald15_24	52	4913
2017	16	ald15_24	53	2985
2017	16	ald15_24	54	208
2017	16	ald15_24	61	327
2017	16	ald15_24	62	220
2017	16	ald15_24	71	1045
2017	16	ald15_24	72	716
2017	16	ald15_24	73	30
2017	16	ald15_24	74	805
2017	16	ald15_24	75	91
2017	16	ald15_24	81	531
2017	16	ald15_24	82	51
2017	16	ald15_24	83	499
2017	16	ald15_24	91	501
2017	16	ald15_24	92	42
2017	16	ald15_24	93	569
2017	16	ald15_24	94	379
2017	16	ald15_24	96	277
2017	16	ald25_54	00	366
2017	16	ald25_54	01	580
2017	16	ald25_54	02	40
2017	16	ald25_54	03	44
2017	16	ald25_54	11	1471
2017	16	ald25_54	12	2095
2017	16	ald25_54	13	3285
2017	16	ald25_54	14	1659
2017	16	ald25_54	21	5087
2017	16	ald25_54	22	7044
2017	16	ald25_54	23	10460
2017	16	ald25_54	24	5903
2017	16	ald25_54	25	2375
2017	16	ald25_54	26	2243
2017	16	ald25_54	31	5195
2017	16	ald25_54	32	1719
2017	16	ald25_54	33	6954
2017	16	ald25_54	34	1321
2017	16	ald25_54	35	1057
2017	16	ald25_54	41	2318
2017	16	ald25_54	42	1051
2017	16	ald25_54	43	2483
2017	16	ald25_54	44	189
2017	16	ald25_54	51	3492
2017	16	ald25_54	52	5572
2017	16	ald25_54	53	8794
2017	16	ald25_54	54	649
2017	16	ald25_54	61	461
2017	16	ald25_54	62	434
2017	16	ald25_54	71	4476
2017	16	ald25_54	72	2255
2017	16	ald25_54	73	178
2017	16	ald25_54	74	1499
2017	16	ald25_54	75	525
2017	16	ald25_54	81	3260
2017	16	ald25_54	82	194
2017	16	ald25_54	83	3467
2017	16	ald25_54	91	2645
2017	16	ald25_54	92	50
2017	16	ald25_54	93	1148
2017	16	ald25_54	94	584
2017	16	ald25_54	95	6
2017	16	ald25_54	96	477
2017	16	ald55_66	00	129
2017	16	ald55_66	01	59
2017	16	ald55_66	03	4
2017	16	ald55_66	11	644
2017	16	ald55_66	12	785
2017	16	ald55_66	13	1382
2017	16	ald55_66	14	396
2017	16	ald55_66	21	1017
2017	16	ald55_66	22	1486
2017	16	ald55_66	23	2262
2017	16	ald55_66	24	1936
2017	16	ald55_66	25	355
2017	16	ald55_66	26	500
2017	16	ald55_66	31	1443
2017	16	ald55_66	32	395
2017	16	ald55_66	33	1752
2017	16	ald55_66	34	250
2017	16	ald55_66	35	175
2017	16	ald55_66	41	885
2017	16	ald55_66	42	188
2017	16	ald55_66	43	744
2017	16	ald55_66	44	106
2017	16	ald55_66	51	799
2017	16	ald55_66	52	1031
2017	16	ald55_66	53	2770
2017	16	ald55_66	54	99
2017	16	ald55_66	61	123
2017	16	ald55_66	62	65
2017	16	ald55_66	71	739
2017	16	ald55_66	72	465
2017	16	ald55_66	73	78
2017	16	ald55_66	74	350
2017	16	ald55_66	75	90
2017	16	ald55_66	81	715
2017	16	ald55_66	82	53
2017	16	ald55_66	83	1166
2017	16	ald55_66	91	792
2017	16	ald55_66	92	7
2017	16	ald55_66	93	220
2017	16	ald55_66	94	135
2017	16	ald55_66	96	128
2017	16	ald67_74	00	58
2017	16	ald67_74	11	121
2017	16	ald67_74	12	61
2017	16	ald67_74	13	105
2017	16	ald67_74	14	36
2017	16	ald67_74	21	120
2017	16	ald67_74	22	132
2017	16	ald67_74	23	209
2017	16	ald67_74	24	112
2017	16	ald67_74	25	13
2017	16	ald67_74	26	45
2017	16	ald67_74	31	113
2017	16	ald67_74	32	19
2017	16	ald67_74	33	136
2017	16	ald67_74	34	22
2017	16	ald67_74	35	13
2017	16	ald67_74	41	78
2017	16	ald67_74	42	12
2017	16	ald67_74	43	58
2017	16	ald67_74	44	6
2017	16	ald67_74	51	151
2017	16	ald67_74	52	119
2017	16	ald67_74	53	331
2017	16	ald67_74	54	10
2017	16	ald67_74	61	56
2017	16	ald67_74	62	7
2017	16	ald67_74	71	60
2017	16	ald67_74	72	39
2017	16	ald67_74	73	8
2017	16	ald67_74	74	15
2017	16	ald67_74	75	14
2017	16	ald67_74	81	29
2017	16	ald67_74	83	205
2017	16	ald67_74	91	83
2017	16	ald67_74	93	33
2017	16	ald67_74	94	19
2017	16	ald67_74	96	43
2017	17	ald15_24	00	127
2017	17	ald15_24	01	7
2017	17	ald15_24	02	19
2017	17	ald15_24	03	334
2017	17	ald15_24	11	8
2017	17	ald15_24	13	5
2017	17	ald15_24	14	24
2017	17	ald15_24	21	12
2017	17	ald15_24	22	178
2017	17	ald15_24	23	242
2017	17	ald15_24	24	16
2017	17	ald15_24	25	13
2017	17	ald15_24	26	29
2017	17	ald15_24	31	61
2017	17	ald15_24	32	74
2017	17	ald15_24	33	123
2017	17	ald15_24	34	73
2017	17	ald15_24	35	33
2017	17	ald15_24	41	103
2017	17	ald15_24	42	152
2017	17	ald15_24	43	138
2017	17	ald15_24	44	10
2017	17	ald15_24	51	559
2017	17	ald15_24	52	1961
2017	17	ald15_24	53	1515
2017	17	ald15_24	54	74
2017	17	ald15_24	61	358
2017	17	ald15_24	62	118
2017	17	ald15_24	71	657
2017	17	ald15_24	72	496
2017	17	ald15_24	73	11
2017	17	ald15_24	74	286
2017	17	ald15_24	75	61
2017	17	ald15_24	81	279
2017	17	ald15_24	82	6
2017	17	ald15_24	83	285
2017	17	ald15_24	91	231
2017	17	ald15_24	92	23
2017	17	ald15_24	93	333
2017	17	ald15_24	94	163
2017	17	ald15_24	96	94
2017	17	ald25_54	00	186
2017	17	ald25_54	01	112
2017	17	ald25_54	02	5
2017	17	ald25_54	03	19
2017	17	ald25_54	11	515
2017	17	ald25_54	12	526
2017	17	ald25_54	13	1319
2017	17	ald25_54	14	654
2017	17	ald25_54	21	703
2017	17	ald25_54	22	3204
2017	17	ald25_54	23	3638
2017	17	ald25_54	24	1352
2017	17	ald25_54	25	318
2017	17	ald25_54	26	608
2017	17	ald25_54	31	1664
2017	17	ald25_54	32	731
2017	17	ald25_54	33	1932
2017	17	ald25_54	34	422
2017	17	ald25_54	35	161
2017	17	ald25_54	41	877
2017	17	ald25_54	42	433
2017	17	ald25_54	43	629
2017	17	ald25_54	44	78
2017	17	ald25_54	51	1214
2017	17	ald25_54	52	2437
2017	17	ald25_54	53	4443
2017	17	ald25_54	54	273
2017	17	ald25_54	61	464
2017	17	ald25_54	62	248
2017	17	ald25_54	71	2057
2017	17	ald25_54	72	1437
2017	17	ald25_54	73	59
2017	17	ald25_54	74	672
2017	17	ald25_54	75	311
2017	17	ald25_54	81	1412
2017	17	ald25_54	82	76
2017	17	ald25_54	83	1763
2017	17	ald25_54	91	956
2017	17	ald25_54	92	34
2017	17	ald25_54	93	587
2017	17	ald25_54	94	254
2017	17	ald25_54	96	208
2017	17	ald55_66	00	91
2017	17	ald55_66	01	8
2017	17	ald55_66	11	259
2017	17	ald55_66	12	268
2017	17	ald55_66	13	617
2017	17	ald55_66	14	192
2017	17	ald55_66	21	246
2017	17	ald55_66	22	815
2017	17	ald55_66	23	965
2017	17	ald55_66	24	605
2017	17	ald55_66	25	49
2017	17	ald55_66	26	162
2017	17	ald55_66	31	582
2017	17	ald55_66	32	197
2017	17	ald55_66	33	672
2017	17	ald55_66	34	90
2017	17	ald55_66	35	31
2017	17	ald55_66	41	463
2017	17	ald55_66	42	99
2017	17	ald55_66	43	237
2017	17	ald55_66	44	113
2017	17	ald55_66	51	376
2017	17	ald55_66	52	612
2017	17	ald55_66	53	1708
2017	17	ald55_66	54	57
2017	17	ald55_66	61	148
2017	17	ald55_66	62	80
2017	17	ald55_66	71	389
2017	17	ald55_66	72	355
2017	17	ald55_66	73	30
2017	17	ald55_66	74	149
2017	17	ald55_66	75	55
2017	17	ald55_66	81	409
2017	17	ald55_66	82	30
2017	17	ald55_66	83	704
2017	17	ald55_66	91	416
2017	17	ald55_66	92	8
2017	17	ald55_66	93	123
2017	17	ald55_66	94	86
2017	17	ald55_66	96	59
2017	17	ald67_74	00	60
2017	17	ald67_74	11	52
2017	17	ald67_74	12	19
2017	17	ald67_74	13	38
2017	17	ald67_74	14	19
2017	17	ald67_74	21	30
2017	17	ald67_74	22	74
2017	17	ald67_74	23	58
2017	17	ald67_74	24	44
2017	17	ald67_74	25	4
2017	17	ald67_74	26	22
2017	17	ald67_74	31	38
2017	17	ald67_74	32	10
2017	17	ald67_74	33	54
2017	17	ald67_74	34	10
2017	17	ald67_74	41	45
2017	17	ald67_74	42	17
2017	17	ald67_74	43	21
2017	17	ald67_74	44	14
2017	17	ald67_74	51	71
2017	17	ald67_74	52	83
2017	17	ald67_74	53	216
2017	17	ald67_74	54	7
2017	17	ald67_74	61	63
2017	17	ald67_74	62	9
2017	17	ald67_74	71	35
2017	17	ald67_74	72	24
2017	17	ald67_74	73	5
2017	17	ald67_74	74	7
2017	17	ald67_74	75	6
2017	17	ald67_74	81	17
2017	17	ald67_74	83	165
2017	17	ald67_74	91	61
2017	17	ald67_74	93	19
2017	17	ald67_74	94	14
2017	17	ald67_74	96	32
2017	18	ald15_24	00	113
2017	18	ald15_24	01	13
2017	18	ald15_24	02	72
2017	18	ald15_24	03	493
2017	18	ald15_24	11	12
2017	18	ald15_24	12	6
2017	18	ald15_24	13	8
2017	18	ald15_24	14	57
2017	18	ald15_24	21	24
2017	18	ald15_24	22	263
2017	18	ald15_24	23	361
2017	18	ald15_24	24	56
2017	18	ald15_24	25	29
2017	18	ald15_24	26	54
2017	18	ald15_24	31	157
2017	18	ald15_24	32	140
2017	18	ald15_24	33	216
2017	18	ald15_24	34	161
2017	18	ald15_24	35	72
2017	18	ald15_24	41	220
2017	18	ald15_24	42	270
2017	18	ald15_24	43	278
2017	18	ald15_24	44	36
2017	18	ald15_24	51	975
2017	18	ald15_24	52	3787
2017	18	ald15_24	53	2650
2017	18	ald15_24	54	168
2017	18	ald15_24	61	204
2017	18	ald15_24	62	238
2017	18	ald15_24	71	693
2017	18	ald15_24	72	783
2017	18	ald15_24	73	14
2017	18	ald15_24	74	703
2017	18	ald15_24	75	76
2017	18	ald15_24	81	622
2017	18	ald15_24	82	12
2017	18	ald15_24	83	504
2017	18	ald15_24	91	369
2017	18	ald15_24	92	25
2017	18	ald15_24	93	553
2017	18	ald15_24	94	339
2017	18	ald15_24	96	127
2017	18	ald25_54	00	454
2017	18	ald25_54	01	633
2017	18	ald25_54	02	25
2017	18	ald25_54	03	65
2017	18	ald25_54	11	1020
2017	18	ald25_54	12	1126
2017	18	ald25_54	13	2541
2017	18	ald25_54	14	1330
2017	18	ald25_54	21	1108
2017	18	ald25_54	22	5127
2017	18	ald25_54	23	5938
2017	18	ald25_54	24	3139
2017	18	ald25_54	25	557
2017	18	ald25_54	26	1430
2017	18	ald25_54	31	3165
2017	18	ald25_54	32	1343
2017	18	ald25_54	33	3519
2017	18	ald25_54	34	724
2017	18	ald25_54	35	396
2017	18	ald25_54	41	1569
2017	18	ald25_54	42	760
2017	18	ald25_54	43	1741
2017	18	ald25_54	44	212
2017	18	ald25_54	51	2109
2017	18	ald25_54	52	4073
2017	18	ald25_54	53	8473
2017	18	ald25_54	54	651
2017	18	ald25_54	61	295
2017	18	ald25_54	62	623
2017	18	ald25_54	71	2648
2017	18	ald25_54	72	2220
2017	18	ald25_54	73	90
2017	18	ald25_54	74	1237
2017	18	ald25_54	75	349
2017	18	ald25_54	81	3094
2017	18	ald25_54	82	83
2017	18	ald25_54	83	2936
2017	18	ald25_54	91	2012
2017	18	ald25_54	92	43
2017	18	ald25_54	93	1299
2017	18	ald25_54	94	391
2017	18	ald25_54	96	455
2017	18	ald55_66	00	172
2017	18	ald55_66	01	88
2017	18	ald55_66	03	13
2017	18	ald55_66	11	565
2017	18	ald55_66	12	537
2017	18	ald55_66	13	1213
2017	18	ald55_66	14	366
2017	18	ald55_66	21	400
2017	18	ald55_66	22	1237
2017	18	ald55_66	23	1860
2017	18	ald55_66	24	1260
2017	18	ald55_66	25	91
2017	18	ald55_66	26	428
2017	18	ald55_66	31	1202
2017	18	ald55_66	32	293
2017	18	ald55_66	33	1205
2017	18	ald55_66	34	218
2017	18	ald55_66	35	85
2017	18	ald55_66	41	715
2017	18	ald55_66	42	160
2017	18	ald55_66	43	531
2017	18	ald55_66	44	191
2017	18	ald55_66	51	621
2017	18	ald55_66	52	886
2017	18	ald55_66	53	3097
2017	18	ald55_66	54	139
2017	18	ald55_66	61	73
2017	18	ald55_66	62	100
2017	18	ald55_66	71	496
2017	18	ald55_66	72	539
2017	18	ald55_66	73	26
2017	18	ald55_66	74	291
2017	18	ald55_66	75	85
2017	18	ald55_66	81	745
2017	18	ald55_66	82	8
2017	18	ald55_66	83	1059
2017	18	ald55_66	91	620
2017	18	ald55_66	92	20
2017	18	ald55_66	93	293
2017	18	ald55_66	94	122
2017	18	ald55_66	96	137
2017	18	ald67_74	00	105
2017	18	ald67_74	03	9
2017	18	ald67_74	11	76
2017	18	ald67_74	12	38
2017	18	ald67_74	13	83
2017	18	ald67_74	14	41
2017	18	ald67_74	21	31
2017	18	ald67_74	22	90
2017	18	ald67_74	23	139
2017	18	ald67_74	24	68
2017	18	ald67_74	25	4
2017	18	ald67_74	26	33
2017	18	ald67_74	31	105
2017	18	ald67_74	32	21
2017	18	ald67_74	33	71
2017	18	ald67_74	34	19
2017	18	ald67_74	35	5
2017	18	ald67_74	41	61
2017	18	ald67_74	42	14
2017	18	ald67_74	43	54
2017	18	ald67_74	44	12
2017	18	ald67_74	51	112
2017	18	ald67_74	52	133
2017	18	ald67_74	53	540
2017	18	ald67_74	54	10
2017	18	ald67_74	61	28
2017	18	ald67_74	62	12
2017	18	ald67_74	71	44
2017	18	ald67_74	72	45
2017	18	ald67_74	73	4
2017	18	ald67_74	74	15
2017	18	ald67_74	75	15
2017	18	ald67_74	81	35
2017	18	ald67_74	83	240
2017	18	ald67_74	91	70
2017	18	ald67_74	92	4
2017	18	ald67_74	93	36
2017	18	ald67_74	94	16
2017	18	ald67_74	96	31
2017	19	ald15_24	00	89
2017	19	ald15_24	01	79
2017	19	ald15_24	02	121
2017	19	ald15_24	03	483
2017	19	ald15_24	11	15
2017	19	ald15_24	12	7
2017	19	ald15_24	13	7
2017	19	ald15_24	14	49
2017	19	ald15_24	21	14
2017	19	ald15_24	22	202
2017	19	ald15_24	23	262
2017	19	ald15_24	24	61
2017	19	ald15_24	25	31
2017	19	ald15_24	26	42
2017	19	ald15_24	31	73
2017	19	ald15_24	32	111
2017	19	ald15_24	33	185
2017	19	ald15_24	34	112
2017	19	ald15_24	35	76
2017	19	ald15_24	41	141
2017	19	ald15_24	42	242
2017	19	ald15_24	43	245
2017	19	ald15_24	44	21
2017	19	ald15_24	51	823
2017	19	ald15_24	52	3138
2017	19	ald15_24	53	2043
2017	19	ald15_24	54	139
2017	19	ald15_24	61	104
2017	19	ald15_24	62	167
2017	19	ald15_24	71	441
2017	19	ald15_24	72	444
2017	19	ald15_24	73	6
2017	19	ald15_24	74	473
2017	19	ald15_24	75	55
2017	19	ald15_24	81	250
2017	19	ald15_24	83	352
2017	19	ald15_24	91	290
2017	19	ald15_24	92	33
2017	19	ald15_24	93	306
2017	19	ald15_24	94	317
2017	19	ald15_24	96	95
2017	19	ald25_54	00	290
2017	19	ald25_54	01	1000
2017	19	ald25_54	02	54
2017	19	ald25_54	03	117
2017	19	ald25_54	11	905
2017	19	ald25_54	12	820
2017	19	ald25_54	13	1754
2017	19	ald25_54	14	971
2017	19	ald25_54	21	1385
2017	19	ald25_54	22	4445
2017	19	ald25_54	23	5192
2017	19	ald25_54	24	2878
2017	19	ald25_54	25	517
2017	19	ald25_54	26	1313
2017	19	ald25_54	31	2098
2017	19	ald25_54	32	1210
2017	19	ald25_54	33	2575
2017	19	ald25_54	34	657
2017	19	ald25_54	35	363
2017	19	ald25_54	41	974
2017	19	ald25_54	42	559
2017	19	ald25_54	43	1041
2017	19	ald25_54	44	106
2017	19	ald25_54	51	1618
2017	19	ald25_54	52	2843
2017	19	ald25_54	53	5619
2017	19	ald25_54	54	393
2017	19	ald25_54	61	135
2017	19	ald25_54	62	404
2017	19	ald25_54	71	1815
2017	19	ald25_54	72	1202
2017	19	ald25_54	73	69
2017	19	ald25_54	74	750
2017	19	ald25_54	75	241
2017	19	ald25_54	81	1347
2017	19	ald25_54	82	17
2017	19	ald25_54	83	1945
2017	19	ald25_54	91	1333
2017	19	ald25_54	92	27
2017	19	ald25_54	93	710
2017	19	ald25_54	94	328
2017	19	ald25_54	95	4
2017	19	ald25_54	96	361
2017	19	ald55_66	00	109
2017	19	ald55_66	01	68
2017	19	ald55_66	11	430
2017	19	ald55_66	12	328
2017	19	ald55_66	13	817
2017	19	ald55_66	14	246
2017	19	ald55_66	21	334
2017	19	ald55_66	22	942
2017	19	ald55_66	23	1393
2017	19	ald55_66	24	1006
2017	19	ald55_66	25	85
2017	19	ald55_66	26	291
2017	19	ald55_66	31	657
2017	19	ald55_66	32	304
2017	19	ald55_66	33	856
2017	19	ald55_66	34	148
2017	19	ald55_66	35	76
2017	19	ald55_66	41	444
2017	19	ald55_66	42	136
2017	19	ald55_66	43	308
2017	19	ald55_66	44	108
2017	19	ald55_66	51	428
2017	19	ald55_66	52	518
2017	19	ald55_66	53	1823
2017	19	ald55_66	54	65
2017	19	ald55_66	61	34
2017	19	ald55_66	62	62
2017	19	ald55_66	71	274
2017	19	ald55_66	72	268
2017	19	ald55_66	73	15
2017	19	ald55_66	74	172
2017	19	ald55_66	75	35
2017	19	ald55_66	81	251
2017	19	ald55_66	83	689
2017	19	ald55_66	91	397
2017	19	ald55_66	92	11
2017	19	ald55_66	93	111
2017	19	ald55_66	94	93
2017	19	ald55_66	96	107
2017	19	ald67_74	00	45
2017	19	ald67_74	11	68
2017	19	ald67_74	12	30
2017	19	ald67_74	13	69
2017	19	ald67_74	14	27
2017	19	ald67_74	21	30
2017	19	ald67_74	22	77
2017	19	ald67_74	23	123
2017	19	ald67_74	24	63
2017	19	ald67_74	26	40
2017	19	ald67_74	31	76
2017	19	ald67_74	32	21
2017	19	ald67_74	33	64
2017	19	ald67_74	34	19
2017	19	ald67_74	41	58
2017	19	ald67_74	42	15
2017	19	ald67_74	43	22
2017	19	ald67_74	44	7
2017	19	ald67_74	51	91
2017	19	ald67_74	52	77
2017	19	ald67_74	53	410
2017	19	ald67_74	54	10
2017	19	ald67_74	61	24
2017	19	ald67_74	71	31
2017	19	ald67_74	72	25
2017	19	ald67_74	74	8
2017	19	ald67_74	75	6
2017	19	ald67_74	81	46
2017	19	ald67_74	83	149
2017	19	ald67_74	91	66
2017	19	ald67_74	93	32
2017	19	ald67_74	94	28
2017	19	ald67_74	96	26
2017	20	ald15_24	00	22
2017	20	ald15_24	01	12
2017	20	ald15_24	02	40
2017	20	ald15_24	03	164
2017	20	ald15_24	11	9
2017	20	ald15_24	13	7
2017	20	ald15_24	14	32
2017	20	ald15_24	21	8
2017	20	ald15_24	22	79
2017	20	ald15_24	23	105
2017	20	ald15_24	24	19
2017	20	ald15_24	26	15
2017	20	ald15_24	31	47
2017	20	ald15_24	32	48
2017	20	ald15_24	33	64
2017	20	ald15_24	34	38
2017	20	ald15_24	35	23
2017	20	ald15_24	41	82
2017	20	ald15_24	42	117
2017	20	ald15_24	43	67
2017	20	ald15_24	44	9
2017	20	ald15_24	51	336
2017	20	ald15_24	52	1214
2017	20	ald15_24	53	863
2017	20	ald15_24	54	87
2017	20	ald15_24	61	40
2017	20	ald15_24	62	114
2017	20	ald15_24	71	256
2017	20	ald15_24	72	228
2017	20	ald15_24	73	7
2017	20	ald15_24	74	252
2017	20	ald15_24	75	31
2017	20	ald15_24	81	216
2017	20	ald15_24	83	181
2017	20	ald15_24	91	186
2017	20	ald15_24	92	8
2017	20	ald15_24	93	234
2017	20	ald15_24	94	97
2017	20	ald15_24	96	71
2017	20	ald25_54	00	85
2017	20	ald25_54	01	110
2017	20	ald25_54	02	13
2017	20	ald25_54	03	28
2017	20	ald25_54	11	390
2017	20	ald25_54	12	350
2017	20	ald25_54	13	847
2017	20	ald25_54	14	468
2017	20	ald25_54	21	429
2017	20	ald25_54	22	1456
2017	20	ald25_54	23	2140
2017	20	ald25_54	24	1269
2017	20	ald25_54	25	110
2017	20	ald25_54	26	622
2017	20	ald25_54	31	863
2017	20	ald25_54	32	385
2017	20	ald25_54	33	990
2017	20	ald25_54	34	278
2017	20	ald25_54	35	124
2017	20	ald25_54	41	616
2017	20	ald25_54	42	289
2017	20	ald25_54	43	464
2017	20	ald25_54	44	68
2017	20	ald25_54	51	758
2017	20	ald25_54	52	1201
2017	20	ald25_54	53	2751
2017	20	ald25_54	54	314
2017	20	ald25_54	61	78
2017	20	ald25_54	62	342
2017	20	ald25_54	71	751
2017	20	ald25_54	72	493
2017	20	ald25_54	73	27
2017	20	ald25_54	74	377
2017	20	ald25_54	75	137
2017	20	ald25_54	81	931
2017	20	ald25_54	82	10
2017	20	ald25_54	83	893
2017	20	ald25_54	91	677
2017	20	ald25_54	92	15
2017	20	ald25_54	93	393
2017	20	ald25_54	94	107
2017	20	ald25_54	96	155
2017	20	ald55_66	00	37
2017	20	ald55_66	01	18
2017	20	ald55_66	03	6
2017	20	ald55_66	11	158
2017	20	ald55_66	12	150
2017	20	ald55_66	13	306
2017	20	ald55_66	14	113
2017	20	ald55_66	21	90
2017	20	ald55_66	22	349
2017	20	ald55_66	23	685
2017	20	ald55_66	24	432
2017	20	ald55_66	25	13
2017	20	ald55_66	26	147
2017	20	ald55_66	31	258
2017	20	ald55_66	32	103
2017	20	ald55_66	33	279
2017	20	ald55_66	34	55
2017	20	ald55_66	35	20
2017	20	ald55_66	41	205
2017	20	ald55_66	42	57
2017	20	ald55_66	43	149
2017	20	ald55_66	44	42
2017	20	ald55_66	51	199
2017	20	ald55_66	52	186
2017	20	ald55_66	53	812
2017	20	ald55_66	54	64
2017	20	ald55_66	61	16
2017	20	ald55_66	62	48
2017	20	ald55_66	71	131
2017	20	ald55_66	72	75
2017	20	ald55_66	73	17
2017	20	ald55_66	74	56
2017	20	ald55_66	75	16
2017	20	ald55_66	81	201
2017	20	ald55_66	83	275
2017	20	ald55_66	91	221
2017	20	ald55_66	92	4
2017	20	ald55_66	93	57
2017	20	ald55_66	94	35
2017	20	ald55_66	96	38
2017	20	ald67_74	00	32
2017	20	ald67_74	11	19
2017	20	ald67_74	12	17
2017	20	ald67_74	13	25
2017	20	ald67_74	14	9
2017	20	ald67_74	21	10
2017	20	ald67_74	22	27
2017	20	ald67_74	23	42
2017	20	ald67_74	24	20
2017	20	ald67_74	26	16
2017	20	ald67_74	31	27
2017	20	ald67_74	32	6
2017	20	ald67_74	33	16
2017	20	ald67_74	41	25
2017	20	ald67_74	42	4
2017	20	ald67_74	43	9
2017	20	ald67_74	51	38
2017	20	ald67_74	52	52
2017	20	ald67_74	53	186
2017	20	ald67_74	61	9
2017	20	ald67_74	62	7
2017	20	ald67_74	71	13
2017	20	ald67_74	72	8
2017	20	ald67_74	81	21
2017	20	ald67_74	83	66
2017	20	ald67_74	91	41
2017	20	ald67_74	93	15
2017	20	ald67_74	94	13
2017	20	ald67_74	96	13
