STATISTIKKAAR	ARBEIDSFYLKE	ALDERSGRUPPE	YRKE_2	antall
2017	01	ald15_24	00	114
2017	01	ald15_24	01	16
2017	01	ald15_24	02	32
2017	01	ald15_24	03	527
2017	01	ald15_24	11	15
2017	01	ald15_24	12	9
2017	01	ald15_24	13	5
2017	01	ald15_24	14	61
2017	01	ald15_24	21	30
2017	01	ald15_24	22	269
2017	01	ald15_24	23	235
2017	01	ald15_24	24	26
2017	01	ald15_24	25	18
2017	01	ald15_24	26	69
2017	01	ald15_24	31	87
2017	01	ald15_24	32	117
2017	01	ald15_24	33	280
2017	01	ald15_24	34	327
2017	01	ald15_24	35	68
2017	01	ald15_24	41	283
2017	01	ald15_24	42	188
2017	01	ald15_24	43	298
2017	01	ald15_24	44	22
2017	01	ald15_24	51	757
2017	01	ald15_24	52	3515
2017	01	ald15_24	53	2335
2017	01	ald15_24	54	117
2017	01	ald15_24	61	175
2017	01	ald15_24	62	5
2017	01	ald15_24	71	748
2017	01	ald15_24	72	565
2017	01	ald15_24	73	17
2017	01	ald15_24	74	523
2017	01	ald15_24	75	41
2017	01	ald15_24	81	593
2017	01	ald15_24	82	43
2017	01	ald15_24	83	215
2017	01	ald15_24	91	382
2017	01	ald15_24	92	71
2017	01	ald15_24	93	495
2017	01	ald15_24	94	365
2017	01	ald15_24	96	124
2017	01	ald25_54	00	278
2017	01	ald25_54	01	387
2017	01	ald25_54	02	14
2017	01	ald25_54	03	42
2017	01	ald25_54	11	1136
2017	01	ald25_54	12	1199
2017	01	ald25_54	13	2319
2017	01	ald25_54	14	1319
2017	01	ald25_54	21	1436
2017	01	ald25_54	22	5165
2017	01	ald25_54	23	6017
2017	01	ald25_54	24	2461
2017	01	ald25_54	25	787
2017	01	ald25_54	26	1481
2017	01	ald25_54	31	2724
2017	01	ald25_54	32	1300
2017	01	ald25_54	33	4811
2017	01	ald25_54	34	991
2017	01	ald25_54	35	441
2017	01	ald25_54	41	1900
2017	01	ald25_54	42	707
2017	01	ald25_54	43	2054
2017	01	ald25_54	44	157
2017	01	ald25_54	51	1947
2017	01	ald25_54	52	4681
2017	01	ald25_54	53	8871
2017	01	ald25_54	54	759
2017	01	ald25_54	61	349
2017	01	ald25_54	62	20
2017	01	ald25_54	71	3688
2017	01	ald25_54	72	2173
2017	01	ald25_54	73	186
2017	01	ald25_54	74	1110
2017	01	ald25_54	75	272
2017	01	ald25_54	81	3266
2017	01	ald25_54	82	488
2017	01	ald25_54	83	2433
2017	01	ald25_54	91	1861
2017	01	ald25_54	92	70
2017	01	ald25_54	93	993
2017	01	ald25_54	94	394
2017	01	ald25_54	95	10
2017	01	ald25_54	96	473
2017	01	ald55_66	00	141
2017	01	ald55_66	01	57
2017	01	ald55_66	11	538
2017	01	ald55_66	12	503
2017	01	ald55_66	13	1007
2017	01	ald55_66	14	315
2017	01	ald55_66	21	277
2017	01	ald55_66	22	1146
2017	01	ald55_66	23	1523
2017	01	ald55_66	24	880
2017	01	ald55_66	25	111
2017	01	ald55_66	26	358
2017	01	ald55_66	31	804
2017	01	ald55_66	32	319
2017	01	ald55_66	33	1405
2017	01	ald55_66	34	176
2017	01	ald55_66	35	94
2017	01	ald55_66	41	771
2017	01	ald55_66	42	181
2017	01	ald55_66	43	731
2017	01	ald55_66	44	107
2017	01	ald55_66	51	498
2017	01	ald55_66	52	990
2017	01	ald55_66	53	2728
2017	01	ald55_66	54	99
2017	01	ald55_66	61	88
2017	01	ald55_66	62	5
2017	01	ald55_66	71	546
2017	01	ald55_66	72	550
2017	01	ald55_66	73	64
2017	01	ald55_66	74	248
2017	01	ald55_66	75	55
2017	01	ald55_66	81	920
2017	01	ald55_66	82	94
2017	01	ald55_66	83	926
2017	01	ald55_66	91	600
2017	01	ald55_66	92	23
2017	01	ald55_66	93	191
2017	01	ald55_66	94	104
2017	01	ald55_66	96	96
2017	01	ald67_74	00	100
2017	01	ald67_74	11	111
2017	01	ald67_74	12	50
2017	01	ald67_74	13	69
2017	01	ald67_74	14	31
2017	01	ald67_74	21	37
2017	01	ald67_74	22	102
2017	01	ald67_74	23	121
2017	01	ald67_74	24	67
2017	01	ald67_74	25	5
2017	01	ald67_74	26	52
2017	01	ald67_74	31	68
2017	01	ald67_74	32	19
2017	01	ald67_74	33	134
2017	01	ald67_74	34	25
2017	01	ald67_74	35	10
2017	01	ald67_74	41	114
2017	01	ald67_74	42	27
2017	01	ald67_74	43	80
2017	01	ald67_74	44	5
2017	01	ald67_74	51	135
2017	01	ald67_74	52	162
2017	01	ald67_74	53	366
2017	01	ald67_74	54	7
2017	01	ald67_74	61	44
2017	01	ald67_74	71	43
2017	01	ald67_74	72	53
2017	01	ald67_74	73	10
2017	01	ald67_74	74	10
2017	01	ald67_74	75	5
2017	01	ald67_74	81	36
2017	01	ald67_74	83	193
2017	01	ald67_74	91	64
2017	01	ald67_74	92	4
2017	01	ald67_74	93	37
2017	01	ald67_74	94	26
2017	01	ald67_74	96	29
2017	02	ald15_24	00	227
2017	02	ald15_24	01	26
2017	02	ald15_24	02	118
2017	02	ald15_24	03	1390
2017	02	ald15_24	11	32
2017	02	ald15_24	12	16
2017	02	ald15_24	13	18
2017	02	ald15_24	14	171
2017	02	ald15_24	21	74
2017	02	ald15_24	22	421
2017	02	ald15_24	23	630
2017	02	ald15_24	24	157
2017	02	ald15_24	25	139
2017	02	ald15_24	26	85
2017	02	ald15_24	31	198
2017	02	ald15_24	32	160
2017	02	ald15_24	33	861
2017	02	ald15_24	34	945
2017	02	ald15_24	35	234
2017	02	ald15_24	41	656
2017	02	ald15_24	42	612
2017	02	ald15_24	43	1369
2017	02	ald15_24	44	34
2017	02	ald15_24	51	1908
2017	02	ald15_24	52	10094
2017	02	ald15_24	53	4878
2017	02	ald15_24	54	627
2017	02	ald15_24	61	232
2017	02	ald15_24	62	6
2017	02	ald15_24	71	1161
2017	02	ald15_24	72	778
2017	02	ald15_24	73	33
2017	02	ald15_24	74	1010
2017	02	ald15_24	75	97
2017	02	ald15_24	81	334
2017	02	ald15_24	82	25
2017	02	ald15_24	83	433
2017	02	ald15_24	91	786
2017	02	ald15_24	92	103
2017	02	ald15_24	93	908
2017	02	ald15_24	94	710
2017	02	ald15_24	96	180
2017	02	ald25_54	00	921
2017	02	ald25_54	01	1012
2017	02	ald25_54	02	43
2017	02	ald25_54	03	86
2017	02	ald25_54	11	3199
2017	02	ald25_54	12	5151
2017	02	ald25_54	13	6338
2017	02	ald25_54	14	3352
2017	02	ald25_54	21	6612
2017	02	ald25_54	22	9190
2017	02	ald25_54	23	13043
2017	02	ald25_54	24	8663
2017	02	ald25_54	25	5137
2017	02	ald25_54	26	3005
2017	02	ald25_54	31	8838
2017	02	ald25_54	32	2262
2017	02	ald25_54	33	15093
2017	02	ald25_54	34	2275
2017	02	ald25_54	35	1866
2017	02	ald25_54	41	4499
2017	02	ald25_54	42	1935
2017	02	ald25_54	43	8992
2017	02	ald25_54	44	311
2017	02	ald25_54	51	5784
2017	02	ald25_54	52	9941
2017	02	ald25_54	53	17055
2017	02	ald25_54	54	1877
2017	02	ald25_54	61	554
2017	02	ald25_54	62	20
2017	02	ald25_54	71	5895
2017	02	ald25_54	72	3111
2017	02	ald25_54	73	313
2017	02	ald25_54	74	2158
2017	02	ald25_54	75	572
2017	02	ald25_54	81	1813
2017	02	ald25_54	82	198
2017	02	ald25_54	83	4785
2017	02	ald25_54	91	3720
2017	02	ald25_54	92	110
2017	02	ald25_54	93	2198
2017	02	ald25_54	94	1144
2017	02	ald25_54	95	15
2017	02	ald25_54	96	712
2017	02	ald55_66	00	199
2017	02	ald55_66	01	119
2017	02	ald55_66	03	7
2017	02	ald55_66	11	1382
2017	02	ald55_66	12	1660
2017	02	ald55_66	13	2629
2017	02	ald55_66	14	680
2017	02	ald55_66	21	1835
2017	02	ald55_66	22	2263
2017	02	ald55_66	23	3309
2017	02	ald55_66	24	2450
2017	02	ald55_66	25	977
2017	02	ald55_66	26	630
2017	02	ald55_66	31	2305
2017	02	ald55_66	32	655
2017	02	ald55_66	33	3688
2017	02	ald55_66	34	442
2017	02	ald55_66	35	334
2017	02	ald55_66	41	1511
2017	02	ald55_66	42	326
2017	02	ald55_66	43	2167
2017	02	ald55_66	44	129
2017	02	ald55_66	51	1242
2017	02	ald55_66	52	1585
2017	02	ald55_66	53	4776
2017	02	ald55_66	54	242
2017	02	ald55_66	61	133
2017	02	ald55_66	62	9
2017	02	ald55_66	71	811
2017	02	ald55_66	72	680
2017	02	ald55_66	73	112
2017	02	ald55_66	74	374
2017	02	ald55_66	75	118
2017	02	ald55_66	81	568
2017	02	ald55_66	82	54
2017	02	ald55_66	83	1489
2017	02	ald55_66	91	745
2017	02	ald55_66	92	18
2017	02	ald55_66	93	289
2017	02	ald55_66	94	224
2017	02	ald55_66	95	5
2017	02	ald55_66	96	152
2017	02	ald67_74	00	91
2017	02	ald67_74	03	5
2017	02	ald67_74	11	211
2017	02	ald67_74	12	125
2017	02	ald67_74	13	188
2017	02	ald67_74	14	74
2017	02	ald67_74	21	167
2017	02	ald67_74	22	190
2017	02	ald67_74	23	242
2017	02	ald67_74	24	176
2017	02	ald67_74	25	31
2017	02	ald67_74	26	72
2017	02	ald67_74	31	195
2017	02	ald67_74	32	46
2017	02	ald67_74	33	265
2017	02	ald67_74	34	58
2017	02	ald67_74	35	27
2017	02	ald67_74	41	250
2017	02	ald67_74	42	38
2017	02	ald67_74	43	169
2017	02	ald67_74	44	5
2017	02	ald67_74	51	195
2017	02	ald67_74	52	222
2017	02	ald67_74	53	601
2017	02	ald67_74	54	23
2017	02	ald67_74	61	36
2017	02	ald67_74	71	41
2017	02	ald67_74	72	60
2017	02	ald67_74	73	11
2017	02	ald67_74	74	31
2017	02	ald67_74	75	6
2017	02	ald67_74	81	39
2017	02	ald67_74	83	306
2017	02	ald67_74	91	81
2017	02	ald67_74	93	38
2017	02	ald67_74	94	32
2017	02	ald67_74	96	60
2017	03	ald15_24	00	605
2017	03	ald15_24	01	42
2017	03	ald15_24	02	106
2017	03	ald15_24	03	836
2017	03	ald15_24	11	142
2017	03	ald15_24	12	73
2017	03	ald15_24	13	38
2017	03	ald15_24	14	248
2017	03	ald15_24	21	281
2017	03	ald15_24	22	799
2017	03	ald15_24	23	1423
2017	03	ald15_24	24	1237
2017	03	ald15_24	25	532
2017	03	ald15_24	26	632
2017	03	ald15_24	31	336
2017	03	ald15_24	32	426
2017	03	ald15_24	33	2572
2017	03	ald15_24	34	1207
2017	03	ald15_24	35	621
2017	03	ald15_24	41	2054
2017	03	ald15_24	42	1697
2017	03	ald15_24	43	1074
2017	03	ald15_24	44	63
2017	03	ald15_24	51	3942
2017	03	ald15_24	52	11923
2017	03	ald15_24	53	5934
2017	03	ald15_24	54	912
2017	03	ald15_24	61	31
2017	03	ald15_24	62	12
2017	03	ald15_24	71	1037
2017	03	ald15_24	72	599
2017	03	ald15_24	73	67
2017	03	ald15_24	74	1544
2017	03	ald15_24	75	210
2017	03	ald15_24	81	231
2017	03	ald15_24	82	9
2017	03	ald15_24	83	546
2017	03	ald15_24	91	817
2017	03	ald15_24	92	48
2017	03	ald15_24	93	585
2017	03	ald15_24	94	962
2017	03	ald15_24	95	5
2017	03	ald15_24	96	425
2017	03	ald25_54	00	1541
2017	03	ald25_54	01	911
2017	03	ald25_54	02	53
2017	03	ald25_54	03	224
2017	03	ald25_54	11	6877
2017	03	ald25_54	12	12795
2017	03	ald25_54	13	10501
2017	03	ald25_54	14	4898
2017	03	ald25_54	21	14846
2017	03	ald25_54	22	15402
2017	03	ald25_54	23	17643
2017	03	ald25_54	24	40306
2017	03	ald25_54	25	15257
2017	03	ald25_54	26	14411
2017	03	ald25_54	31	11251
2017	03	ald25_54	32	4439
2017	03	ald25_54	33	34980
2017	03	ald25_54	34	4782
2017	03	ald25_54	35	6379
2017	03	ald25_54	41	9396
2017	03	ald25_54	42	4950
2017	03	ald25_54	43	9168
2017	03	ald25_54	44	651
2017	03	ald25_54	51	11433
2017	03	ald25_54	52	13726
2017	03	ald25_54	53	17759
2017	03	ald25_54	54	2860
2017	03	ald25_54	61	207
2017	03	ald25_54	62	31
2017	03	ald25_54	71	8347
2017	03	ald25_54	72	2446
2017	03	ald25_54	73	563
2017	03	ald25_54	74	3331
2017	03	ald25_54	75	1043
2017	03	ald25_54	81	1621
2017	03	ald25_54	82	111
2017	03	ald25_54	83	6655
2017	03	ald25_54	91	7042
2017	03	ald25_54	92	40
2017	03	ald25_54	93	1855
2017	03	ald25_54	94	2800
2017	03	ald25_54	95	35
2017	03	ald25_54	96	1001
2017	03	ald55_66	00	269
2017	03	ald55_66	01	49
2017	03	ald55_66	03	11
2017	03	ald55_66	11	2888
2017	03	ald55_66	12	4111
2017	03	ald55_66	13	3761
2017	03	ald55_66	14	818
2017	03	ald55_66	21	2941
2017	03	ald55_66	22	3342
2017	03	ald55_66	23	3747
2017	03	ald55_66	24	9395
2017	03	ald55_66	25	2104
2017	03	ald55_66	26	2414
2017	03	ald55_66	31	2827
2017	03	ald55_66	32	1030
2017	03	ald55_66	33	7446
2017	03	ald55_66	34	787
2017	03	ald55_66	35	885
2017	03	ald55_66	41	2446
2017	03	ald55_66	42	908
2017	03	ald55_66	43	2058
2017	03	ald55_66	44	229
2017	03	ald55_66	51	1722
2017	03	ald55_66	52	1361
2017	03	ald55_66	53	3401
2017	03	ald55_66	54	308
2017	03	ald55_66	61	50
2017	03	ald55_66	62	7
2017	03	ald55_66	71	1223
2017	03	ald55_66	72	505
2017	03	ald55_66	73	202
2017	03	ald55_66	74	665
2017	03	ald55_66	75	189
2017	03	ald55_66	81	377
2017	03	ald55_66	82	24
2017	03	ald55_66	83	1759
2017	03	ald55_66	91	1134
2017	03	ald55_66	92	8
2017	03	ald55_66	93	244
2017	03	ald55_66	94	386
2017	03	ald55_66	96	232
2017	03	ald67_74	00	363
2017	03	ald67_74	03	6
2017	03	ald67_74	11	359
2017	03	ald67_74	12	274
2017	03	ald67_74	13	245
2017	03	ald67_74	14	105
2017	03	ald67_74	21	367
2017	03	ald67_74	22	352
2017	03	ald67_74	23	523
2017	03	ald67_74	24	697
2017	03	ald67_74	25	74
2017	03	ald67_74	26	279
2017	03	ald67_74	31	247
2017	03	ald67_74	32	98
2017	03	ald67_74	33	490
2017	03	ald67_74	34	85
2017	03	ald67_74	35	57
2017	03	ald67_74	41	337
2017	03	ald67_74	42	112
2017	03	ald67_74	43	190
2017	03	ald67_74	44	14
2017	03	ald67_74	51	239
2017	03	ald67_74	52	206
2017	03	ald67_74	53	291
2017	03	ald67_74	54	17
2017	03	ald67_74	71	72
2017	03	ald67_74	72	35
2017	03	ald67_74	73	19
2017	03	ald67_74	74	42
2017	03	ald67_74	75	11
2017	03	ald67_74	81	24
2017	03	ald67_74	83	317
2017	03	ald67_74	91	85
2017	03	ald67_74	92	8
2017	03	ald67_74	93	32
2017	03	ald67_74	94	26
2017	03	ald67_74	96	106
2017	04	ald15_24	00	91
2017	04	ald15_24	01	15
2017	04	ald15_24	02	49
2017	04	ald15_24	03	401
2017	04	ald15_24	11	7
2017	04	ald15_24	12	7
2017	04	ald15_24	13	7
2017	04	ald15_24	14	29
2017	04	ald15_24	21	9
2017	04	ald15_24	22	192
2017	04	ald15_24	23	131
2017	04	ald15_24	24	30
2017	04	ald15_24	25	23
2017	04	ald15_24	26	38
2017	04	ald15_24	31	71
2017	04	ald15_24	32	96
2017	04	ald15_24	33	152
2017	04	ald15_24	34	166
2017	04	ald15_24	35	47
2017	04	ald15_24	41	123
2017	04	ald15_24	42	170
2017	04	ald15_24	43	180
2017	04	ald15_24	44	19
2017	04	ald15_24	51	532
2017	04	ald15_24	52	2446
2017	04	ald15_24	53	1987
2017	04	ald15_24	54	58
2017	04	ald15_24	61	193
2017	04	ald15_24	62	22
2017	04	ald15_24	71	550
2017	04	ald15_24	72	444
2017	04	ald15_24	74	375
2017	04	ald15_24	75	37
2017	04	ald15_24	81	339
2017	04	ald15_24	82	4
2017	04	ald15_24	83	275
2017	04	ald15_24	91	258
2017	04	ald15_24	92	52
2017	04	ald15_24	93	273
2017	04	ald15_24	94	213
2017	04	ald15_24	96	73
2017	04	ald25_54	00	236
2017	04	ald25_54	01	730
2017	04	ald25_54	02	49
2017	04	ald25_54	03	96
2017	04	ald25_54	11	759
2017	04	ald25_54	12	918
2017	04	ald25_54	13	1659
2017	04	ald25_54	14	1037
2017	04	ald25_54	21	941
2017	04	ald25_54	22	3834
2017	04	ald25_54	23	4083
2017	04	ald25_54	24	2336
2017	04	ald25_54	25	546
2017	04	ald25_54	26	866
2017	04	ald25_54	31	1583
2017	04	ald25_54	32	984
2017	04	ald25_54	33	2819
2017	04	ald25_54	34	702
2017	04	ald25_54	35	256
2017	04	ald25_54	41	1016
2017	04	ald25_54	42	558
2017	04	ald25_54	43	1099
2017	04	ald25_54	44	107
2017	04	ald25_54	51	1454
2017	04	ald25_54	52	3252
2017	04	ald25_54	53	6193
2017	04	ald25_54	54	355
2017	04	ald25_54	61	416
2017	04	ald25_54	62	56
2017	04	ald25_54	71	2215
2017	04	ald25_54	72	1442
2017	04	ald25_54	73	69
2017	04	ald25_54	74	871
2017	04	ald25_54	75	242
2017	04	ald25_54	81	1951
2017	04	ald25_54	82	55
2017	04	ald25_54	83	2180
2017	04	ald25_54	91	1345
2017	04	ald25_54	92	89
2017	04	ald25_54	93	556
2017	04	ald25_54	94	336
2017	04	ald25_54	95	6
2017	04	ald25_54	96	362
2017	04	ald55_66	00	111
2017	04	ald55_66	01	45
2017	04	ald55_66	11	359
2017	04	ald55_66	12	416
2017	04	ald55_66	13	843
2017	04	ald55_66	14	242
2017	04	ald55_66	21	342
2017	04	ald55_66	22	973
2017	04	ald55_66	23	1217
2017	04	ald55_66	24	987
2017	04	ald55_66	25	116
2017	04	ald55_66	26	248
2017	04	ald55_66	31	572
2017	04	ald55_66	32	287
2017	04	ald55_66	33	1076
2017	04	ald55_66	34	162
2017	04	ald55_66	35	67
2017	04	ald55_66	41	507
2017	04	ald55_66	42	148
2017	04	ald55_66	43	403
2017	04	ald55_66	44	120
2017	04	ald55_66	51	447
2017	04	ald55_66	52	841
2017	04	ald55_66	53	2485
2017	04	ald55_66	54	71
2017	04	ald55_66	61	113
2017	04	ald55_66	62	25
2017	04	ald55_66	71	451
2017	04	ald55_66	72	351
2017	04	ald55_66	73	31
2017	04	ald55_66	74	233
2017	04	ald55_66	75	50
2017	04	ald55_66	81	710
2017	04	ald55_66	82	9
2017	04	ald55_66	83	848
2017	04	ald55_66	91	576
2017	04	ald55_66	92	18
2017	04	ald55_66	93	131
2017	04	ald55_66	94	141
2017	04	ald55_66	96	138
2017	04	ald67_74	00	76
2017	04	ald67_74	11	67
2017	04	ald67_74	12	32
2017	04	ald67_74	13	65
2017	04	ald67_74	14	23
2017	04	ald67_74	21	52
2017	04	ald67_74	22	99
2017	04	ald67_74	23	96
2017	04	ald67_74	24	75
2017	04	ald67_74	25	7
2017	04	ald67_74	26	28
2017	04	ald67_74	31	47
2017	04	ald67_74	32	26
2017	04	ald67_74	33	99
2017	04	ald67_74	34	15
2017	04	ald67_74	35	4
2017	04	ald67_74	41	71
2017	04	ald67_74	42	13
2017	04	ald67_74	43	49
2017	04	ald67_74	44	13
2017	04	ald67_74	51	106
2017	04	ald67_74	52	120
2017	04	ald67_74	53	325
2017	04	ald67_74	54	5
2017	04	ald67_74	61	53
2017	04	ald67_74	62	5
2017	04	ald67_74	71	41
2017	04	ald67_74	72	34
2017	04	ald67_74	73	12
2017	04	ald67_74	74	23
2017	04	ald67_74	75	7
2017	04	ald67_74	81	49
2017	04	ald67_74	83	183
2017	04	ald67_74	91	97
2017	04	ald67_74	92	6
2017	04	ald67_74	93	27
2017	04	ald67_74	94	20
2017	04	ald67_74	96	31
2017	05	ald15_24	00	89
2017	05	ald15_24	01	13
2017	05	ald15_24	02	28
2017	05	ald15_24	03	317
2017	05	ald15_24	11	12
2017	05	ald15_24	12	6
2017	05	ald15_24	13	8
2017	05	ald15_24	14	52
2017	05	ald15_24	21	6
2017	05	ald15_24	22	203
2017	05	ald15_24	23	146
2017	05	ald15_24	24	34
2017	05	ald15_24	25	12
2017	05	ald15_24	26	37
2017	05	ald15_24	31	50
2017	05	ald15_24	32	113
2017	05	ald15_24	33	145
2017	05	ald15_24	34	107
2017	05	ald15_24	35	74
2017	05	ald15_24	41	116
2017	05	ald15_24	42	377
2017	05	ald15_24	43	144
2017	05	ald15_24	44	19
2017	05	ald15_24	51	612
2017	05	ald15_24	52	2733
2017	05	ald15_24	53	1898
2017	05	ald15_24	54	27
2017	05	ald15_24	61	554
2017	05	ald15_24	62	18
2017	05	ald15_24	71	524
2017	05	ald15_24	72	503
2017	05	ald15_24	73	23
2017	05	ald15_24	74	477
2017	05	ald15_24	75	54
2017	05	ald15_24	81	367
2017	05	ald15_24	82	21
2017	05	ald15_24	83	318
2017	05	ald15_24	91	198
2017	05	ald15_24	92	43
2017	05	ald15_24	93	318
2017	05	ald15_24	94	345
2017	05	ald15_24	96	74
2017	05	ald25_54	00	239
2017	05	ald25_54	01	241
2017	05	ald25_54	02	16
2017	05	ald25_54	03	36
2017	05	ald25_54	11	748
2017	05	ald25_54	12	734
2017	05	ald25_54	13	1643
2017	05	ald25_54	14	1012
2017	05	ald25_54	21	968
2017	05	ald25_54	22	3750
2017	05	ald25_54	23	4131
2017	05	ald25_54	24	1823
2017	05	ald25_54	25	451
2017	05	ald25_54	26	851
2017	05	ald25_54	31	1622
2017	05	ald25_54	32	907
2017	05	ald25_54	33	2572
2017	05	ald25_54	34	671
2017	05	ald25_54	35	273
2017	05	ald25_54	41	1008
2017	05	ald25_54	42	698
2017	05	ald25_54	43	986
2017	05	ald25_54	44	98
2017	05	ald25_54	51	1739
2017	05	ald25_54	52	3453
2017	05	ald25_54	53	5915
2017	05	ald25_54	54	174
2017	05	ald25_54	61	455
2017	05	ald25_54	62	30
2017	05	ald25_54	71	2397
2017	05	ald25_54	72	1317
2017	05	ald25_54	73	99
2017	05	ald25_54	74	867
2017	05	ald25_54	75	275
2017	05	ald25_54	81	2285
2017	05	ald25_54	82	94
2017	05	ald25_54	83	2422
2017	05	ald25_54	91	1410
2017	05	ald25_54	92	52
2017	05	ald25_54	93	616
2017	05	ald25_54	94	382
2017	05	ald25_54	96	321
2017	05	ald55_66	00	125
2017	05	ald55_66	01	27
2017	05	ald55_66	11	381
2017	05	ald55_66	12	359
2017	05	ald55_66	13	730
2017	05	ald55_66	14	261
2017	05	ald55_66	21	316
2017	05	ald55_66	22	952
2017	05	ald55_66	23	1130
2017	05	ald55_66	24	728
2017	05	ald55_66	25	101
2017	05	ald55_66	26	254
2017	05	ald55_66	31	549
2017	05	ald55_66	32	276
2017	05	ald55_66	33	980
2017	05	ald55_66	34	171
2017	05	ald55_66	35	55
2017	05	ald55_66	41	509
2017	05	ald55_66	42	156
2017	05	ald55_66	43	393
2017	05	ald55_66	44	128
2017	05	ald55_66	51	593
2017	05	ald55_66	52	878
2017	05	ald55_66	53	2364
2017	05	ald55_66	54	48
2017	05	ald55_66	61	137
2017	05	ald55_66	62	11
2017	05	ald55_66	71	480
2017	05	ald55_66	72	299
2017	05	ald55_66	73	50
2017	05	ald55_66	74	178
2017	05	ald55_66	75	52
2017	05	ald55_66	81	666
2017	05	ald55_66	82	44
2017	05	ald55_66	83	868
2017	05	ald55_66	91	541
2017	05	ald55_66	92	11
2017	05	ald55_66	93	112
2017	05	ald55_66	94	121
2017	05	ald55_66	96	112
2017	05	ald67_74	00	73
2017	05	ald67_74	11	56
2017	05	ald67_74	12	22
2017	05	ald67_74	13	48
2017	05	ald67_74	14	27
2017	05	ald67_74	21	40
2017	05	ald67_74	22	100
2017	05	ald67_74	23	120
2017	05	ald67_74	24	38
2017	05	ald67_74	26	26
2017	05	ald67_74	31	37
2017	05	ald67_74	32	20
2017	05	ald67_74	33	88
2017	05	ald67_74	34	14
2017	05	ald67_74	41	74
2017	05	ald67_74	42	27
2017	05	ald67_74	43	48
2017	05	ald67_74	44	9
2017	05	ald67_74	51	87
2017	05	ald67_74	52	115
2017	05	ald67_74	53	387
2017	05	ald67_74	54	4
2017	05	ald67_74	61	66
2017	05	ald67_74	62	5
2017	05	ald67_74	71	38
2017	05	ald67_74	72	37
2017	05	ald67_74	73	4
2017	05	ald67_74	74	14
2017	05	ald67_74	75	7
2017	05	ald67_74	81	39
2017	05	ald67_74	83	228
2017	05	ald67_74	91	79
2017	05	ald67_74	93	18
2017	05	ald67_74	94	17
2017	05	ald67_74	96	26
2017	06	ald15_24	00	96
2017	06	ald15_24	01	15
2017	06	ald15_24	02	41
2017	06	ald15_24	03	570
2017	06	ald15_24	11	15
2017	06	ald15_24	12	5
2017	06	ald15_24	13	26
2017	06	ald15_24	14	66
2017	06	ald15_24	21	19
2017	06	ald15_24	22	284
2017	06	ald15_24	23	259
2017	06	ald15_24	24	56
2017	06	ald15_24	25	21
2017	06	ald15_24	26	40
2017	06	ald15_24	31	129
2017	06	ald15_24	32	84
2017	06	ald15_24	33	256
2017	06	ald15_24	34	252
2017	06	ald15_24	35	92
2017	06	ald15_24	41	267
2017	06	ald15_24	42	224
2017	06	ald15_24	43	350
2017	06	ald15_24	44	15
2017	06	ald15_24	51	803
2017	06	ald15_24	52	4023
2017	06	ald15_24	53	1887
2017	06	ald15_24	54	110
2017	06	ald15_24	61	127
2017	06	ald15_24	62	9
2017	06	ald15_24	71	751
2017	06	ald15_24	72	563
2017	06	ald15_24	73	25
2017	06	ald15_24	74	755
2017	06	ald15_24	75	87
2017	06	ald15_24	81	236
2017	06	ald15_24	82	16
2017	06	ald15_24	83	366
2017	06	ald15_24	91	352
2017	06	ald15_24	92	30
2017	06	ald15_24	93	584
2017	06	ald15_24	94	418
2017	06	ald15_24	96	96
2017	06	ald25_54	00	473
2017	06	ald25_54	01	209
2017	06	ald25_54	02	7
2017	06	ald25_54	03	47
2017	06	ald25_54	11	1425
2017	06	ald25_54	12	1561
2017	06	ald25_54	13	2773
2017	06	ald25_54	14	1652
2017	06	ald25_54	21	2030
2017	06	ald25_54	22	4922
2017	06	ald25_54	23	5768
2017	06	ald25_54	24	3451
2017	06	ald25_54	25	779
2017	06	ald25_54	26	1228
2017	06	ald25_54	31	4973
2017	06	ald25_54	32	1290
2017	06	ald25_54	33	4728
2017	06	ald25_54	34	972
2017	06	ald25_54	35	561
2017	06	ald25_54	41	2010
2017	06	ald25_54	42	800
2017	06	ald25_54	43	2315
2017	06	ald25_54	44	158
2017	06	ald25_54	51	2248
2017	06	ald25_54	52	4679
2017	06	ald25_54	53	8177
2017	06	ald25_54	54	476
2017	06	ald25_54	61	353
2017	06	ald25_54	62	32
2017	06	ald25_54	71	3901
2017	06	ald25_54	72	2228
2017	06	ald25_54	73	137
2017	06	ald25_54	74	1375
2017	06	ald25_54	75	413
2017	06	ald25_54	81	1854
2017	06	ald25_54	82	407
2017	06	ald25_54	83	3117
2017	06	ald25_54	91	2027
2017	06	ald25_54	92	117
2017	06	ald25_54	93	1454
2017	06	ald25_54	94	544
2017	06	ald25_54	96	434
2017	06	ald55_66	00	161
2017	06	ald55_66	01	34
2017	06	ald55_66	11	651
2017	06	ald55_66	12	604
2017	06	ald55_66	13	1176
2017	06	ald55_66	14	337
2017	06	ald55_66	21	550
2017	06	ald55_66	22	1269
2017	06	ald55_66	23	1503
2017	06	ald55_66	24	1102
2017	06	ald55_66	25	160
2017	06	ald55_66	26	342
2017	06	ald55_66	31	1397
2017	06	ald55_66	32	339
2017	06	ald55_66	33	1519
2017	06	ald55_66	34	205
2017	06	ald55_66	35	95
2017	06	ald55_66	41	776
2017	06	ald55_66	42	160
2017	06	ald55_66	43	720
2017	06	ald55_66	44	106
2017	06	ald55_66	51	569
2017	06	ald55_66	52	973
2017	06	ald55_66	53	2990
2017	06	ald55_66	54	72
2017	06	ald55_66	61	72
2017	06	ald55_66	62	13
2017	06	ald55_66	71	609
2017	06	ald55_66	72	524
2017	06	ald55_66	73	45
2017	06	ald55_66	74	298
2017	06	ald55_66	75	64
2017	06	ald55_66	81	478
2017	06	ald55_66	82	138
2017	06	ald55_66	83	989
2017	06	ald55_66	91	528
2017	06	ald55_66	92	29
2017	06	ald55_66	93	237
2017	06	ald55_66	94	154
2017	06	ald55_66	96	106
2017	06	ald67_74	00	57
2017	06	ald67_74	11	122
2017	06	ald67_74	12	52
2017	06	ald67_74	13	80
2017	06	ald67_74	14	43
2017	06	ald67_74	21	51
2017	06	ald67_74	22	101
2017	06	ald67_74	23	125
2017	06	ald67_74	24	87
2017	06	ald67_74	25	6
2017	06	ald67_74	26	45
2017	06	ald67_74	31	101
2017	06	ald67_74	32	23
2017	06	ald67_74	33	158
2017	06	ald67_74	34	22
2017	06	ald67_74	35	6
2017	06	ald67_74	41	127
2017	06	ald67_74	42	21
2017	06	ald67_74	43	82
2017	06	ald67_74	44	7
2017	06	ald67_74	51	115
2017	06	ald67_74	52	168
2017	06	ald67_74	53	383
2017	06	ald67_74	54	11
2017	06	ald67_74	61	27
2017	06	ald67_74	71	51
2017	06	ald67_74	72	46
2017	06	ald67_74	73	8
2017	06	ald67_74	74	26
2017	06	ald67_74	75	8
2017	06	ald67_74	81	49
2017	06	ald67_74	82	7
2017	06	ald67_74	83	216
2017	06	ald67_74	91	73
2017	06	ald67_74	93	42
2017	06	ald67_74	94	24
2017	06	ald67_74	96	24
2017	07	ald15_24	00	79
2017	07	ald15_24	01	11
2017	07	ald15_24	02	30
2017	07	ald15_24	03	515
2017	07	ald15_24	11	10
2017	07	ald15_24	13	10
2017	07	ald15_24	14	49
2017	07	ald15_24	21	16
2017	07	ald15_24	22	170
2017	07	ald15_24	23	184
2017	07	ald15_24	24	33
2017	07	ald15_24	25	27
2017	07	ald15_24	26	68
2017	07	ald15_24	31	91
2017	07	ald15_24	32	66
2017	07	ald15_24	33	284
2017	07	ald15_24	34	178
2017	07	ald15_24	35	95
2017	07	ald15_24	41	172
2017	07	ald15_24	42	232
2017	07	ald15_24	43	315
2017	07	ald15_24	44	21
2017	07	ald15_24	51	752
2017	07	ald15_24	52	3556
2017	07	ald15_24	53	1940
2017	07	ald15_24	54	133
2017	07	ald15_24	61	160
2017	07	ald15_24	62	9
2017	07	ald15_24	71	587
2017	07	ald15_24	72	434
2017	07	ald15_24	73	20
2017	07	ald15_24	74	455
2017	07	ald15_24	75	72
2017	07	ald15_24	81	366
2017	07	ald15_24	82	37
2017	07	ald15_24	83	257
2017	07	ald15_24	91	362
2017	07	ald15_24	92	68
2017	07	ald15_24	93	499
2017	07	ald15_24	94	308
2017	07	ald15_24	96	102
2017	07	ald25_54	00	202
2017	07	ald25_54	01	211
2017	07	ald25_54	02	11
2017	07	ald25_54	03	43
2017	07	ald25_54	11	1100
2017	07	ald25_54	12	1324
2017	07	ald25_54	13	2152
2017	07	ald25_54	14	1277
2017	07	ald25_54	21	1438
2017	07	ald25_54	22	4152
2017	07	ald25_54	23	5246
2017	07	ald25_54	24	2723
2017	07	ald25_54	25	928
2017	07	ald25_54	26	1158
2017	07	ald25_54	31	3247
2017	07	ald25_54	32	1130
2017	07	ald25_54	33	4535
2017	07	ald25_54	34	908
2017	07	ald25_54	35	530
2017	07	ald25_54	41	1495
2017	07	ald25_54	42	753
2017	07	ald25_54	43	2095
2017	07	ald25_54	44	125
2017	07	ald25_54	51	1967
2017	07	ald25_54	52	3897
2017	07	ald25_54	53	7610
2017	07	ald25_54	54	598
2017	07	ald25_54	61	363
2017	07	ald25_54	62	10
2017	07	ald25_54	71	3167
2017	07	ald25_54	72	1652
2017	07	ald25_54	73	145
2017	07	ald25_54	74	1049
2017	07	ald25_54	75	340
2017	07	ald25_54	81	2254
2017	07	ald25_54	82	344
2017	07	ald25_54	83	1751
2017	07	ald25_54	91	1685
2017	07	ald25_54	92	95
2017	07	ald25_54	93	1192
2017	07	ald25_54	94	380
2017	07	ald25_54	96	369
2017	07	ald55_66	00	89
2017	07	ald55_66	01	35
2017	07	ald55_66	03	4
2017	07	ald55_66	11	529
2017	07	ald55_66	12	609
2017	07	ald55_66	13	1019
2017	07	ald55_66	14	318
2017	07	ald55_66	21	377
2017	07	ald55_66	22	1162
2017	07	ald55_66	23	1479
2017	07	ald55_66	24	1019
2017	07	ald55_66	25	150
2017	07	ald55_66	26	338
2017	07	ald55_66	31	1014
2017	07	ald55_66	32	387
2017	07	ald55_66	33	1247
2017	07	ald55_66	34	172
2017	07	ald55_66	35	84
2017	07	ald55_66	41	685
2017	07	ald55_66	42	180
2017	07	ald55_66	43	696
2017	07	ald55_66	44	85
2017	07	ald55_66	51	475
2017	07	ald55_66	52	923
2017	07	ald55_66	53	2817
2017	07	ald55_66	54	117
2017	07	ald55_66	61	104
2017	07	ald55_66	71	543
2017	07	ald55_66	72	416
2017	07	ald55_66	73	48
2017	07	ald55_66	74	264
2017	07	ald55_66	75	80
2017	07	ald55_66	81	579
2017	07	ald55_66	82	98
2017	07	ald55_66	83	639
2017	07	ald55_66	91	525
2017	07	ald55_66	92	26
2017	07	ald55_66	93	185
2017	07	ald55_66	94	96
2017	07	ald55_66	96	66
2017	07	ald67_74	00	41
2017	07	ald67_74	03	6
2017	07	ald67_74	11	74
2017	07	ald67_74	12	59
2017	07	ald67_74	13	67
2017	07	ald67_74	14	32
2017	07	ald67_74	21	49
2017	07	ald67_74	22	108
2017	07	ald67_74	23	94
2017	07	ald67_74	24	81
2017	07	ald67_74	25	4
2017	07	ald67_74	26	44
2017	07	ald67_74	31	68
2017	07	ald67_74	32	21
2017	07	ald67_74	33	120
2017	07	ald67_74	34	21
2017	07	ald67_74	35	7
2017	07	ald67_74	41	91
2017	07	ald67_74	42	13
2017	07	ald67_74	43	66
2017	07	ald67_74	44	8
2017	07	ald67_74	51	107
2017	07	ald67_74	52	131
2017	07	ald67_74	53	309
2017	07	ald67_74	54	15
2017	07	ald67_74	61	21
2017	07	ald67_74	71	60
2017	07	ald67_74	72	45
2017	07	ald67_74	73	6
2017	07	ald67_74	74	15
2017	07	ald67_74	75	5
2017	07	ald67_74	81	35
2017	07	ald67_74	83	130
2017	07	ald67_74	91	52
2017	07	ald67_74	92	7
2017	07	ald67_74	93	20
2017	07	ald67_74	94	7
2017	07	ald67_74	96	29
2017	08	ald15_24	00	52
2017	08	ald15_24	01	4
2017	08	ald15_24	02	17
2017	08	ald15_24	03	288
2017	08	ald15_24	11	8
2017	08	ald15_24	12	5
2017	08	ald15_24	14	28
2017	08	ald15_24	21	9
2017	08	ald15_24	22	156
2017	08	ald15_24	23	225
2017	08	ald15_24	24	20
2017	08	ald15_24	25	14
2017	08	ald15_24	26	19
2017	08	ald15_24	31	53
2017	08	ald15_24	32	71
2017	08	ald15_24	33	113
2017	08	ald15_24	34	94
2017	08	ald15_24	35	51
2017	08	ald15_24	41	102
2017	08	ald15_24	42	86
2017	08	ald15_24	43	103
2017	08	ald15_24	44	13
2017	08	ald15_24	51	468
2017	08	ald15_24	52	2603
2017	08	ald15_24	53	1240
2017	08	ald15_24	54	60
2017	08	ald15_24	61	82
2017	08	ald15_24	62	8
2017	08	ald15_24	71	418
2017	08	ald15_24	72	369
2017	08	ald15_24	73	8
2017	08	ald15_24	74	416
2017	08	ald15_24	75	24
2017	08	ald15_24	81	353
2017	08	ald15_24	82	45
2017	08	ald15_24	83	237
2017	08	ald15_24	91	218
2017	08	ald15_24	92	15
2017	08	ald15_24	93	307
2017	08	ald15_24	94	222
2017	08	ald15_24	96	69
2017	08	ald25_54	00	203
2017	08	ald25_54	01	38
2017	08	ald25_54	03	13
2017	08	ald25_54	11	701
2017	08	ald25_54	12	703
2017	08	ald25_54	13	1458
2017	08	ald25_54	14	970
2017	08	ald25_54	21	981
2017	08	ald25_54	22	3420
2017	08	ald25_54	23	4131
2017	08	ald25_54	24	1475
2017	08	ald25_54	25	365
2017	08	ald25_54	26	828
2017	08	ald25_54	31	1946
2017	08	ald25_54	32	686
2017	08	ald25_54	33	2556
2017	08	ald25_54	34	599
2017	08	ald25_54	35	277
2017	08	ald25_54	41	961
2017	08	ald25_54	42	414
2017	08	ald25_54	43	781
2017	08	ald25_54	44	109
2017	08	ald25_54	51	1356
2017	08	ald25_54	52	3294
2017	08	ald25_54	53	5624
2017	08	ald25_54	54	360
2017	08	ald25_54	61	177
2017	08	ald25_54	62	41
2017	08	ald25_54	71	2015
2017	08	ald25_54	72	1366
2017	08	ald25_54	73	109
2017	08	ald25_54	74	986
2017	08	ald25_54	75	127
2017	08	ald25_54	81	1672
2017	08	ald25_54	82	287
2017	08	ald25_54	83	1801
2017	08	ald25_54	91	1128
2017	08	ald25_54	92	67
2017	08	ald25_54	93	470
2017	08	ald25_54	94	289
2017	08	ald25_54	96	234
2017	08	ald55_66	00	67
2017	08	ald55_66	11	386
2017	08	ald55_66	12	321
2017	08	ald55_66	13	760
2017	08	ald55_66	14	212
2017	08	ald55_66	21	347
2017	08	ald55_66	22	841
2017	08	ald55_66	23	1119
2017	08	ald55_66	24	700
2017	08	ald55_66	25	69
2017	08	ald55_66	26	257
2017	08	ald55_66	31	732
2017	08	ald55_66	32	223
2017	08	ald55_66	33	994
2017	08	ald55_66	34	140
2017	08	ald55_66	35	44
2017	08	ald55_66	41	491
2017	08	ald55_66	42	104
2017	08	ald55_66	43	354
2017	08	ald55_66	44	121
2017	08	ald55_66	51	344
2017	08	ald55_66	52	707
2017	08	ald55_66	53	2227
2017	08	ald55_66	54	87
2017	08	ald55_66	61	47
2017	08	ald55_66	62	10
2017	08	ald55_66	71	301
2017	08	ald55_66	72	358
2017	08	ald55_66	73	35
2017	08	ald55_66	74	274
2017	08	ald55_66	75	21
2017	08	ald55_66	81	424
2017	08	ald55_66	82	82
2017	08	ald55_66	83	653
2017	08	ald55_66	91	412
2017	08	ald55_66	92	9
2017	08	ald55_66	93	103
2017	08	ald55_66	94	92
2017	08	ald55_66	96	57
2017	08	ald67_74	00	57
2017	08	ald67_74	11	70
2017	08	ald67_74	12	29
2017	08	ald67_74	13	49
2017	08	ald67_74	14	26
2017	08	ald67_74	21	38
2017	08	ald67_74	22	71
2017	08	ald67_74	23	78
2017	08	ald67_74	24	32
2017	08	ald67_74	25	4
2017	08	ald67_74	26	23
2017	08	ald67_74	31	51
2017	08	ald67_74	32	21
2017	08	ald67_74	33	72
2017	08	ald67_74	34	12
2017	08	ald67_74	35	5
2017	08	ald67_74	41	67
2017	08	ald67_74	42	14
2017	08	ald67_74	43	45
2017	08	ald67_74	51	63
2017	08	ald67_74	52	84
2017	08	ald67_74	53	308
2017	08	ald67_74	61	24
2017	08	ald67_74	62	5
2017	08	ald67_74	71	24
2017	08	ald67_74	72	35
2017	08	ald67_74	73	9
2017	08	ald67_74	74	16
2017	08	ald67_74	75	5
2017	08	ald67_74	81	20
2017	08	ald67_74	82	5
2017	08	ald67_74	83	156
2017	08	ald67_74	91	42
2017	08	ald67_74	93	28
2017	08	ald67_74	94	8
2017	08	ald67_74	96	15
2017	09	ald15_24	00	36
2017	09	ald15_24	02	8
2017	09	ald15_24	03	231
2017	09	ald15_24	11	7
2017	09	ald15_24	14	15
2017	09	ald15_24	22	121
2017	09	ald15_24	23	149
2017	09	ald15_24	24	12
2017	09	ald15_24	25	9
2017	09	ald15_24	26	14
2017	09	ald15_24	31	30
2017	09	ald15_24	32	40
2017	09	ald15_24	33	56
2017	09	ald15_24	34	100
2017	09	ald15_24	35	39
2017	09	ald15_24	41	65
2017	09	ald15_24	42	62
2017	09	ald15_24	43	118
2017	09	ald15_24	44	8
2017	09	ald15_24	51	349
2017	09	ald15_24	52	1724
2017	09	ald15_24	53	969
2017	09	ald15_24	54	36
2017	09	ald15_24	61	60
2017	09	ald15_24	62	4
2017	09	ald15_24	71	357
2017	09	ald15_24	72	216
2017	09	ald15_24	73	7
2017	09	ald15_24	74	204
2017	09	ald15_24	75	25
2017	09	ald15_24	81	178
2017	09	ald15_24	82	7
2017	09	ald15_24	83	141
2017	09	ald15_24	91	155
2017	09	ald15_24	92	25
2017	09	ald15_24	93	188
2017	09	ald15_24	94	222
2017	09	ald15_24	96	34
2017	09	ald25_54	00	111
2017	09	ald25_54	01	54
2017	09	ald25_54	02	4
2017	09	ald25_54	03	5
2017	09	ald25_54	11	528
2017	09	ald25_54	12	501
2017	09	ald25_54	13	938
2017	09	ald25_54	14	532
2017	09	ald25_54	21	492
2017	09	ald25_54	22	2146
2017	09	ald25_54	23	2816
2017	09	ald25_54	24	1189
2017	09	ald25_54	25	431
2017	09	ald25_54	26	522
2017	09	ald25_54	31	1343
2017	09	ald25_54	32	448
2017	09	ald25_54	33	1502
2017	09	ald25_54	34	462
2017	09	ald25_54	35	229
2017	09	ald25_54	41	794
2017	09	ald25_54	42	235
2017	09	ald25_54	43	722
2017	09	ald25_54	44	79
2017	09	ald25_54	51	779
2017	09	ald25_54	52	2016
2017	09	ald25_54	53	3631
2017	09	ald25_54	54	157
2017	09	ald25_54	61	119
2017	09	ald25_54	62	17
2017	09	ald25_54	71	1434
2017	09	ald25_54	72	624
2017	09	ald25_54	73	75
2017	09	ald25_54	74	553
2017	09	ald25_54	75	118
2017	09	ald25_54	81	976
2017	09	ald25_54	82	111
2017	09	ald25_54	83	1104
2017	09	ald25_54	91	783
2017	09	ald25_54	92	28
2017	09	ald25_54	93	323
2017	09	ald25_54	94	145
2017	09	ald25_54	96	173
2017	09	ald55_66	00	42
2017	09	ald55_66	01	6
2017	09	ald55_66	11	242
2017	09	ald55_66	12	283
2017	09	ald55_66	13	373
2017	09	ald55_66	14	158
2017	09	ald55_66	21	156
2017	09	ald55_66	22	588
2017	09	ald55_66	23	648
2017	09	ald55_66	24	426
2017	09	ald55_66	25	66
2017	09	ald55_66	26	149
2017	09	ald55_66	31	417
2017	09	ald55_66	32	133
2017	09	ald55_66	33	448
2017	09	ald55_66	34	89
2017	09	ald55_66	35	48
2017	09	ald55_66	41	357
2017	09	ald55_66	42	58
2017	09	ald55_66	43	182
2017	09	ald55_66	44	70
2017	09	ald55_66	51	213
2017	09	ald55_66	52	433
2017	09	ald55_66	53	1310
2017	09	ald55_66	54	33
2017	09	ald55_66	61	19
2017	09	ald55_66	62	5
2017	09	ald55_66	71	223
2017	09	ald55_66	72	137
2017	09	ald55_66	73	27
2017	09	ald55_66	74	128
2017	09	ald55_66	75	19
2017	09	ald55_66	81	238
2017	09	ald55_66	82	86
2017	09	ald55_66	83	402
2017	09	ald55_66	91	248
2017	09	ald55_66	92	14
2017	09	ald55_66	93	57
2017	09	ald55_66	94	38
2017	09	ald55_66	96	37
2017	09	ald67_74	00	26
2017	09	ald67_74	11	46
2017	09	ald67_74	12	23
2017	09	ald67_74	13	25
2017	09	ald67_74	14	15
2017	09	ald67_74	21	18
2017	09	ald67_74	22	45
2017	09	ald67_74	23	69
2017	09	ald67_74	24	25
2017	09	ald67_74	25	4
2017	09	ald67_74	26	25
2017	09	ald67_74	31	27
2017	09	ald67_74	32	10
2017	09	ald67_74	33	38
2017	09	ald67_74	34	14
2017	09	ald67_74	41	49
2017	09	ald67_74	42	10
2017	09	ald67_74	43	19
2017	09	ald67_74	51	37
2017	09	ald67_74	52	46
2017	09	ald67_74	53	160
2017	09	ald67_74	61	6
2017	09	ald67_74	62	5
2017	09	ald67_74	71	14
2017	09	ald67_74	72	25
2017	09	ald67_74	74	7
2017	09	ald67_74	81	22
2017	09	ald67_74	82	4
2017	09	ald67_74	83	113
2017	09	ald67_74	91	34
2017	09	ald67_74	93	6
2017	09	ald67_74	94	16
2017	09	ald67_74	96	13
2017	10	ald15_24	00	43
2017	10	ald15_24	02	15
2017	10	ald15_24	03	301
2017	10	ald15_24	11	17
2017	10	ald15_24	13	7
2017	10	ald15_24	14	35
2017	10	ald15_24	21	12
2017	10	ald15_24	22	186
2017	10	ald15_24	23	263
2017	10	ald15_24	24	32
2017	10	ald15_24	25	14
2017	10	ald15_24	26	79
2017	10	ald15_24	31	76
2017	10	ald15_24	32	84
2017	10	ald15_24	33	197
2017	10	ald15_24	34	213
2017	10	ald15_24	35	91
2017	10	ald15_24	41	180
2017	10	ald15_24	42	143
2017	10	ald15_24	43	253
2017	10	ald15_24	44	26
2017	10	ald15_24	51	837
2017	10	ald15_24	52	3449
2017	10	ald15_24	53	1561
2017	10	ald15_24	54	115
2017	10	ald15_24	61	162
2017	10	ald15_24	62	27
2017	10	ald15_24	71	769
2017	10	ald15_24	72	449
2017	10	ald15_24	73	20
2017	10	ald15_24	74	466
2017	10	ald15_24	75	44
2017	10	ald15_24	81	459
2017	10	ald15_24	82	10
2017	10	ald15_24	83	228
2017	10	ald15_24	91	348
2017	10	ald15_24	92	38
2017	10	ald15_24	93	383
2017	10	ald15_24	94	253
2017	10	ald15_24	96	63
2017	10	ald25_54	00	151
2017	10	ald25_54	01	155
2017	10	ald25_54	02	5
2017	10	ald25_54	03	25
2017	10	ald25_54	11	871
2017	10	ald25_54	12	998
2017	10	ald25_54	13	1799
2017	10	ald25_54	14	1071
2017	10	ald25_54	21	1195
2017	10	ald25_54	22	3585
2017	10	ald25_54	23	4810
2017	10	ald25_54	24	1944
2017	10	ald25_54	25	574
2017	10	ald25_54	26	1221
2017	10	ald25_54	31	3069
2017	10	ald25_54	32	874
2017	10	ald25_54	33	3355
2017	10	ald25_54	34	1013
2017	10	ald25_54	35	402
2017	10	ald25_54	41	1367
2017	10	ald25_54	42	607
2017	10	ald25_54	43	1386
2017	10	ald25_54	44	92
2017	10	ald25_54	51	1555
2017	10	ald25_54	52	3651
2017	10	ald25_54	53	6163
2017	10	ald25_54	54	336
2017	10	ald25_54	61	159
2017	10	ald25_54	62	88
2017	10	ald25_54	71	2484
2017	10	ald25_54	72	1550
2017	10	ald25_54	73	79
2017	10	ald25_54	74	1032
2017	10	ald25_54	75	193
2017	10	ald25_54	81	1823
2017	10	ald25_54	82	53
2017	10	ald25_54	83	1729
2017	10	ald25_54	91	1253
2017	10	ald25_54	92	39
2017	10	ald25_54	93	726
2017	10	ald25_54	94	305
2017	10	ald25_54	95	4
2017	10	ald25_54	96	200
2017	10	ald55_66	00	77
2017	10	ald55_66	01	25
2017	10	ald55_66	11	324
2017	10	ald55_66	12	436
2017	10	ald55_66	13	796
2017	10	ald55_66	14	227
2017	10	ald55_66	21	265
2017	10	ald55_66	22	826
2017	10	ald55_66	23	1191
2017	10	ald55_66	24	610
2017	10	ald55_66	25	63
2017	10	ald55_66	26	314
2017	10	ald55_66	31	781
2017	10	ald55_66	32	196
2017	10	ald55_66	33	1091
2017	10	ald55_66	34	204
2017	10	ald55_66	35	49
2017	10	ald55_66	41	565
2017	10	ald55_66	42	150
2017	10	ald55_66	43	402
2017	10	ald55_66	44	98
2017	10	ald55_66	51	367
2017	10	ald55_66	52	648
2017	10	ald55_66	53	2114
2017	10	ald55_66	54	78
2017	10	ald55_66	61	37
2017	10	ald55_66	62	18
2017	10	ald55_66	71	343
2017	10	ald55_66	72	357
2017	10	ald55_66	73	17
2017	10	ald55_66	74	224
2017	10	ald55_66	75	33
2017	10	ald55_66	81	524
2017	10	ald55_66	82	14
2017	10	ald55_66	83	537
2017	10	ald55_66	91	421
2017	10	ald55_66	92	10
2017	10	ald55_66	93	123
2017	10	ald55_66	94	94
2017	10	ald55_66	96	50
2017	10	ald67_74	00	56
2017	10	ald67_74	11	56
2017	10	ald67_74	12	33
2017	10	ald67_74	13	37
2017	10	ald67_74	14	27
2017	10	ald67_74	21	34
2017	10	ald67_74	22	86
2017	10	ald67_74	23	113
2017	10	ald67_74	24	51
2017	10	ald67_74	25	5
2017	10	ald67_74	26	36
2017	10	ald67_74	31	68
2017	10	ald67_74	32	16
2017	10	ald67_74	33	78
2017	10	ald67_74	34	16
2017	10	ald67_74	35	5
2017	10	ald67_74	41	57
2017	10	ald67_74	42	8
2017	10	ald67_74	43	49
2017	10	ald67_74	44	5
2017	10	ald67_74	51	90
2017	10	ald67_74	52	79
2017	10	ald67_74	53	248
2017	10	ald67_74	54	10
2017	10	ald67_74	61	10
2017	10	ald67_74	71	21
2017	10	ald67_74	72	25
2017	10	ald67_74	73	7
2017	10	ald67_74	74	21
2017	10	ald67_74	75	4
2017	10	ald67_74	81	28
2017	10	ald67_74	83	140
2017	10	ald67_74	91	52
2017	10	ald67_74	93	29
2017	10	ald67_74	94	9
2017	10	ald67_74	96	29
2017	11	ald15_24	00	132
2017	11	ald15_24	01	20
2017	11	ald15_24	02	39
2017	11	ald15_24	03	774
2017	11	ald15_24	11	30
2017	11	ald15_24	12	9
2017	11	ald15_24	13	17
2017	11	ald15_24	14	125
2017	11	ald15_24	21	51
2017	11	ald15_24	22	424
2017	11	ald15_24	23	564
2017	11	ald15_24	24	110
2017	11	ald15_24	25	54
2017	11	ald15_24	26	142
2017	11	ald15_24	31	289
2017	11	ald15_24	32	117
2017	11	ald15_24	33	411
2017	11	ald15_24	34	513
2017	11	ald15_24	35	96
2017	11	ald15_24	41	421
2017	11	ald15_24	42	439
2017	11	ald15_24	43	673
2017	11	ald15_24	44	61
2017	11	ald15_24	51	1941
2017	11	ald15_24	52	6944
2017	11	ald15_24	53	4344
2017	11	ald15_24	54	643
2017	11	ald15_24	61	1137
2017	11	ald15_24	62	120
2017	11	ald15_24	71	1421
2017	11	ald15_24	72	1548
2017	11	ald15_24	73	43
2017	11	ald15_24	74	1216
2017	11	ald15_24	75	132
2017	11	ald15_24	81	1027
2017	11	ald15_24	82	48
2017	11	ald15_24	83	669
2017	11	ald15_24	91	742
2017	11	ald15_24	92	57
2017	11	ald15_24	93	816
2017	11	ald15_24	94	467
2017	11	ald15_24	96	181
2017	11	ald25_54	00	707
2017	11	ald25_54	01	233
2017	11	ald25_54	02	16
2017	11	ald25_54	03	54
2017	11	ald25_54	11	2180
2017	11	ald25_54	12	2742
2017	11	ald25_54	13	5902
2017	11	ald25_54	14	2327
2017	11	ald25_54	21	7387
2017	11	ald25_54	22	8690
2017	11	ald25_54	23	11710
2017	11	ald25_54	24	6573
2017	11	ald25_54	25	3128
2017	11	ald25_54	26	2874
2017	11	ald25_54	31	11828
2017	11	ald25_54	32	2090
2017	11	ald25_54	33	8461
2017	11	ald25_54	34	1926
2017	11	ald25_54	35	1049
2017	11	ald25_54	41	3439
2017	11	ald25_54	42	1444
2017	11	ald25_54	43	4208
2017	11	ald25_54	44	326
2017	11	ald25_54	51	4171
2017	11	ald25_54	52	7589
2017	11	ald25_54	53	14324
2017	11	ald25_54	54	1397
2017	11	ald25_54	61	1039
2017	11	ald25_54	62	281
2017	11	ald25_54	71	7192
2017	11	ald25_54	72	5451
2017	11	ald25_54	73	286
2017	11	ald25_54	74	2632
2017	11	ald25_54	75	731
2017	11	ald25_54	81	5517
2017	11	ald25_54	82	349
2017	11	ald25_54	83	4676
2017	11	ald25_54	91	3667
2017	11	ald25_54	92	108
2017	11	ald25_54	93	2085
2017	11	ald25_54	94	825
2017	11	ald25_54	95	13
2017	11	ald25_54	96	631
2017	11	ald55_66	00	199
2017	11	ald55_66	01	39
2017	11	ald55_66	11	1025
2017	11	ald55_66	12	1091
2017	11	ald55_66	13	2352
2017	11	ald55_66	14	490
2017	11	ald55_66	21	1949
2017	11	ald55_66	22	1794
2017	11	ald55_66	23	2826
2017	11	ald55_66	24	2010
2017	11	ald55_66	25	423
2017	11	ald55_66	26	619
2017	11	ald55_66	31	2631
2017	11	ald55_66	32	530
2017	11	ald55_66	33	2312
2017	11	ald55_66	34	314
2017	11	ald55_66	35	135
2017	11	ald55_66	41	1214
2017	11	ald55_66	42	295
2017	11	ald55_66	43	1107
2017	11	ald55_66	44	173
2017	11	ald55_66	51	808
2017	11	ald55_66	52	1694
2017	11	ald55_66	53	4376
2017	11	ald55_66	54	194
2017	11	ald55_66	61	269
2017	11	ald55_66	62	38
2017	11	ald55_66	71	1161
2017	11	ald55_66	72	938
2017	11	ald55_66	73	92
2017	11	ald55_66	74	425
2017	11	ald55_66	75	127
2017	11	ald55_66	81	1120
2017	11	ald55_66	82	66
2017	11	ald55_66	83	1405
2017	11	ald55_66	91	843
2017	11	ald55_66	92	21
2017	11	ald55_66	93	362
2017	11	ald55_66	94	207
2017	11	ald55_66	96	140
2017	11	ald67_74	00	92
2017	11	ald67_74	03	5
2017	11	ald67_74	11	158
2017	11	ald67_74	12	57
2017	11	ald67_74	13	97
2017	11	ald67_74	14	49
2017	11	ald67_74	21	100
2017	11	ald67_74	22	180
2017	11	ald67_74	23	180
2017	11	ald67_74	24	133
2017	11	ald67_74	25	8
2017	11	ald67_74	26	76
2017	11	ald67_74	31	166
2017	11	ald67_74	32	34
2017	11	ald67_74	33	163
2017	11	ald67_74	34	42
2017	11	ald67_74	35	6
2017	11	ald67_74	41	136
2017	11	ald67_74	42	19
2017	11	ald67_74	43	82
2017	11	ald67_74	44	9
2017	11	ald67_74	51	161
2017	11	ald67_74	52	171
2017	11	ald67_74	53	569
2017	11	ald67_74	54	12
2017	11	ald67_74	61	139
2017	11	ald67_74	62	4
2017	11	ald67_74	71	71
2017	11	ald67_74	72	66
2017	11	ald67_74	73	21
2017	11	ald67_74	74	21
2017	11	ald67_74	75	15
2017	11	ald67_74	81	49
2017	11	ald67_74	83	279
2017	11	ald67_74	91	71
2017	11	ald67_74	92	5
2017	11	ald67_74	93	30
2017	11	ald67_74	94	34
2017	11	ald67_74	96	25
2017	12	ald15_24	00	152
2017	12	ald15_24	01	76
2017	12	ald15_24	02	78
2017	12	ald15_24	03	1026
2017	12	ald15_24	11	37
2017	12	ald15_24	12	18
2017	12	ald15_24	13	22
2017	12	ald15_24	14	125
2017	12	ald15_24	21	71
2017	12	ald15_24	22	622
2017	12	ald15_24	23	883
2017	12	ald15_24	24	171
2017	12	ald15_24	25	62
2017	12	ald15_24	26	120
2017	12	ald15_24	31	264
2017	12	ald15_24	32	164
2017	12	ald15_24	33	794
2017	12	ald15_24	34	570
2017	12	ald15_24	35	143
2017	12	ald15_24	41	557
2017	12	ald15_24	42	678
2017	12	ald15_24	43	702
2017	12	ald15_24	44	57
2017	12	ald15_24	51	2345
2017	12	ald15_24	52	8889
2017	12	ald15_24	53	5764
2017	12	ald15_24	54	478
2017	12	ald15_24	61	267
2017	12	ald15_24	62	315
2017	12	ald15_24	71	1628
2017	12	ald15_24	72	1399
2017	12	ald15_24	73	20
2017	12	ald15_24	74	1403
2017	12	ald15_24	75	97
2017	12	ald15_24	81	607
2017	12	ald15_24	82	39
2017	12	ald15_24	83	811
2017	12	ald15_24	91	1023
2017	12	ald15_24	92	64
2017	12	ald15_24	93	898
2017	12	ald15_24	94	529
2017	12	ald15_24	96	976
2017	12	ald25_54	00	521
2017	12	ald25_54	01	1408
2017	12	ald25_54	02	52
2017	12	ald25_54	03	149
2017	12	ald25_54	11	2204
2017	12	ald25_54	12	2771
2017	12	ald25_54	13	5763
2017	12	ald25_54	14	2731
2017	12	ald25_54	21	6179
2017	12	ald25_54	22	10991
2017	12	ald25_54	23	14161
2017	12	ald25_54	24	8688
2017	12	ald25_54	25	2624
2017	12	ald25_54	26	3363
2017	12	ald25_54	31	10024
2017	12	ald25_54	32	2541
2017	12	ald25_54	33	10076
2017	12	ald25_54	34	2075
2017	12	ald25_54	35	1300
2017	12	ald25_54	41	3629
2017	12	ald25_54	42	1699
2017	12	ald25_54	43	3990
2017	12	ald25_54	44	241
2017	12	ald25_54	51	5439
2017	12	ald25_54	52	8133
2017	12	ald25_54	53	16019
2017	12	ald25_54	54	1271
2017	12	ald25_54	61	414
2017	12	ald25_54	62	766
2017	12	ald25_54	71	7530
2017	12	ald25_54	72	4412
2017	12	ald25_54	73	226
2017	12	ald25_54	74	2854
2017	12	ald25_54	75	640
2017	12	ald25_54	81	3476
2017	12	ald25_54	82	326
2017	12	ald25_54	83	5178
2017	12	ald25_54	91	4204
2017	12	ald25_54	92	142
2017	12	ald25_54	93	2140
2017	12	ald25_54	94	869
2017	12	ald25_54	95	7
2017	12	ald25_54	96	553
2017	12	ald55_66	00	192
2017	12	ald55_66	01	103
2017	12	ald55_66	03	7
2017	12	ald55_66	11	1078
2017	12	ald55_66	12	1001
2017	12	ald55_66	13	2418
2017	12	ald55_66	14	581
2017	12	ald55_66	21	1631
2017	12	ald55_66	22	2461
2017	12	ald55_66	23	3694
2017	12	ald55_66	24	2680
2017	12	ald55_66	25	466
2017	12	ald55_66	26	788
2017	12	ald55_66	31	2500
2017	12	ald55_66	32	766
2017	12	ald55_66	33	2648
2017	12	ald55_66	34	363
2017	12	ald55_66	35	213
2017	12	ald55_66	41	1307
2017	12	ald55_66	42	294
2017	12	ald55_66	43	1154
2017	12	ald55_66	44	179
2017	12	ald55_66	51	1189
2017	12	ald55_66	52	1473
2017	12	ald55_66	53	5319
2017	12	ald55_66	54	189
2017	12	ald55_66	61	119
2017	12	ald55_66	62	117
2017	12	ald55_66	71	1187
2017	12	ald55_66	72	938
2017	12	ald55_66	73	99
2017	12	ald55_66	74	582
2017	12	ald55_66	75	114
2017	12	ald55_66	81	844
2017	12	ald55_66	82	84
2017	12	ald55_66	83	1692
2017	12	ald55_66	91	962
2017	12	ald55_66	92	26
2017	12	ald55_66	93	352
2017	12	ald55_66	94	172
2017	12	ald55_66	95	4
2017	12	ald55_66	96	123
2017	12	ald67_74	00	116
2017	12	ald67_74	03	5
2017	12	ald67_74	11	155
2017	12	ald67_74	12	101
2017	12	ald67_74	13	136
2017	12	ald67_74	14	67
2017	12	ald67_74	21	125
2017	12	ald67_74	22	235
2017	12	ald67_74	23	276
2017	12	ald67_74	24	217
2017	12	ald67_74	25	17
2017	12	ald67_74	26	94
2017	12	ald67_74	31	142
2017	12	ald67_74	32	42
2017	12	ald67_74	33	180
2017	12	ald67_74	34	58
2017	12	ald67_74	35	14
2017	12	ald67_74	41	162
2017	12	ald67_74	42	41
2017	12	ald67_74	43	130
2017	12	ald67_74	44	11
2017	12	ald67_74	51	191
2017	12	ald67_74	52	204
2017	12	ald67_74	53	820
2017	12	ald67_74	54	27
2017	12	ald67_74	61	56
2017	12	ald67_74	62	9
2017	12	ald67_74	71	76
2017	12	ald67_74	72	60
2017	12	ald67_74	73	8
2017	12	ald67_74	74	38
2017	12	ald67_74	75	14
2017	12	ald67_74	81	52
2017	12	ald67_74	83	293
2017	12	ald67_74	91	105
2017	12	ald67_74	93	49
2017	12	ald67_74	94	33
2017	12	ald67_74	96	34
2017	14	ald15_24	00	66
2017	14	ald15_24	02	11
2017	14	ald15_24	03	197
2017	14	ald15_24	11	5
2017	14	ald15_24	14	16
2017	14	ald15_24	21	9
2017	14	ald15_24	22	120
2017	14	ald15_24	23	141
2017	14	ald15_24	24	11
2017	14	ald15_24	25	20
2017	14	ald15_24	26	29
2017	14	ald15_24	31	56
2017	14	ald15_24	32	36
2017	14	ald15_24	33	93
2017	14	ald15_24	34	100
2017	14	ald15_24	35	46
2017	14	ald15_24	41	82
2017	14	ald15_24	42	122
2017	14	ald15_24	43	68
2017	14	ald15_24	44	16
2017	14	ald15_24	51	337
2017	14	ald15_24	52	1520
2017	14	ald15_24	53	1122
2017	14	ald15_24	54	50
2017	14	ald15_24	61	195
2017	14	ald15_24	62	82
2017	14	ald15_24	71	367
2017	14	ald15_24	72	324
2017	14	ald15_24	73	13
2017	14	ald15_24	74	340
2017	14	ald15_24	75	17
2017	14	ald15_24	81	488
2017	14	ald15_24	83	297
2017	14	ald15_24	91	174
2017	14	ald15_24	92	15
2017	14	ald15_24	93	300
2017	14	ald15_24	94	162
2017	14	ald15_24	96	30
2017	14	ald25_54	00	152
2017	14	ald25_54	01	22
2017	14	ald25_54	03	21
2017	14	ald25_54	11	434
2017	14	ald25_54	12	493
2017	14	ald25_54	13	1114
2017	14	ald25_54	14	601
2017	14	ald25_54	21	586
2017	14	ald25_54	22	2214
2017	14	ald25_54	23	2868
2017	14	ald25_54	24	1271
2017	14	ald25_54	25	261
2017	14	ald25_54	26	491
2017	14	ald25_54	31	1555
2017	14	ald25_54	32	496
2017	14	ald25_54	33	1286
2017	14	ald25_54	34	297
2017	14	ald25_54	35	204
2017	14	ald25_54	41	725
2017	14	ald25_54	42	302
2017	14	ald25_54	43	562
2017	14	ald25_54	44	108
2017	14	ald25_54	51	844
2017	14	ald25_54	52	1571
2017	14	ald25_54	53	3581
2017	14	ald25_54	54	162
2017	14	ald25_54	61	217
2017	14	ald25_54	62	283
2017	14	ald25_54	71	1360
2017	14	ald25_54	72	897
2017	14	ald25_54	73	116
2017	14	ald25_54	74	580
2017	14	ald25_54	75	204
2017	14	ald25_54	81	2033
2017	14	ald25_54	82	19
2017	14	ald25_54	83	1517
2017	14	ald25_54	91	867
2017	14	ald25_54	92	18
2017	14	ald25_54	93	539
2017	14	ald25_54	94	157
2017	14	ald25_54	96	136
2017	14	ald55_66	00	70
2017	14	ald55_66	11	231
2017	14	ald55_66	12	204
2017	14	ald55_66	13	576
2017	14	ald55_66	14	208
2017	14	ald55_66	21	197
2017	14	ald55_66	22	577
2017	14	ald55_66	23	918
2017	14	ald55_66	24	503
2017	14	ald55_66	25	24
2017	14	ald55_66	26	168
2017	14	ald55_66	31	502
2017	14	ald55_66	32	143
2017	14	ald55_66	33	500
2017	14	ald55_66	34	60
2017	14	ald55_66	35	30
2017	14	ald55_66	41	364
2017	14	ald55_66	42	48
2017	14	ald55_66	43	202
2017	14	ald55_66	44	101
2017	14	ald55_66	51	281
2017	14	ald55_66	52	448
2017	14	ald55_66	53	1636
2017	14	ald55_66	54	38
2017	14	ald55_66	61	69
2017	14	ald55_66	62	62
2017	14	ald55_66	71	285
2017	14	ald55_66	72	226
2017	14	ald55_66	73	21
2017	14	ald55_66	74	161
2017	14	ald55_66	75	41
2017	14	ald55_66	81	578
2017	14	ald55_66	83	611
2017	14	ald55_66	91	344
2017	14	ald55_66	92	5
2017	14	ald55_66	93	92
2017	14	ald55_66	94	70
2017	14	ald55_66	96	35
2017	14	ald67_74	00	50
2017	14	ald67_74	11	28
2017	14	ald67_74	12	20
2017	14	ald67_74	13	43
2017	14	ald67_74	14	21
2017	14	ald67_74	21	26
2017	14	ald67_74	22	63
2017	14	ald67_74	23	65
2017	14	ald67_74	24	47
2017	14	ald67_74	26	18
2017	14	ald67_74	31	46
2017	14	ald67_74	32	10
2017	14	ald67_74	33	57
2017	14	ald67_74	34	7
2017	14	ald67_74	41	45
2017	14	ald67_74	42	10
2017	14	ald67_74	43	17
2017	14	ald67_74	44	9
2017	14	ald67_74	51	52
2017	14	ald67_74	52	78
2017	14	ald67_74	53	300
2017	14	ald67_74	61	59
2017	14	ald67_74	62	6
2017	14	ald67_74	71	31
2017	14	ald67_74	72	27
2017	14	ald67_74	74	12
2017	14	ald67_74	75	6
2017	14	ald67_74	81	37
2017	14	ald67_74	83	163
2017	14	ald67_74	91	40
2017	14	ald67_74	93	19
2017	14	ald67_74	94	15
2017	14	ald67_74	96	16
2017	15	ald15_24	00	106
2017	15	ald15_24	01	8
2017	15	ald15_24	02	14
2017	15	ald15_24	03	490
2017	15	ald15_24	11	14
2017	15	ald15_24	12	6
2017	15	ald15_24	13	14
2017	15	ald15_24	14	36
2017	15	ald15_24	21	17
2017	15	ald15_24	22	258
2017	15	ald15_24	23	222
2017	15	ald15_24	24	36
2017	15	ald15_24	25	28
2017	15	ald15_24	26	38
2017	15	ald15_24	31	165
2017	15	ald15_24	32	123
2017	15	ald15_24	33	197
2017	15	ald15_24	34	213
2017	15	ald15_24	35	58
2017	15	ald15_24	41	172
2017	15	ald15_24	42	219
2017	15	ald15_24	43	348
2017	15	ald15_24	44	19
2017	15	ald15_24	51	793
2017	15	ald15_24	52	3661
2017	15	ald15_24	53	2683
2017	15	ald15_24	54	118
2017	15	ald15_24	61	239
2017	15	ald15_24	62	132
2017	15	ald15_24	71	583
2017	15	ald15_24	72	864
2017	15	ald15_24	73	11
2017	15	ald15_24	74	683
2017	15	ald15_24	75	70
2017	15	ald15_24	81	605
2017	15	ald15_24	82	10
2017	15	ald15_24	83	464
2017	15	ald15_24	91	504
2017	15	ald15_24	92	15
2017	15	ald15_24	93	408
2017	15	ald15_24	94	270
2017	15	ald15_24	96	142
2017	15	ald25_54	00	368
2017	15	ald25_54	01	68
2017	15	ald25_54	03	32
2017	15	ald25_54	11	1108
2017	15	ald25_54	12	1470
2017	15	ald25_54	13	2705
2017	15	ald25_54	14	1429
2017	15	ald25_54	21	1460
2017	15	ald25_54	22	5253
2017	15	ald25_54	23	6174
2017	15	ald25_54	24	2544
2017	15	ald25_54	25	780
2017	15	ald25_54	26	1138
2017	15	ald25_54	31	5644
2017	15	ald25_54	32	1246
2017	15	ald25_54	33	4063
2017	15	ald25_54	34	845
2017	15	ald25_54	35	464
2017	15	ald25_54	41	1697
2017	15	ald25_54	42	749
2017	15	ald25_54	43	2140
2017	15	ald25_54	44	157
2017	15	ald25_54	51	2069
2017	15	ald25_54	52	4038
2017	15	ald25_54	53	8374
2017	15	ald25_54	54	474
2017	15	ald25_54	61	276
2017	15	ald25_54	62	494
2017	15	ald25_54	71	3663
2017	15	ald25_54	72	2808
2017	15	ald25_54	73	91
2017	15	ald25_54	74	1549
2017	15	ald25_54	75	468
2017	15	ald25_54	81	4083
2017	15	ald25_54	82	105
2017	15	ald25_54	83	3190
2017	15	ald25_54	91	1942
2017	15	ald25_54	92	34
2017	15	ald25_54	93	986
2017	15	ald25_54	94	406
2017	15	ald25_54	95	18
2017	15	ald25_54	96	396
2017	15	ald55_66	00	132
2017	15	ald55_66	01	9
2017	15	ald55_66	03	7
2017	15	ald55_66	11	625
2017	15	ald55_66	12	630
2017	15	ald55_66	13	1370
2017	15	ald55_66	14	430
2017	15	ald55_66	21	402
2017	15	ald55_66	22	1338
2017	15	ald55_66	23	1692
2017	15	ald55_66	24	915
2017	15	ald55_66	25	118
2017	15	ald55_66	26	274
2017	15	ald55_66	31	1614
2017	15	ald55_66	32	323
2017	15	ald55_66	33	1451
2017	15	ald55_66	34	194
2017	15	ald55_66	35	66
2017	15	ald55_66	41	786
2017	15	ald55_66	42	162
2017	15	ald55_66	43	678
2017	15	ald55_66	44	146
2017	15	ald55_66	51	628
2017	15	ald55_66	52	1091
2017	15	ald55_66	53	3565
2017	15	ald55_66	54	113
2017	15	ald55_66	61	93
2017	15	ald55_66	62	93
2017	15	ald55_66	71	738
2017	15	ald55_66	72	671
2017	15	ald55_66	73	21
2017	15	ald55_66	74	425
2017	15	ald55_66	75	120
2017	15	ald55_66	81	1188
2017	15	ald55_66	82	22
2017	15	ald55_66	83	1215
2017	15	ald55_66	91	654
2017	15	ald55_66	92	11
2017	15	ald55_66	93	196
2017	15	ald55_66	94	149
2017	15	ald55_66	96	78
2017	15	ald67_74	00	85
2017	15	ald67_74	11	120
2017	15	ald67_74	12	49
2017	15	ald67_74	13	99
2017	15	ald67_74	14	40
2017	15	ald67_74	21	47
2017	15	ald67_74	22	115
2017	15	ald67_74	23	138
2017	15	ald67_74	24	65
2017	15	ald67_74	25	6
2017	15	ald67_74	26	38
2017	15	ald67_74	31	145
2017	15	ald67_74	32	24
2017	15	ald67_74	33	121
2017	15	ald67_74	34	8
2017	15	ald67_74	35	4
2017	15	ald67_74	41	92
2017	15	ald67_74	42	12
2017	15	ald67_74	43	80
2017	15	ald67_74	44	9
2017	15	ald67_74	51	148
2017	15	ald67_74	52	158
2017	15	ald67_74	53	577
2017	15	ald67_74	54	14
2017	15	ald67_74	61	57
2017	15	ald67_74	71	54
2017	15	ald67_74	72	70
2017	15	ald67_74	74	23
2017	15	ald67_74	75	14
2017	15	ald67_74	81	91
2017	15	ald67_74	83	249
2017	15	ald67_74	91	100
2017	15	ald67_74	93	29
2017	15	ald67_74	94	23
2017	15	ald67_74	96	28
2017	16	ald15_24	00	103
2017	16	ald15_24	01	45
2017	16	ald15_24	02	91
2017	16	ald15_24	03	752
2017	16	ald15_24	11	33
2017	16	ald15_24	12	14
2017	16	ald15_24	13	14
2017	16	ald15_24	14	81
2017	16	ald15_24	21	74
2017	16	ald15_24	22	442
2017	16	ald15_24	23	1800
2017	16	ald15_24	24	92
2017	16	ald15_24	25	110
2017	16	ald15_24	26	80
2017	16	ald15_24	31	164
2017	16	ald15_24	32	141
2017	16	ald15_24	33	967
2017	16	ald15_24	34	424
2017	16	ald15_24	35	157
2017	16	ald15_24	41	383
2017	16	ald15_24	42	502
2017	16	ald15_24	43	491
2017	16	ald15_24	44	33
2017	16	ald15_24	51	2037
2017	16	ald15_24	52	5368
2017	16	ald15_24	53	3216
2017	16	ald15_24	54	196
2017	16	ald15_24	61	337
2017	16	ald15_24	62	231
2017	16	ald15_24	71	1067
2017	16	ald15_24	72	739
2017	16	ald15_24	73	32
2017	16	ald15_24	74	815
2017	16	ald15_24	75	67
2017	16	ald15_24	81	507
2017	16	ald15_24	82	57
2017	16	ald15_24	83	510
2017	16	ald15_24	91	520
2017	16	ald15_24	92	39
2017	16	ald15_24	93	581
2017	16	ald15_24	94	439
2017	16	ald15_24	96	249
2017	16	ald25_54	00	340
2017	16	ald25_54	01	580
2017	16	ald25_54	02	40
2017	16	ald25_54	03	42
2017	16	ald25_54	11	1480
2017	16	ald25_54	12	2080
2017	16	ald25_54	13	3172
2017	16	ald25_54	14	1652
2017	16	ald25_54	21	4774
2017	16	ald25_54	22	7126
2017	16	ald25_54	23	11099
2017	16	ald25_54	24	5953
2017	16	ald25_54	25	2451
2017	16	ald25_54	26	2176
2017	16	ald25_54	31	4916
2017	16	ald25_54	32	1744
2017	16	ald25_54	33	6799
2017	16	ald25_54	34	1335
2017	16	ald25_54	35	1076
2017	16	ald25_54	41	2313
2017	16	ald25_54	42	1086
2017	16	ald25_54	43	2527
2017	16	ald25_54	44	194
2017	16	ald25_54	51	3550
2017	16	ald25_54	52	5715
2017	16	ald25_54	53	8890
2017	16	ald25_54	54	652
2017	16	ald25_54	61	472
2017	16	ald25_54	62	455
2017	16	ald25_54	71	4553
2017	16	ald25_54	72	2224
2017	16	ald25_54	73	178
2017	16	ald25_54	74	1540
2017	16	ald25_54	75	497
2017	16	ald25_54	81	3010
2017	16	ald25_54	82	203
2017	16	ald25_54	83	3463
2017	16	ald25_54	91	2679
2017	16	ald25_54	92	51
2017	16	ald25_54	93	1144
2017	16	ald25_54	94	661
2017	16	ald25_54	95	5
2017	16	ald25_54	96	482
2017	16	ald55_66	00	130
2017	16	ald55_66	01	59
2017	16	ald55_66	11	632
2017	16	ald55_66	12	799
2017	16	ald55_66	13	1391
2017	16	ald55_66	14	373
2017	16	ald55_66	21	976
2017	16	ald55_66	22	1517
2017	16	ald55_66	23	2393
2017	16	ald55_66	24	2003
2017	16	ald55_66	25	362
2017	16	ald55_66	26	502
2017	16	ald55_66	31	1407
2017	16	ald55_66	32	399
2017	16	ald55_66	33	1694
2017	16	ald55_66	34	249
2017	16	ald55_66	35	177
2017	16	ald55_66	41	905
2017	16	ald55_66	42	185
2017	16	ald55_66	43	773
2017	16	ald55_66	44	110
2017	16	ald55_66	51	808
2017	16	ald55_66	52	1051
2017	16	ald55_66	53	2773
2017	16	ald55_66	54	101
2017	16	ald55_66	61	126
2017	16	ald55_66	62	62
2017	16	ald55_66	71	730
2017	16	ald55_66	72	438
2017	16	ald55_66	73	81
2017	16	ald55_66	74	363
2017	16	ald55_66	75	87
2017	16	ald55_66	81	677
2017	16	ald55_66	82	53
2017	16	ald55_66	83	1183
2017	16	ald55_66	91	812
2017	16	ald55_66	92	7
2017	16	ald55_66	93	213
2017	16	ald55_66	94	138
2017	16	ald55_66	96	128
2017	16	ald67_74	00	62
2017	16	ald67_74	11	124
2017	16	ald67_74	12	57
2017	16	ald67_74	13	101
2017	16	ald67_74	14	37
2017	16	ald67_74	21	120
2017	16	ald67_74	22	137
2017	16	ald67_74	23	223
2017	16	ald67_74	24	111
2017	16	ald67_74	25	9
2017	16	ald67_74	26	47
2017	16	ald67_74	31	114
2017	16	ald67_74	32	17
2017	16	ald67_74	33	138
2017	16	ald67_74	34	22
2017	16	ald67_74	35	13
2017	16	ald67_74	41	77
2017	16	ald67_74	42	14
2017	16	ald67_74	43	62
2017	16	ald67_74	44	6
2017	16	ald67_74	51	154
2017	16	ald67_74	52	126
2017	16	ald67_74	53	328
2017	16	ald67_74	54	16
2017	16	ald67_74	61	60
2017	16	ald67_74	62	8
2017	16	ald67_74	71	58
2017	16	ald67_74	72	39
2017	16	ald67_74	73	7
2017	16	ald67_74	74	16
2017	16	ald67_74	75	14
2017	16	ald67_74	81	27
2017	16	ald67_74	83	208
2017	16	ald67_74	91	87
2017	16	ald67_74	93	30
2017	16	ald67_74	94	19
2017	16	ald67_74	96	46
2017	17	ald15_24	00	126
2017	17	ald15_24	01	7
2017	17	ald15_24	02	19
2017	17	ald15_24	03	335
2017	17	ald15_24	11	6
2017	17	ald15_24	13	5
2017	17	ald15_24	14	21
2017	17	ald15_24	21	10
2017	17	ald15_24	22	198
2017	17	ald15_24	23	171
2017	17	ald15_24	24	5
2017	17	ald15_24	25	5
2017	17	ald15_24	26	29
2017	17	ald15_24	31	46
2017	17	ald15_24	32	66
2017	17	ald15_24	33	79
2017	17	ald15_24	34	74
2017	17	ald15_24	35	27
2017	17	ald15_24	41	77
2017	17	ald15_24	42	129
2017	17	ald15_24	43	129
2017	17	ald15_24	44	11
2017	17	ald15_24	51	477
2017	17	ald15_24	52	1802
2017	17	ald15_24	53	1424
2017	17	ald15_24	54	72
2017	17	ald15_24	61	337
2017	17	ald15_24	62	115
2017	17	ald15_24	71	597
2017	17	ald15_24	72	466
2017	17	ald15_24	73	8
2017	17	ald15_24	74	274
2017	17	ald15_24	75	52
2017	17	ald15_24	81	276
2017	17	ald15_24	82	5
2017	17	ald15_24	83	271
2017	17	ald15_24	91	211
2017	17	ald15_24	92	25
2017	17	ald15_24	93	319
2017	17	ald15_24	94	149
2017	17	ald15_24	96	64
2017	17	ald25_54	00	176
2017	17	ald25_54	01	112
2017	17	ald25_54	02	5
2017	17	ald25_54	03	21
2017	17	ald25_54	11	517
2017	17	ald25_54	12	455
2017	17	ald25_54	13	1276
2017	17	ald25_54	14	624
2017	17	ald25_54	21	857
2017	17	ald25_54	22	3180
2017	17	ald25_54	23	3603
2017	17	ald25_54	24	1181
2017	17	ald25_54	25	195
2017	17	ald25_54	26	609
2017	17	ald25_54	31	1283
2017	17	ald25_54	32	657
2017	17	ald25_54	33	1584
2017	17	ald25_54	34	406
2017	17	ald25_54	35	116
2017	17	ald25_54	41	807
2017	17	ald25_54	42	410
2017	17	ald25_54	43	585
2017	17	ald25_54	44	75
2017	17	ald25_54	51	1193
2017	17	ald25_54	52	2321
2017	17	ald25_54	53	4350
2017	17	ald25_54	54	247
2017	17	ald25_54	61	443
2017	17	ald25_54	62	245
2017	17	ald25_54	71	1784
2017	17	ald25_54	72	1444
2017	17	ald25_54	73	52
2017	17	ald25_54	74	561
2017	17	ald25_54	75	252
2017	17	ald25_54	81	1241
2017	17	ald25_54	82	66
2017	17	ald25_54	83	1682
2017	17	ald25_54	91	892
2017	17	ald25_54	92	30
2017	17	ald25_54	93	552
2017	17	ald25_54	94	254
2017	17	ald25_54	96	188
2017	17	ald55_66	00	79
2017	17	ald55_66	01	8
2017	17	ald55_66	11	249
2017	17	ald55_66	12	230
2017	17	ald55_66	13	575
2017	17	ald55_66	14	188
2017	17	ald55_66	21	223
2017	17	ald55_66	22	784
2017	17	ald55_66	23	960
2017	17	ald55_66	24	540
2017	17	ald55_66	25	29
2017	17	ald55_66	26	152
2017	17	ald55_66	31	488
2017	17	ald55_66	32	180
2017	17	ald55_66	33	567
2017	17	ald55_66	34	86
2017	17	ald55_66	35	24
2017	17	ald55_66	41	432
2017	17	ald55_66	42	103
2017	17	ald55_66	43	214
2017	17	ald55_66	44	113
2017	17	ald55_66	51	352
2017	17	ald55_66	52	577
2017	17	ald55_66	53	1686
2017	17	ald55_66	54	64
2017	17	ald55_66	61	143
2017	17	ald55_66	62	79
2017	17	ald55_66	71	321
2017	17	ald55_66	72	361
2017	17	ald55_66	73	27
2017	17	ald55_66	74	119
2017	17	ald55_66	75	29
2017	17	ald55_66	81	378
2017	17	ald55_66	82	31
2017	17	ald55_66	83	675
2017	17	ald55_66	91	398
2017	17	ald55_66	92	7
2017	17	ald55_66	93	117
2017	17	ald55_66	94	84
2017	17	ald55_66	96	54
2017	17	ald67_74	00	47
2017	17	ald67_74	11	53
2017	17	ald67_74	12	22
2017	17	ald67_74	13	38
2017	17	ald67_74	14	19
2017	17	ald67_74	21	24
2017	17	ald67_74	22	70
2017	17	ald67_74	23	60
2017	17	ald67_74	24	41
2017	17	ald67_74	26	18
2017	17	ald67_74	31	34
2017	17	ald67_74	32	9
2017	17	ald67_74	33	50
2017	17	ald67_74	34	10
2017	17	ald67_74	41	44
2017	17	ald67_74	42	16
2017	17	ald67_74	43	17
2017	17	ald67_74	44	14
2017	17	ald67_74	51	71
2017	17	ald67_74	52	80
2017	17	ald67_74	53	215
2017	17	ald67_74	54	6
2017	17	ald67_74	61	60
2017	17	ald67_74	62	10
2017	17	ald67_74	71	34
2017	17	ald67_74	72	24
2017	17	ald67_74	73	5
2017	17	ald67_74	74	6
2017	17	ald67_74	75	6
2017	17	ald67_74	81	19
2017	17	ald67_74	83	167
2017	17	ald67_74	91	57
2017	17	ald67_74	93	20
2017	17	ald67_74	94	14
2017	17	ald67_74	96	30
2017	18	ald15_24	00	97
2017	18	ald15_24	01	13
2017	18	ald15_24	02	72
2017	18	ald15_24	03	493
2017	18	ald15_24	11	6
2017	18	ald15_24	12	4
2017	18	ald15_24	13	10
2017	18	ald15_24	14	59
2017	18	ald15_24	21	20
2017	18	ald15_24	22	235
2017	18	ald15_24	23	278
2017	18	ald15_24	24	43
2017	18	ald15_24	25	25
2017	18	ald15_24	26	76
2017	18	ald15_24	31	138
2017	18	ald15_24	32	132
2017	18	ald15_24	33	179
2017	18	ald15_24	34	131
2017	18	ald15_24	35	66
2017	18	ald15_24	41	196
2017	18	ald15_24	42	251
2017	18	ald15_24	43	263
2017	18	ald15_24	44	33
2017	18	ald15_24	51	914
2017	18	ald15_24	52	3539
2017	18	ald15_24	53	2476
2017	18	ald15_24	54	169
2017	18	ald15_24	61	191
2017	18	ald15_24	62	234
2017	18	ald15_24	71	676
2017	18	ald15_24	72	756
2017	18	ald15_24	73	14
2017	18	ald15_24	74	664
2017	18	ald15_24	75	60
2017	18	ald15_24	81	583
2017	18	ald15_24	82	9
2017	18	ald15_24	83	500
2017	18	ald15_24	91	380
2017	18	ald15_24	92	20
2017	18	ald15_24	93	553
2017	18	ald15_24	94	322
2017	18	ald15_24	96	116
2017	18	ald25_54	00	451
2017	18	ald25_54	01	633
2017	18	ald25_54	02	25
2017	18	ald25_54	03	64
2017	18	ald25_54	11	1028
2017	18	ald25_54	12	1109
2017	18	ald25_54	13	2508
2017	18	ald25_54	14	1311
2017	18	ald25_54	21	1097
2017	18	ald25_54	22	5160
2017	18	ald25_54	23	5911
2017	18	ald25_54	24	3080
2017	18	ald25_54	25	539
2017	18	ald25_54	26	1534
2017	18	ald25_54	31	3007
2017	18	ald25_54	32	1315
2017	18	ald25_54	33	3356
2017	18	ald25_54	34	713
2017	18	ald25_54	35	377
2017	18	ald25_54	41	1570
2017	18	ald25_54	42	739
2017	18	ald25_54	43	1731
2017	18	ald25_54	44	213
2017	18	ald25_54	51	2059
2017	18	ald25_54	52	3982
2017	18	ald25_54	53	8419
2017	18	ald25_54	54	640
2017	18	ald25_54	61	304
2017	18	ald25_54	62	624
2017	18	ald25_54	71	2641
2017	18	ald25_54	72	2097
2017	18	ald25_54	73	85
2017	18	ald25_54	74	1160
2017	18	ald25_54	75	286
2017	18	ald25_54	81	2788
2017	18	ald25_54	82	78
2017	18	ald25_54	83	2923
2017	18	ald25_54	91	1987
2017	18	ald25_54	92	39
2017	18	ald25_54	93	1328
2017	18	ald25_54	94	377
2017	18	ald25_54	96	471
2017	18	ald55_66	00	170
2017	18	ald55_66	01	88
2017	18	ald55_66	03	13
2017	18	ald55_66	11	560
2017	18	ald55_66	12	536
2017	18	ald55_66	13	1195
2017	18	ald55_66	14	361
2017	18	ald55_66	21	388
2017	18	ald55_66	22	1242
2017	18	ald55_66	23	1883
2017	18	ald55_66	24	1243
2017	18	ald55_66	25	90
2017	18	ald55_66	26	450
2017	18	ald55_66	31	1147
2017	18	ald55_66	32	290
2017	18	ald55_66	33	1143
2017	18	ald55_66	34	215
2017	18	ald55_66	35	75
2017	18	ald55_66	41	714
2017	18	ald55_66	42	159
2017	18	ald55_66	43	521
2017	18	ald55_66	44	184
2017	18	ald55_66	51	614
2017	18	ald55_66	52	863
2017	18	ald55_66	53	3097
2017	18	ald55_66	54	146
2017	18	ald55_66	61	75
2017	18	ald55_66	62	104
2017	18	ald55_66	71	485
2017	18	ald55_66	72	527
2017	18	ald55_66	73	23
2017	18	ald55_66	74	283
2017	18	ald55_66	75	80
2017	18	ald55_66	81	683
2017	18	ald55_66	82	8
2017	18	ald55_66	83	1093
2017	18	ald55_66	91	613
2017	18	ald55_66	92	20
2017	18	ald55_66	93	292
2017	18	ald55_66	94	122
2017	18	ald55_66	96	146
2017	18	ald67_74	00	112
2017	18	ald67_74	03	9
2017	18	ald67_74	11	75
2017	18	ald67_74	12	37
2017	18	ald67_74	13	81
2017	18	ald67_74	14	41
2017	18	ald67_74	21	33
2017	18	ald67_74	22	92
2017	18	ald67_74	23	140
2017	18	ald67_74	24	66
2017	18	ald67_74	25	4
2017	18	ald67_74	26	42
2017	18	ald67_74	31	105
2017	18	ald67_74	32	21
2017	18	ald67_74	33	68
2017	18	ald67_74	34	16
2017	18	ald67_74	35	5
2017	18	ald67_74	41	64
2017	18	ald67_74	42	11
2017	18	ald67_74	43	54
2017	18	ald67_74	44	12
2017	18	ald67_74	51	108
2017	18	ald67_74	52	127
2017	18	ald67_74	53	545
2017	18	ald67_74	54	10
2017	18	ald67_74	61	27
2017	18	ald67_74	62	12
2017	18	ald67_74	71	45
2017	18	ald67_74	72	42
2017	18	ald67_74	73	5
2017	18	ald67_74	74	14
2017	18	ald67_74	75	15
2017	18	ald67_74	81	35
2017	18	ald67_74	83	246
2017	18	ald67_74	91	74
2017	18	ald67_74	93	36
2017	18	ald67_74	94	17
2017	18	ald67_74	96	29
2017	19	ald15_24	00	85
2017	19	ald15_24	01	79
2017	19	ald15_24	02	121
2017	19	ald15_24	03	483
2017	19	ald15_24	11	11
2017	19	ald15_24	12	8
2017	19	ald15_24	13	7
2017	19	ald15_24	14	48
2017	19	ald15_24	21	12
2017	19	ald15_24	22	224
2017	19	ald15_24	23	325
2017	19	ald15_24	24	50
2017	19	ald15_24	25	27
2017	19	ald15_24	26	38
2017	19	ald15_24	31	72
2017	19	ald15_24	32	125
2017	19	ald15_24	33	186
2017	19	ald15_24	34	123
2017	19	ald15_24	35	81
2017	19	ald15_24	41	161
2017	19	ald15_24	42	249
2017	19	ald15_24	43	245
2017	19	ald15_24	44	20
2017	19	ald15_24	51	856
2017	19	ald15_24	52	3318
2017	19	ald15_24	53	2260
2017	19	ald15_24	54	142
2017	19	ald15_24	61	103
2017	19	ald15_24	62	157
2017	19	ald15_24	71	435
2017	19	ald15_24	72	449
2017	19	ald15_24	73	8
2017	19	ald15_24	74	478
2017	19	ald15_24	75	52
2017	19	ald15_24	81	233
2017	19	ald15_24	83	344
2017	19	ald15_24	91	281
2017	19	ald15_24	92	32
2017	19	ald15_24	93	310
2017	19	ald15_24	94	324
2017	19	ald15_24	96	78
2017	19	ald25_54	00	308
2017	19	ald25_54	01	1000
2017	19	ald25_54	02	54
2017	19	ald25_54	03	117
2017	19	ald25_54	11	900
2017	19	ald25_54	12	803
2017	19	ald25_54	13	1737
2017	19	ald25_54	14	939
2017	19	ald25_54	21	1371
2017	19	ald25_54	22	4460
2017	19	ald25_54	23	5267
2017	19	ald25_54	24	2863
2017	19	ald25_54	25	504
2017	19	ald25_54	26	1303
2017	19	ald25_54	31	1941
2017	19	ald25_54	32	1227
2017	19	ald25_54	33	2484
2017	19	ald25_54	34	659
2017	19	ald25_54	35	348
2017	19	ald25_54	41	962
2017	19	ald25_54	42	549
2017	19	ald25_54	43	1006
2017	19	ald25_54	44	105
2017	19	ald25_54	51	1619
2017	19	ald25_54	52	2816
2017	19	ald25_54	53	5669
2017	19	ald25_54	54	374
2017	19	ald25_54	61	132
2017	19	ald25_54	62	374
2017	19	ald25_54	71	1801
2017	19	ald25_54	72	1194
2017	19	ald25_54	73	71
2017	19	ald25_54	74	721
2017	19	ald25_54	75	217
2017	19	ald25_54	81	1211
2017	19	ald25_54	82	18
2017	19	ald25_54	83	1862
2017	19	ald25_54	91	1346
2017	19	ald25_54	92	30
2017	19	ald25_54	93	691
2017	19	ald25_54	94	332
2017	19	ald25_54	95	4
2017	19	ald25_54	96	332
2017	19	ald55_66	00	116
2017	19	ald55_66	01	68
2017	19	ald55_66	11	430
2017	19	ald55_66	12	316
2017	19	ald55_66	13	803
2017	19	ald55_66	14	240
2017	19	ald55_66	21	326
2017	19	ald55_66	22	939
2017	19	ald55_66	23	1396
2017	19	ald55_66	24	988
2017	19	ald55_66	25	79
2017	19	ald55_66	26	290
2017	19	ald55_66	31	614
2017	19	ald55_66	32	307
2017	19	ald55_66	33	830
2017	19	ald55_66	34	146
2017	19	ald55_66	35	74
2017	19	ald55_66	41	431
2017	19	ald55_66	42	128
2017	19	ald55_66	43	296
2017	19	ald55_66	44	110
2017	19	ald55_66	51	420
2017	19	ald55_66	52	511
2017	19	ald55_66	53	1820
2017	19	ald55_66	54	55
2017	19	ald55_66	61	34
2017	19	ald55_66	62	59
2017	19	ald55_66	71	269
2017	19	ald55_66	72	257
2017	19	ald55_66	73	15
2017	19	ald55_66	74	158
2017	19	ald55_66	75	36
2017	19	ald55_66	81	224
2017	19	ald55_66	83	632
2017	19	ald55_66	91	395
2017	19	ald55_66	92	11
2017	19	ald55_66	93	110
2017	19	ald55_66	94	93
2017	19	ald55_66	96	98
2017	19	ald67_74	00	47
2017	19	ald67_74	11	65
2017	19	ald67_74	12	30
2017	19	ald67_74	13	71
2017	19	ald67_74	14	26
2017	19	ald67_74	21	26
2017	19	ald67_74	22	81
2017	19	ald67_74	23	126
2017	19	ald67_74	24	64
2017	19	ald67_74	26	43
2017	19	ald67_74	31	74
2017	19	ald67_74	32	22
2017	19	ald67_74	33	66
2017	19	ald67_74	34	20
2017	19	ald67_74	41	55
2017	19	ald67_74	42	14
2017	19	ald67_74	43	21
2017	19	ald67_74	44	7
2017	19	ald67_74	51	92
2017	19	ald67_74	52	79
2017	19	ald67_74	53	406
2017	19	ald67_74	54	7
2017	19	ald67_74	61	24
2017	19	ald67_74	71	31
2017	19	ald67_74	72	30
2017	19	ald67_74	74	7
2017	19	ald67_74	75	6
2017	19	ald67_74	81	46
2017	19	ald67_74	83	142
2017	19	ald67_74	91	63
2017	19	ald67_74	93	33
2017	19	ald67_74	94	27
2017	19	ald67_74	96	28
2017	20	ald15_24	00	20
2017	20	ald15_24	01	12
2017	20	ald15_24	02	40
2017	20	ald15_24	03	164
2017	20	ald15_24	11	7
2017	20	ald15_24	13	8
2017	20	ald15_24	14	30
2017	20	ald15_24	21	7
2017	20	ald15_24	22	64
2017	20	ald15_24	23	74
2017	20	ald15_24	24	12
2017	20	ald15_24	25	5
2017	20	ald15_24	26	15
2017	20	ald15_24	31	40
2017	20	ald15_24	32	45
2017	20	ald15_24	33	47
2017	20	ald15_24	34	27
2017	20	ald15_24	35	20
2017	20	ald15_24	41	68
2017	20	ald15_24	42	103
2017	20	ald15_24	43	64
2017	20	ald15_24	44	9
2017	20	ald15_24	51	295
2017	20	ald15_24	52	1114
2017	20	ald15_24	53	757
2017	20	ald15_24	54	68
2017	20	ald15_24	61	42
2017	20	ald15_24	62	119
2017	20	ald15_24	71	243
2017	20	ald15_24	72	222
2017	20	ald15_24	73	7
2017	20	ald15_24	74	238
2017	20	ald15_24	75	31
2017	20	ald15_24	81	217
2017	20	ald15_24	83	179
2017	20	ald15_24	91	180
2017	20	ald15_24	92	7
2017	20	ald15_24	93	222
2017	20	ald15_24	94	91
2017	20	ald15_24	96	72
2017	20	ald25_54	00	77
2017	20	ald25_54	01	110
2017	20	ald25_54	02	13
2017	20	ald25_54	03	30
2017	20	ald25_54	11	409
2017	20	ald25_54	12	360
2017	20	ald25_54	13	845
2017	20	ald25_54	14	471
2017	20	ald25_54	21	402
2017	20	ald25_54	22	1480
2017	20	ald25_54	23	2123
2017	20	ald25_54	24	1261
2017	20	ald25_54	25	99
2017	20	ald25_54	26	632
2017	20	ald25_54	31	867
2017	20	ald25_54	32	372
2017	20	ald25_54	33	972
2017	20	ald25_54	34	273
2017	20	ald25_54	35	117
2017	20	ald25_54	41	613
2017	20	ald25_54	42	278
2017	20	ald25_54	43	446
2017	20	ald25_54	44	68
2017	20	ald25_54	51	750
2017	20	ald25_54	52	1148
2017	20	ald25_54	53	2738
2017	20	ald25_54	54	305
2017	20	ald25_54	61	77
2017	20	ald25_54	62	348
2017	20	ald25_54	71	739
2017	20	ald25_54	72	502
2017	20	ald25_54	73	27
2017	20	ald25_54	74	356
2017	20	ald25_54	75	127
2017	20	ald25_54	81	972
2017	20	ald25_54	82	9
2017	20	ald25_54	83	872
2017	20	ald25_54	91	671
2017	20	ald25_54	92	15
2017	20	ald25_54	93	392
2017	20	ald25_54	94	102
2017	20	ald25_54	96	150
2017	20	ald55_66	00	38
2017	20	ald55_66	01	18
2017	20	ald55_66	03	6
2017	20	ald55_66	11	165
2017	20	ald55_66	12	149
2017	20	ald55_66	13	305
2017	20	ald55_66	14	111
2017	20	ald55_66	21	88
2017	20	ald55_66	22	367
2017	20	ald55_66	23	681
2017	20	ald55_66	24	424
2017	20	ald55_66	25	15
2017	20	ald55_66	26	154
2017	20	ald55_66	31	267
2017	20	ald55_66	32	106
2017	20	ald55_66	33	268
2017	20	ald55_66	34	55
2017	20	ald55_66	35	18
2017	20	ald55_66	41	207
2017	20	ald55_66	42	55
2017	20	ald55_66	43	151
2017	20	ald55_66	44	42
2017	20	ald55_66	51	198
2017	20	ald55_66	52	185
2017	20	ald55_66	53	813
2017	20	ald55_66	54	65
2017	20	ald55_66	61	14
2017	20	ald55_66	62	44
2017	20	ald55_66	71	123
2017	20	ald55_66	72	73
2017	20	ald55_66	73	18
2017	20	ald55_66	74	57
2017	20	ald55_66	75	15
2017	20	ald55_66	81	209
2017	20	ald55_66	83	274
2017	20	ald55_66	91	219
2017	20	ald55_66	93	57
2017	20	ald55_66	94	35
2017	20	ald55_66	96	37
2017	20	ald67_74	00	33
2017	20	ald67_74	11	20
2017	20	ald67_74	12	17
2017	20	ald67_74	13	28
2017	20	ald67_74	14	10
2017	20	ald67_74	21	10
2017	20	ald67_74	22	28
2017	20	ald67_74	23	46
2017	20	ald67_74	24	21
2017	20	ald67_74	26	18
2017	20	ald67_74	31	29
2017	20	ald67_74	32	6
2017	20	ald67_74	33	16
2017	20	ald67_74	41	26
2017	20	ald67_74	43	9
2017	20	ald67_74	51	37
2017	20	ald67_74	52	50
2017	20	ald67_74	53	187
2017	20	ald67_74	61	9
2017	20	ald67_74	62	7
2017	20	ald67_74	71	13
2017	20	ald67_74	72	8
2017	20	ald67_74	74	4
2017	20	ald67_74	81	22
2017	20	ald67_74	83	69
2017	20	ald67_74	91	41
2017	20	ald67_74	93	16
2017	20	ald67_74	94	13
2017	20	ald67_74	96	13
2017	21	ald15_24	42	6
2017	21	ald15_24	51	12
2017	21	ald15_24	52	11
2017	21	ald15_24	71	12
2017	21	ald15_24	72	4
2017	21	ald15_24	74	5
2017	21	ald15_24	81	4
2017	21	ald15_24	83	5
2017	21	ald25_54	11	24
2017	21	ald25_54	12	25
2017	21	ald25_54	13	37
2017	21	ald25_54	14	22
2017	21	ald25_54	21	42
2017	21	ald25_54	22	6
2017	21	ald25_54	23	68
2017	21	ald25_54	24	63
2017	21	ald25_54	25	7
2017	21	ald25_54	26	14
2017	21	ald25_54	31	61
2017	21	ald25_54	32	11
2017	21	ald25_54	33	48
2017	21	ald25_54	34	5
2017	21	ald25_54	35	7
2017	21	ald25_54	41	19
2017	21	ald25_54	42	25
2017	21	ald25_54	43	27
2017	21	ald25_54	51	77
2017	21	ald25_54	52	40
2017	21	ald25_54	53	25
2017	21	ald25_54	54	19
2017	21	ald25_54	71	40
2017	21	ald25_54	72	34
2017	21	ald25_54	74	18
2017	21	ald25_54	81	28
2017	21	ald25_54	83	16
2017	21	ald25_54	91	7
2017	21	ald25_54	96	4
2017	21	ald55_66	11	14
2017	21	ald55_66	12	8
2017	21	ald55_66	13	12
2017	21	ald55_66	14	9
2017	21	ald55_66	22	12
2017	21	ald55_66	23	6
2017	21	ald55_66	24	11
2017	21	ald55_66	26	4
2017	21	ald55_66	31	13
2017	21	ald55_66	33	4
2017	21	ald55_66	41	6
2017	21	ald55_66	42	4
2017	21	ald55_66	43	13
2017	21	ald55_66	51	4
2017	21	ald55_66	52	6
2017	21	ald55_66	53	8
2017	21	ald55_66	72	19
2017	21	ald55_66	81	10
2017	21	ald55_66	83	12
2017	22	ald25_54	21	4
2017	22	ald25_54	31	8
2017	23	ald15_24	31	33
2017	23	ald15_24	72	18
2017	23	ald15_24	74	24
2017	23	ald15_24	81	317
2017	23	ald25_54	13	543
2017	23	ald25_54	21	177
2017	23	ald25_54	22	43
2017	23	ald25_54	24	11
2017	23	ald25_54	25	7
2017	23	ald25_54	26	10
2017	23	ald25_54	31	1944
2017	23	ald25_54	32	25
2017	23	ald25_54	33	30
2017	23	ald25_54	34	11
2017	23	ald25_54	35	61
2017	23	ald25_54	41	7
2017	23	ald25_54	43	104
2017	23	ald25_54	51	634
2017	23	ald25_54	52	8
2017	23	ald25_54	71	42
2017	23	ald25_54	72	929
2017	23	ald25_54	73	39
2017	23	ald25_54	74	421
2017	23	ald25_54	81	4883
2017	23	ald25_54	82	5
2017	23	ald25_54	83	30
2017	23	ald25_54	91	787
2017	23	ald25_54	96	18
2017	23	ald55_66	11	4
2017	23	ald55_66	13	421
2017	23	ald55_66	21	94
2017	23	ald55_66	22	38
2017	23	ald55_66	24	5
2017	23	ald55_66	25	12
2017	23	ald55_66	26	11
2017	23	ald55_66	31	533
2017	23	ald55_66	32	10
2017	23	ald55_66	33	20
2017	23	ald55_66	35	14
2017	23	ald55_66	41	4
2017	23	ald55_66	43	59
2017	23	ald55_66	51	224
2017	23	ald55_66	71	24
2017	23	ald55_66	72	267
2017	23	ald55_66	73	7
2017	23	ald55_66	74	149
2017	23	ald55_66	81	1279
2017	23	ald55_66	83	15
2017	23	ald55_66	91	342
2017	23	ald55_66	96	13
2017	23	ald67_74	81	8
