STATISTIKKAAR	BOSTEDSFYLKE	ALDERSGRUPPE	YRKE_2	ANTALL
2018	01	ald15_24	00	177
2018	01	ald15_24	01	12
2018	01	ald15_24	02	25
2018	01	ald15_24	03	443
2018	01	ald15_24	11	21
2018	01	ald15_24	12	12
2018	01	ald15_24	13	6
2018	01	ald15_24	14	35
2018	01	ald15_24	21	30
2018	01	ald15_24	22	298
2018	01	ald15_24	23	353
2018	01	ald15_24	24	80
2018	01	ald15_24	25	42
2018	01	ald15_24	26	81
2018	01	ald15_24	31	104
2018	01	ald15_24	32	113
2018	01	ald15_24	33	383
2018	01	ald15_24	34	370
2018	01	ald15_24	35	108
2018	01	ald15_24	41	312
2018	01	ald15_24	42	255
2018	01	ald15_24	43	424
2018	01	ald15_24	44	28
2018	01	ald15_24	51	953
2018	01	ald15_24	52	3931
2018	01	ald15_24	53	2602
2018	01	ald15_24	54	192
2018	01	ald15_24	61	179
2018	01	ald15_24	62	8
2018	01	ald15_24	71	811
2018	01	ald15_24	72	633
2018	01	ald15_24	73	25
2018	01	ald15_24	74	602
2018	01	ald15_24	75	55
2018	01	ald15_24	81	536
2018	01	ald15_24	82	26
2018	01	ald15_24	83	259
2018	01	ald15_24	91	407
2018	01	ald15_24	92	70
2018	01	ald15_24	93	582
2018	01	ald15_24	94	409
2018	01	ald15_24	96	225
2018	01	ald25_54	00	329
2018	01	ald25_54	01	371
2018	01	ald25_54	02	12
2018	01	ald25_54	03	42
2018	01	ald25_54	11	1289
2018	01	ald25_54	12	1581
2018	01	ald25_54	13	2697
2018	01	ald25_54	14	1483
2018	01	ald25_54	21	1862
2018	01	ald25_54	22	5312
2018	01	ald25_54	23	6597
2018	01	ald25_54	24	3431
2018	01	ald25_54	25	1406
2018	01	ald25_54	26	1598
2018	01	ald25_54	31	3579
2018	01	ald25_54	32	1452
2018	01	ald25_54	33	5861
2018	01	ald25_54	34	1160
2018	01	ald25_54	35	702
2018	01	ald25_54	41	2238
2018	01	ald25_54	42	860
2018	01	ald25_54	43	3303
2018	01	ald25_54	44	159
2018	01	ald25_54	51	2431
2018	01	ald25_54	52	5263
2018	01	ald25_54	53	9396
2018	01	ald25_54	54	996
2018	01	ald25_54	61	384
2018	01	ald25_54	62	22
2018	01	ald25_54	71	4104
2018	01	ald25_54	72	2377
2018	01	ald25_54	73	216
2018	01	ald25_54	74	1355
2018	01	ald25_54	75	323
2018	01	ald25_54	81	3525
2018	01	ald25_54	82	499
2018	01	ald25_54	83	2861
2018	01	ald25_54	91	2059
2018	01	ald25_54	92	82
2018	01	ald25_54	93	1154
2018	01	ald25_54	94	465
2018	01	ald25_54	95	7
2018	01	ald25_54	96	442
2018	01	ald55_66	00	158
2018	01	ald55_66	01	64
2018	01	ald55_66	03	5
2018	01	ald55_66	11	655
2018	01	ald55_66	12	717
2018	01	ald55_66	13	1163
2018	01	ald55_66	14	362
2018	01	ald55_66	21	461
2018	01	ald55_66	22	1213
2018	01	ald55_66	23	1609
2018	01	ald55_66	24	1299
2018	01	ald55_66	25	291
2018	01	ald55_66	26	426
2018	01	ald55_66	31	1172
2018	01	ald55_66	32	374
2018	01	ald55_66	33	1842
2018	01	ald55_66	34	229
2018	01	ald55_66	35	145
2018	01	ald55_66	41	920
2018	01	ald55_66	42	226
2018	01	ald55_66	43	940
2018	01	ald55_66	44	119
2018	01	ald55_66	51	612
2018	01	ald55_66	52	1080
2018	01	ald55_66	53	2902
2018	01	ald55_66	54	145
2018	01	ald55_66	61	103
2018	01	ald55_66	62	8
2018	01	ald55_66	71	662
2018	01	ald55_66	72	644
2018	01	ald55_66	73	67
2018	01	ald55_66	74	315
2018	01	ald55_66	75	77
2018	01	ald55_66	81	1040
2018	01	ald55_66	82	111
2018	01	ald55_66	83	1131
2018	01	ald55_66	91	642
2018	01	ald55_66	92	27
2018	01	ald55_66	93	231
2018	01	ald55_66	94	128
2018	01	ald55_66	96	109
2018	01	ald67_74	00	109
2018	01	ald67_74	11	119
2018	01	ald67_74	12	56
2018	01	ald67_74	13	93
2018	01	ald67_74	14	33
2018	01	ald67_74	21	52
2018	01	ald67_74	22	101
2018	01	ald67_74	23	133
2018	01	ald67_74	24	121
2018	01	ald67_74	25	5
2018	01	ald67_74	26	58
2018	01	ald67_74	31	91
2018	01	ald67_74	32	24
2018	01	ald67_74	33	138
2018	01	ald67_74	34	30
2018	01	ald67_74	35	13
2018	01	ald67_74	41	136
2018	01	ald67_74	42	38
2018	01	ald67_74	43	115
2018	01	ald67_74	44	8
2018	01	ald67_74	51	147
2018	01	ald67_74	52	179
2018	01	ald67_74	53	397
2018	01	ald67_74	54	8
2018	01	ald67_74	61	32
2018	01	ald67_74	71	48
2018	01	ald67_74	72	67
2018	01	ald67_74	73	9
2018	01	ald67_74	74	9
2018	01	ald67_74	75	6
2018	01	ald67_74	81	49
2018	01	ald67_74	83	206
2018	01	ald67_74	91	63
2018	01	ald67_74	92	7
2018	01	ald67_74	93	51
2018	01	ald67_74	94	30
2018	01	ald67_74	96	34
2018	02	ald15_24	00	336
2018	02	ald15_24	01	18
2018	02	ald15_24	02	106
2018	02	ald15_24	03	1344
2018	02	ald15_24	11	39
2018	02	ald15_24	12	29
2018	02	ald15_24	13	26
2018	02	ald15_24	14	118
2018	02	ald15_24	21	80
2018	02	ald15_24	22	445
2018	02	ald15_24	23	992
2018	02	ald15_24	24	290
2018	02	ald15_24	25	206
2018	02	ald15_24	26	145
2018	02	ald15_24	31	210
2018	02	ald15_24	32	142
2018	02	ald15_24	33	1048
2018	02	ald15_24	34	1022
2018	02	ald15_24	35	334
2018	02	ald15_24	41	932
2018	02	ald15_24	42	698
2018	02	ald15_24	43	1095
2018	02	ald15_24	44	47
2018	02	ald15_24	51	2258
2018	02	ald15_24	52	9884
2018	02	ald15_24	53	4612
2018	02	ald15_24	54	552
2018	02	ald15_24	61	221
2018	02	ald15_24	62	11
2018	02	ald15_24	71	1243
2018	02	ald15_24	72	902
2018	02	ald15_24	73	41
2018	02	ald15_24	74	1340
2018	02	ald15_24	75	111
2018	02	ald15_24	81	332
2018	02	ald15_24	82	22
2018	02	ald15_24	83	424
2018	02	ald15_24	91	804
2018	02	ald15_24	92	102
2018	02	ald15_24	93	873
2018	02	ald15_24	94	726
2018	02	ald15_24	96	243
2018	02	ald25_54	00	1095
2018	02	ald25_54	01	996
2018	02	ald25_54	02	56
2018	02	ald25_54	03	116
2018	02	ald25_54	11	4365
2018	02	ald25_54	12	7820
2018	02	ald25_54	13	8293
2018	02	ald25_54	14	3505
2018	02	ald25_54	21	7848
2018	02	ald25_54	22	10423
2018	02	ald25_54	23	13171
2018	02	ald25_54	24	16739
2018	02	ald25_54	25	6828
2018	02	ald25_54	26	4908
2018	02	ald25_54	31	8697
2018	02	ald25_54	32	3013
2018	02	ald25_54	33	19799
2018	02	ald25_54	34	2463
2018	02	ald25_54	35	2830
2018	02	ald25_54	41	5715
2018	02	ald25_54	42	2692
2018	02	ald25_54	43	8592
2018	02	ald25_54	44	365
2018	02	ald25_54	51	5840
2018	02	ald25_54	52	9785
2018	02	ald25_54	53	16086
2018	02	ald25_54	54	1966
2018	02	ald25_54	61	504
2018	02	ald25_54	62	40
2018	02	ald25_54	71	7441
2018	02	ald25_54	72	3249
2018	02	ald25_54	73	391
2018	02	ald25_54	74	2832
2018	02	ald25_54	75	610
2018	02	ald25_54	81	1869
2018	02	ald25_54	82	177
2018	02	ald25_54	83	5253
2018	02	ald25_54	91	4230
2018	02	ald25_54	92	116
2018	02	ald25_54	93	1987
2018	02	ald25_54	94	1270
2018	02	ald25_54	95	21
2018	02	ald25_54	96	840
2018	02	ald55_66	00	256
2018	02	ald55_66	01	132
2018	02	ald55_66	03	11
2018	02	ald55_66	11	2111
2018	02	ald55_66	12	2815
2018	02	ald55_66	13	3392
2018	02	ald55_66	14	781
2018	02	ald55_66	21	2403
2018	02	ald55_66	22	2740
2018	02	ald55_66	23	3600
2018	02	ald55_66	24	5128
2018	02	ald55_66	25	1511
2018	02	ald55_66	26	1170
2018	02	ald55_66	31	2599
2018	02	ald55_66	32	908
2018	02	ald55_66	33	5212
2018	02	ald55_66	34	504
2018	02	ald55_66	35	539
2018	02	ald55_66	41	2039
2018	02	ald55_66	42	571
2018	02	ald55_66	43	2286
2018	02	ald55_66	44	168
2018	02	ald55_66	51	1392
2018	02	ald55_66	52	1657
2018	02	ald55_66	53	4696
2018	02	ald55_66	54	306
2018	02	ald55_66	61	120
2018	02	ald55_66	62	14
2018	02	ald55_66	71	1052
2018	02	ald55_66	72	675
2018	02	ald55_66	73	144
2018	02	ald55_66	74	610
2018	02	ald55_66	75	113
2018	02	ald55_66	81	521
2018	02	ald55_66	82	51
2018	02	ald55_66	83	1774
2018	02	ald55_66	91	821
2018	02	ald55_66	92	16
2018	02	ald55_66	93	284
2018	02	ald55_66	94	237
2018	02	ald55_66	95	5
2018	02	ald55_66	96	147
2018	02	ald67_74	00	162
2018	02	ald67_74	03	4
2018	02	ald67_74	11	284
2018	02	ald67_74	12	196
2018	02	ald67_74	13	217
2018	02	ald67_74	14	73
2018	02	ald67_74	21	255
2018	02	ald67_74	22	246
2018	02	ald67_74	23	340
2018	02	ald67_74	24	361
2018	02	ald67_74	25	47
2018	02	ald67_74	26	129
2018	02	ald67_74	31	203
2018	02	ald67_74	32	67
2018	02	ald67_74	33	349
2018	02	ald67_74	34	52
2018	02	ald67_74	35	34
2018	02	ald67_74	41	270
2018	02	ald67_74	42	58
2018	02	ald67_74	43	200
2018	02	ald67_74	44	9
2018	02	ald67_74	51	221
2018	02	ald67_74	52	226
2018	02	ald67_74	53	598
2018	02	ald67_74	54	27
2018	02	ald67_74	61	29
2018	02	ald67_74	71	73
2018	02	ald67_74	72	61
2018	02	ald67_74	73	21
2018	02	ald67_74	74	39
2018	02	ald67_74	75	7
2018	02	ald67_74	81	32
2018	02	ald67_74	83	409
2018	02	ald67_74	91	58
2018	02	ald67_74	92	5
2018	02	ald67_74	93	39
2018	02	ald67_74	94	29
2018	02	ald67_74	95	6
2018	02	ald67_74	96	80
2018	03	ald15_24	00	450
2018	03	ald15_24	01	39
2018	03	ald15_24	02	91
2018	03	ald15_24	03	748
2018	03	ald15_24	11	96
2018	03	ald15_24	12	62
2018	03	ald15_24	13	35
2018	03	ald15_24	14	207
2018	03	ald15_24	21	225
2018	03	ald15_24	22	828
2018	03	ald15_24	23	1383
2018	03	ald15_24	24	744
2018	03	ald15_24	25	417
2018	03	ald15_24	26	506
2018	03	ald15_24	31	238
2018	03	ald15_24	32	309
2018	03	ald15_24	33	1903
2018	03	ald15_24	34	1140
2018	03	ald15_24	35	490
2018	03	ald15_24	41	1477
2018	03	ald15_24	42	1286
2018	03	ald15_24	43	1024
2018	03	ald15_24	44	61
2018	03	ald15_24	51	3220
2018	03	ald15_24	52	9626
2018	03	ald15_24	53	5467
2018	03	ald15_24	54	613
2018	03	ald15_24	61	41
2018	03	ald15_24	71	736
2018	03	ald15_24	72	327
2018	03	ald15_24	73	54
2018	03	ald15_24	74	906
2018	03	ald15_24	75	82
2018	03	ald15_24	81	223
2018	03	ald15_24	82	4
2018	03	ald15_24	83	343
2018	03	ald15_24	91	622
2018	03	ald15_24	92	45
2018	03	ald15_24	93	455
2018	03	ald15_24	94	843
2018	03	ald15_24	96	352
2018	03	ald25_54	00	1355
2018	03	ald25_54	01	895
2018	03	ald25_54	02	58
2018	03	ald25_54	03	192
2018	03	ald25_54	11	4975
2018	03	ald25_54	12	8565
2018	03	ald25_54	13	7266
2018	03	ald25_54	14	4051
2018	03	ald25_54	21	12784
2018	03	ald25_54	22	14845
2018	03	ald25_54	23	17575
2018	03	ald25_54	24	29716
2018	03	ald25_54	25	11939
2018	03	ald25_54	26	12739
2018	03	ald25_54	31	8059
2018	03	ald25_54	32	3194
2018	03	ald25_54	33	23635
2018	03	ald25_54	34	4128
2018	03	ald25_54	35	4605
2018	03	ald25_54	41	6748
2018	03	ald25_54	42	3661
2018	03	ald25_54	43	7075
2018	03	ald25_54	44	516
2018	03	ald25_54	51	10161
2018	03	ald25_54	52	11593
2018	03	ald25_54	53	16127
2018	03	ald25_54	54	2132
2018	03	ald25_54	61	185
2018	03	ald25_54	62	23
2018	03	ald25_54	71	6544
2018	03	ald25_54	72	1365
2018	03	ald25_54	73	354
2018	03	ald25_54	74	1988
2018	03	ald25_54	75	669
2018	03	ald25_54	81	1443
2018	03	ald25_54	82	88
2018	03	ald25_54	83	4623
2018	03	ald25_54	91	5912
2018	03	ald25_54	92	50
2018	03	ald25_54	93	1622
2018	03	ald25_54	94	2603
2018	03	ald25_54	95	25
2018	03	ald25_54	96	745
2018	03	ald55_66	00	169
2018	03	ald55_66	01	50
2018	03	ald55_66	03	7
2018	03	ald55_66	11	1960
2018	03	ald55_66	12	2492
2018	03	ald55_66	13	2501
2018	03	ald55_66	14	594
2018	03	ald55_66	21	1882
2018	03	ald55_66	22	2715
2018	03	ald55_66	23	3198
2018	03	ald55_66	24	5694
2018	03	ald55_66	25	1250
2018	03	ald55_66	26	1825
2018	03	ald55_66	31	1428
2018	03	ald55_66	32	669
2018	03	ald55_66	33	3997
2018	03	ald55_66	34	584
2018	03	ald55_66	35	514
2018	03	ald55_66	41	1496
2018	03	ald55_66	42	581
2018	03	ald55_66	43	1460
2018	03	ald55_66	44	170
2018	03	ald55_66	51	1343
2018	03	ald55_66	52	944
2018	03	ald55_66	53	2942
2018	03	ald55_66	54	180
2018	03	ald55_66	61	46
2018	03	ald55_66	62	5
2018	03	ald55_66	71	848
2018	03	ald55_66	72	281
2018	03	ald55_66	73	123
2018	03	ald55_66	74	300
2018	03	ald55_66	75	94
2018	03	ald55_66	81	329
2018	03	ald55_66	82	17
2018	03	ald55_66	83	976
2018	03	ald55_66	91	1030
2018	03	ald55_66	92	4
2018	03	ald55_66	93	171
2018	03	ald55_66	94	357
2018	03	ald55_66	96	158
2018	03	ald67_74	00	234
2018	03	ald67_74	11	284
2018	03	ald67_74	12	220
2018	03	ald67_74	13	186
2018	03	ald67_74	14	89
2018	03	ald67_74	21	243
2018	03	ald67_74	22	293
2018	03	ald67_74	23	430
2018	03	ald67_74	24	470
2018	03	ald67_74	25	51
2018	03	ald67_74	26	247
2018	03	ald67_74	31	142
2018	03	ald67_74	32	60
2018	03	ald67_74	33	317
2018	03	ald67_74	34	54
2018	03	ald67_74	35	34
2018	03	ald67_74	41	217
2018	03	ald67_74	42	63
2018	03	ald67_74	43	128
2018	03	ald67_74	44	9
2018	03	ald67_74	51	162
2018	03	ald67_74	52	124
2018	03	ald67_74	53	255
2018	03	ald67_74	54	17
2018	03	ald67_74	71	44
2018	03	ald67_74	72	21
2018	03	ald67_74	73	13
2018	03	ald67_74	74	19
2018	03	ald67_74	75	13
2018	03	ald67_74	81	23
2018	03	ald67_74	83	153
2018	03	ald67_74	91	68
2018	03	ald67_74	93	27
2018	03	ald67_74	94	26
2018	03	ald67_74	96	58
2018	04	ald15_24	00	114
2018	04	ald15_24	01	13
2018	04	ald15_24	02	56
2018	04	ald15_24	03	446
2018	04	ald15_24	11	9
2018	04	ald15_24	12	4
2018	04	ald15_24	13	6
2018	04	ald15_24	14	30
2018	04	ald15_24	21	16
2018	04	ald15_24	22	246
2018	04	ald15_24	23	245
2018	04	ald15_24	24	36
2018	04	ald15_24	25	36
2018	04	ald15_24	26	60
2018	04	ald15_24	31	81
2018	04	ald15_24	32	87
2018	04	ald15_24	33	218
2018	04	ald15_24	34	194
2018	04	ald15_24	35	64
2018	04	ald15_24	41	159
2018	04	ald15_24	42	209
2018	04	ald15_24	43	213
2018	04	ald15_24	44	13
2018	04	ald15_24	51	563
2018	04	ald15_24	52	2650
2018	04	ald15_24	53	2090
2018	04	ald15_24	54	131
2018	04	ald15_24	61	218
2018	04	ald15_24	62	24
2018	04	ald15_24	71	620
2018	04	ald15_24	72	476
2018	04	ald15_24	73	11
2018	04	ald15_24	74	421
2018	04	ald15_24	75	43
2018	04	ald15_24	81	369
2018	04	ald15_24	82	14
2018	04	ald15_24	83	335
2018	04	ald15_24	91	300
2018	04	ald15_24	92	54
2018	04	ald15_24	93	317
2018	04	ald15_24	94	245
2018	04	ald15_24	96	130
2018	04	ald25_54	00	259
2018	04	ald25_54	01	745
2018	04	ald25_54	02	41
2018	04	ald25_54	03	97
2018	04	ald25_54	11	782
2018	04	ald25_54	12	1019
2018	04	ald25_54	13	1725
2018	04	ald25_54	14	1106
2018	04	ald25_54	21	1063
2018	04	ald25_54	22	4026
2018	04	ald25_54	23	4375
2018	04	ald25_54	24	2595
2018	04	ald25_54	25	698
2018	04	ald25_54	26	945
2018	04	ald25_54	31	1930
2018	04	ald25_54	32	1042
2018	04	ald25_54	33	3097
2018	04	ald25_54	34	762
2018	04	ald25_54	35	339
2018	04	ald25_54	41	1074
2018	04	ald25_54	42	621
2018	04	ald25_54	43	1257
2018	04	ald25_54	44	105
2018	04	ald25_54	51	1666
2018	04	ald25_54	52	3443
2018	04	ald25_54	53	6505
2018	04	ald25_54	54	472
2018	04	ald25_54	61	423
2018	04	ald25_54	62	52
2018	04	ald25_54	71	2564
2018	04	ald25_54	72	1598
2018	04	ald25_54	73	82
2018	04	ald25_54	74	924
2018	04	ald25_54	75	219
2018	04	ald25_54	81	2077
2018	04	ald25_54	82	72
2018	04	ald25_54	83	2569
2018	04	ald25_54	91	1497
2018	04	ald25_54	92	76
2018	04	ald25_54	93	673
2018	04	ald25_54	94	372
2018	04	ald25_54	95	6
2018	04	ald25_54	96	398
2018	04	ald55_66	00	125
2018	04	ald55_66	01	44
2018	04	ald55_66	11	389
2018	04	ald55_66	12	456
2018	04	ald55_66	13	927
2018	04	ald55_66	14	251
2018	04	ald55_66	21	362
2018	04	ald55_66	22	1015
2018	04	ald55_66	23	1217
2018	04	ald55_66	24	1090
2018	04	ald55_66	25	190
2018	04	ald55_66	26	248
2018	04	ald55_66	31	704
2018	04	ald55_66	32	316
2018	04	ald55_66	33	1242
2018	04	ald55_66	34	189
2018	04	ald55_66	35	86
2018	04	ald55_66	41	522
2018	04	ald55_66	42	169
2018	04	ald55_66	43	487
2018	04	ald55_66	44	125
2018	04	ald55_66	51	553
2018	04	ald55_66	52	864
2018	04	ald55_66	53	2499
2018	04	ald55_66	54	105
2018	04	ald55_66	61	114
2018	04	ald55_66	62	30
2018	04	ald55_66	71	521
2018	04	ald55_66	72	397
2018	04	ald55_66	73	35
2018	04	ald55_66	74	264
2018	04	ald55_66	75	54
2018	04	ald55_66	81	755
2018	04	ald55_66	82	9
2018	04	ald55_66	83	1010
2018	04	ald55_66	91	617
2018	04	ald55_66	92	21
2018	04	ald55_66	93	160
2018	04	ald55_66	94	140
2018	04	ald55_66	96	154
2018	04	ald67_74	00	72
2018	04	ald67_74	11	70
2018	04	ald67_74	12	33
2018	04	ald67_74	13	70
2018	04	ald67_74	14	27
2018	04	ald67_74	21	55
2018	04	ald67_74	22	108
2018	04	ald67_74	23	104
2018	04	ald67_74	24	91
2018	04	ald67_74	25	4
2018	04	ald67_74	26	32
2018	04	ald67_74	31	67
2018	04	ald67_74	32	25
2018	04	ald67_74	33	89
2018	04	ald67_74	34	18
2018	04	ald67_74	41	73
2018	04	ald67_74	42	20
2018	04	ald67_74	43	55
2018	04	ald67_74	44	8
2018	04	ald67_74	51	128
2018	04	ald67_74	52	115
2018	04	ald67_74	53	357
2018	04	ald67_74	54	12
2018	04	ald67_74	61	44
2018	04	ald67_74	62	4
2018	04	ald67_74	71	51
2018	04	ald67_74	72	37
2018	04	ald67_74	73	11
2018	04	ald67_74	74	12
2018	04	ald67_74	75	7
2018	04	ald67_74	81	52
2018	04	ald67_74	83	230
2018	04	ald67_74	91	96
2018	04	ald67_74	92	10
2018	04	ald67_74	93	28
2018	04	ald67_74	94	24
2018	04	ald67_74	96	36
2018	05	ald15_24	00	102
2018	05	ald15_24	01	11
2018	05	ald15_24	02	20
2018	05	ald15_24	03	393
2018	05	ald15_24	11	13
2018	05	ald15_24	12	4
2018	05	ald15_24	13	12
2018	05	ald15_24	14	56
2018	05	ald15_24	21	18
2018	05	ald15_24	22	220
2018	05	ald15_24	23	278
2018	05	ald15_24	24	44
2018	05	ald15_24	25	38
2018	05	ald15_24	26	46
2018	05	ald15_24	31	61
2018	05	ald15_24	32	98
2018	05	ald15_24	33	255
2018	05	ald15_24	34	121
2018	05	ald15_24	35	85
2018	05	ald15_24	41	167
2018	05	ald15_24	42	383
2018	05	ald15_24	43	193
2018	05	ald15_24	44	20
2018	05	ald15_24	51	745
2018	05	ald15_24	52	2767
2018	05	ald15_24	53	2012
2018	05	ald15_24	54	73
2018	05	ald15_24	61	301
2018	05	ald15_24	62	24
2018	05	ald15_24	71	640
2018	05	ald15_24	72	519
2018	05	ald15_24	73	21
2018	05	ald15_24	74	545
2018	05	ald15_24	75	75
2018	05	ald15_24	81	391
2018	05	ald15_24	82	24
2018	05	ald15_24	83	382
2018	05	ald15_24	91	206
2018	05	ald15_24	92	49
2018	05	ald15_24	93	424
2018	05	ald15_24	94	325
2018	05	ald15_24	96	108
2018	05	ald25_54	00	286
2018	05	ald25_54	01	238
2018	05	ald25_54	02	18
2018	05	ald25_54	03	47
2018	05	ald25_54	11	814
2018	05	ald25_54	12	870
2018	05	ald25_54	13	1773
2018	05	ald25_54	14	1094
2018	05	ald25_54	21	1115
2018	05	ald25_54	22	3842
2018	05	ald25_54	23	4407
2018	05	ald25_54	24	2217
2018	05	ald25_54	25	654
2018	05	ald25_54	26	899
2018	05	ald25_54	31	2141
2018	05	ald25_54	32	964
2018	05	ald25_54	33	3150
2018	05	ald25_54	34	661
2018	05	ald25_54	35	347
2018	05	ald25_54	41	1096
2018	05	ald25_54	42	740
2018	05	ald25_54	43	1242
2018	05	ald25_54	44	87
2018	05	ald25_54	51	1854
2018	05	ald25_54	52	3626
2018	05	ald25_54	53	6115
2018	05	ald25_54	54	280
2018	05	ald25_54	61	449
2018	05	ald25_54	62	34
2018	05	ald25_54	71	2613
2018	05	ald25_54	72	1466
2018	05	ald25_54	73	100
2018	05	ald25_54	74	923
2018	05	ald25_54	75	301
2018	05	ald25_54	81	2361
2018	05	ald25_54	82	135
2018	05	ald25_54	83	2575
2018	05	ald25_54	91	1485
2018	05	ald25_54	92	50
2018	05	ald25_54	93	793
2018	05	ald25_54	94	411
2018	05	ald25_54	96	317
2018	05	ald55_66	00	117
2018	05	ald55_66	01	32
2018	05	ald55_66	11	417
2018	05	ald55_66	12	437
2018	05	ald55_66	13	814
2018	05	ald55_66	14	286
2018	05	ald55_66	21	374
2018	05	ald55_66	22	1033
2018	05	ald55_66	23	1162
2018	05	ald55_66	24	889
2018	05	ald55_66	25	136
2018	05	ald55_66	26	266
2018	05	ald55_66	31	653
2018	05	ald55_66	32	290
2018	05	ald55_66	33	1165
2018	05	ald55_66	34	177
2018	05	ald55_66	35	86
2018	05	ald55_66	41	539
2018	05	ald55_66	42	163
2018	05	ald55_66	43	482
2018	05	ald55_66	44	123
2018	05	ald55_66	51	645
2018	05	ald55_66	52	903
2018	05	ald55_66	53	2442
2018	05	ald55_66	54	61
2018	05	ald55_66	61	146
2018	05	ald55_66	62	11
2018	05	ald55_66	71	546
2018	05	ald55_66	72	332
2018	05	ald55_66	73	54
2018	05	ald55_66	74	193
2018	05	ald55_66	75	78
2018	05	ald55_66	81	722
2018	05	ald55_66	82	46
2018	05	ald55_66	83	942
2018	05	ald55_66	91	582
2018	05	ald55_66	92	13
2018	05	ald55_66	93	153
2018	05	ald55_66	94	122
2018	05	ald55_66	96	110
2018	05	ald67_74	00	69
2018	05	ald67_74	11	63
2018	05	ald67_74	12	32
2018	05	ald67_74	13	54
2018	05	ald67_74	14	23
2018	05	ald67_74	21	44
2018	05	ald67_74	22	104
2018	05	ald67_74	23	100
2018	05	ald67_74	24	59
2018	05	ald67_74	26	42
2018	05	ald67_74	31	45
2018	05	ald67_74	32	19
2018	05	ald67_74	33	104
2018	05	ald67_74	34	19
2018	05	ald67_74	35	4
2018	05	ald67_74	41	82
2018	05	ald67_74	42	25
2018	05	ald67_74	43	48
2018	05	ald67_74	44	10
2018	05	ald67_74	51	93
2018	05	ald67_74	52	124
2018	05	ald67_74	53	420
2018	05	ald67_74	54	8
2018	05	ald67_74	61	67
2018	05	ald67_74	62	5
2018	05	ald67_74	71	51
2018	05	ald67_74	72	43
2018	05	ald67_74	73	4
2018	05	ald67_74	74	18
2018	05	ald67_74	75	12
2018	05	ald67_74	81	46
2018	05	ald67_74	83	239
2018	05	ald67_74	91	87
2018	05	ald67_74	93	20
2018	05	ald67_74	94	17
2018	05	ald67_74	96	30
2018	06	ald15_24	00	129
2018	06	ald15_24	01	12
2018	06	ald15_24	02	22
2018	06	ald15_24	03	454
2018	06	ald15_24	11	21
2018	06	ald15_24	12	9
2018	06	ald15_24	13	16
2018	06	ald15_24	14	65
2018	06	ald15_24	21	33
2018	06	ald15_24	22	304
2018	06	ald15_24	23	381
2018	06	ald15_24	24	103
2018	06	ald15_24	25	63
2018	06	ald15_24	26	58
2018	06	ald15_24	31	146
2018	06	ald15_24	32	95
2018	06	ald15_24	33	377
2018	06	ald15_24	34	313
2018	06	ald15_24	35	150
2018	06	ald15_24	41	329
2018	06	ald15_24	42	331
2018	06	ald15_24	43	377
2018	06	ald15_24	44	22
2018	06	ald15_24	51	931
2018	06	ald15_24	52	4339
2018	06	ald15_24	53	2256
2018	06	ald15_24	54	191
2018	06	ald15_24	61	133
2018	06	ald15_24	62	11
2018	06	ald15_24	71	734
2018	06	ald15_24	72	565
2018	06	ald15_24	73	20
2018	06	ald15_24	74	782
2018	06	ald15_24	75	75
2018	06	ald15_24	81	259
2018	06	ald15_24	82	18
2018	06	ald15_24	83	321
2018	06	ald15_24	91	323
2018	06	ald15_24	92	41
2018	06	ald15_24	93	619
2018	06	ald15_24	94	396
2018	06	ald15_24	96	146
2018	06	ald25_54	00	486
2018	06	ald25_54	01	198
2018	06	ald25_54	02	10
2018	06	ald25_54	03	43
2018	06	ald25_54	11	1515
2018	06	ald25_54	12	1973
2018	06	ald25_54	13	3144
2018	06	ald25_54	14	1761
2018	06	ald25_54	21	2518
2018	06	ald25_54	22	4899
2018	06	ald25_54	23	6217
2018	06	ald25_54	24	4497
2018	06	ald25_54	25	1739
2018	06	ald25_54	26	1507
2018	06	ald25_54	31	5081
2018	06	ald25_54	32	1368
2018	06	ald25_54	33	6256
2018	06	ald25_54	34	1123
2018	06	ald25_54	35	907
2018	06	ald25_54	41	2326
2018	06	ald25_54	42	1123
2018	06	ald25_54	43	2653
2018	06	ald25_54	44	177
2018	06	ald25_54	51	2729
2018	06	ald25_54	52	5116
2018	06	ald25_54	53	9263
2018	06	ald25_54	54	666
2018	06	ald25_54	61	413
2018	06	ald25_54	62	34
2018	06	ald25_54	71	4038
2018	06	ald25_54	72	2231
2018	06	ald25_54	73	139
2018	06	ald25_54	74	1516
2018	06	ald25_54	75	354
2018	06	ald25_54	81	1985
2018	06	ald25_54	82	341
2018	06	ald25_54	83	3074
2018	06	ald25_54	91	2174
2018	06	ald25_54	92	117
2018	06	ald25_54	93	1432
2018	06	ald25_54	94	592
2018	06	ald25_54	96	380
2018	06	ald55_66	00	155
2018	06	ald55_66	01	44
2018	06	ald55_66	11	756
2018	06	ald55_66	12	828
2018	06	ald55_66	13	1350
2018	06	ald55_66	14	367
2018	06	ald55_66	21	760
2018	06	ald55_66	22	1280
2018	06	ald55_66	23	1516
2018	06	ald55_66	24	1469
2018	06	ald55_66	25	352
2018	06	ald55_66	26	367
2018	06	ald55_66	31	1546
2018	06	ald55_66	32	355
2018	06	ald55_66	33	1940
2018	06	ald55_66	34	246
2018	06	ald55_66	35	161
2018	06	ald55_66	41	897
2018	06	ald55_66	42	219
2018	06	ald55_66	43	876
2018	06	ald55_66	44	121
2018	06	ald55_66	51	705
2018	06	ald55_66	52	1017
2018	06	ald55_66	53	3202
2018	06	ald55_66	54	108
2018	06	ald55_66	61	88
2018	06	ald55_66	62	11
2018	06	ald55_66	71	658
2018	06	ald55_66	72	526
2018	06	ald55_66	73	47
2018	06	ald55_66	74	326
2018	06	ald55_66	75	59
2018	06	ald55_66	81	543
2018	06	ald55_66	82	113
2018	06	ald55_66	83	1042
2018	06	ald55_66	91	569
2018	06	ald55_66	92	29
2018	06	ald55_66	93	282
2018	06	ald55_66	94	169
2018	06	ald55_66	96	99
2018	06	ald67_74	00	51
2018	06	ald67_74	11	142
2018	06	ald67_74	12	65
2018	06	ald67_74	13	103
2018	06	ald67_74	14	49
2018	06	ald67_74	21	84
2018	06	ald67_74	22	107
2018	06	ald67_74	23	120
2018	06	ald67_74	24	125
2018	06	ald67_74	25	8
2018	06	ald67_74	26	47
2018	06	ald67_74	31	113
2018	06	ald67_74	32	33
2018	06	ald67_74	33	191
2018	06	ald67_74	34	33
2018	06	ald67_74	35	7
2018	06	ald67_74	41	112
2018	06	ald67_74	42	24
2018	06	ald67_74	43	86
2018	06	ald67_74	44	12
2018	06	ald67_74	51	122
2018	06	ald67_74	52	188
2018	06	ald67_74	53	456
2018	06	ald67_74	54	11
2018	06	ald67_74	61	28
2018	06	ald67_74	71	56
2018	06	ald67_74	72	44
2018	06	ald67_74	73	7
2018	06	ald67_74	74	25
2018	06	ald67_74	75	10
2018	06	ald67_74	81	41
2018	06	ald67_74	82	6
2018	06	ald67_74	83	226
2018	06	ald67_74	91	70
2018	06	ald67_74	93	52
2018	06	ald67_74	94	27
2018	06	ald67_74	96	45
2018	07	ald15_24	00	149
2018	07	ald15_24	01	4
2018	07	ald15_24	02	26
2018	07	ald15_24	03	450
2018	07	ald15_24	11	14
2018	07	ald15_24	12	6
2018	07	ald15_24	13	7
2018	07	ald15_24	14	50
2018	07	ald15_24	21	23
2018	07	ald15_24	22	184
2018	07	ald15_24	23	280
2018	07	ald15_24	24	86
2018	07	ald15_24	25	35
2018	07	ald15_24	26	75
2018	07	ald15_24	31	101
2018	07	ald15_24	32	75
2018	07	ald15_24	33	399
2018	07	ald15_24	34	246
2018	07	ald15_24	35	120
2018	07	ald15_24	41	221
2018	07	ald15_24	42	269
2018	07	ald15_24	43	342
2018	07	ald15_24	44	18
2018	07	ald15_24	51	781
2018	07	ald15_24	52	3883
2018	07	ald15_24	53	2113
2018	07	ald15_24	54	131
2018	07	ald15_24	61	182
2018	07	ald15_24	62	5
2018	07	ald15_24	71	627
2018	07	ald15_24	72	478
2018	07	ald15_24	73	21
2018	07	ald15_24	74	541
2018	07	ald15_24	75	71
2018	07	ald15_24	81	348
2018	07	ald15_24	82	41
2018	07	ald15_24	83	263
2018	07	ald15_24	91	366
2018	07	ald15_24	92	61
2018	07	ald15_24	93	495
2018	07	ald15_24	94	346
2018	07	ald15_24	96	163
2018	07	ald25_54	00	293
2018	07	ald25_54	01	205
2018	07	ald25_54	02	10
2018	07	ald25_54	03	52
2018	07	ald25_54	11	1247
2018	07	ald25_54	12	1636
2018	07	ald25_54	13	2401
2018	07	ald25_54	14	1370
2018	07	ald25_54	21	1782
2018	07	ald25_54	22	4582
2018	07	ald25_54	23	5639
2018	07	ald25_54	24	3499
2018	07	ald25_54	25	1353
2018	07	ald25_54	26	1353
2018	07	ald25_54	31	3874
2018	07	ald25_54	32	1282
2018	07	ald25_54	33	5286
2018	07	ald25_54	34	946
2018	07	ald25_54	35	682
2018	07	ald25_54	41	1736
2018	07	ald25_54	42	863
2018	07	ald25_54	43	2288
2018	07	ald25_54	44	128
2018	07	ald25_54	51	2291
2018	07	ald25_54	52	4211
2018	07	ald25_54	53	8035
2018	07	ald25_54	54	698
2018	07	ald25_54	61	370
2018	07	ald25_54	62	17
2018	07	ald25_54	71	3296
2018	07	ald25_54	72	1766
2018	07	ald25_54	73	133
2018	07	ald25_54	74	1133
2018	07	ald25_54	75	331
2018	07	ald25_54	81	2416
2018	07	ald25_54	82	376
2018	07	ald25_54	83	2211
2018	07	ald25_54	91	1831
2018	07	ald25_54	92	92
2018	07	ald25_54	93	1250
2018	07	ald25_54	94	365
2018	07	ald25_54	95	4
2018	07	ald25_54	96	417
2018	07	ald55_66	00	80
2018	07	ald55_66	01	31
2018	07	ald55_66	11	657
2018	07	ald55_66	12	778
2018	07	ald55_66	13	1180
2018	07	ald55_66	14	383
2018	07	ald55_66	21	533
2018	07	ald55_66	22	1241
2018	07	ald55_66	23	1529
2018	07	ald55_66	24	1303
2018	07	ald55_66	25	286
2018	07	ald55_66	26	404
2018	07	ald55_66	31	1272
2018	07	ald55_66	32	453
2018	07	ald55_66	33	1604
2018	07	ald55_66	34	210
2018	07	ald55_66	35	133
2018	07	ald55_66	41	725
2018	07	ald55_66	42	191
2018	07	ald55_66	43	751
2018	07	ald55_66	44	87
2018	07	ald55_66	51	570
2018	07	ald55_66	52	1018
2018	07	ald55_66	53	2933
2018	07	ald55_66	54	122
2018	07	ald55_66	61	110
2018	07	ald55_66	71	581
2018	07	ald55_66	72	477
2018	07	ald55_66	73	53
2018	07	ald55_66	74	303
2018	07	ald55_66	75	71
2018	07	ald55_66	81	637
2018	07	ald55_66	82	112
2018	07	ald55_66	83	828
2018	07	ald55_66	91	554
2018	07	ald55_66	92	28
2018	07	ald55_66	93	198
2018	07	ald55_66	94	115
2018	07	ald55_66	96	62
2018	07	ald67_74	00	51
2018	07	ald67_74	03	7
2018	07	ald67_74	11	95
2018	07	ald67_74	12	73
2018	07	ald67_74	13	74
2018	07	ald67_74	14	39
2018	07	ald67_74	21	52
2018	07	ald67_74	22	115
2018	07	ald67_74	23	109
2018	07	ald67_74	24	108
2018	07	ald67_74	25	11
2018	07	ald67_74	26	39
2018	07	ald67_74	31	105
2018	07	ald67_74	32	21
2018	07	ald67_74	33	124
2018	07	ald67_74	34	24
2018	07	ald67_74	35	10
2018	07	ald67_74	41	83
2018	07	ald67_74	42	20
2018	07	ald67_74	43	72
2018	07	ald67_74	44	14
2018	07	ald67_74	51	122
2018	07	ald67_74	52	126
2018	07	ald67_74	53	344
2018	07	ald67_74	54	17
2018	07	ald67_74	61	20
2018	07	ald67_74	62	4
2018	07	ald67_74	71	60
2018	07	ald67_74	72	51
2018	07	ald67_74	73	13
2018	07	ald67_74	74	15
2018	07	ald67_74	75	4
2018	07	ald67_74	81	42
2018	07	ald67_74	82	5
2018	07	ald67_74	83	189
2018	07	ald67_74	91	72
2018	07	ald67_74	92	7
2018	07	ald67_74	93	39
2018	07	ald67_74	94	9
2018	07	ald67_74	96	32
2018	08	ald15_24	00	68
2018	08	ald15_24	01	4
2018	08	ald15_24	02	15
2018	08	ald15_24	03	292
2018	08	ald15_24	11	9
2018	08	ald15_24	12	7
2018	08	ald15_24	13	5
2018	08	ald15_24	14	35
2018	08	ald15_24	21	20
2018	08	ald15_24	22	201
2018	08	ald15_24	23	287
2018	08	ald15_24	24	42
2018	08	ald15_24	25	30
2018	08	ald15_24	26	34
2018	08	ald15_24	31	92
2018	08	ald15_24	32	80
2018	08	ald15_24	33	153
2018	08	ald15_24	34	114
2018	08	ald15_24	35	51
2018	08	ald15_24	41	134
2018	08	ald15_24	42	126
2018	08	ald15_24	43	104
2018	08	ald15_24	44	19
2018	08	ald15_24	51	568
2018	08	ald15_24	52	2580
2018	08	ald15_24	53	1364
2018	08	ald15_24	54	90
2018	08	ald15_24	61	115
2018	08	ald15_24	62	8
2018	08	ald15_24	71	498
2018	08	ald15_24	72	483
2018	08	ald15_24	73	6
2018	08	ald15_24	74	441
2018	08	ald15_24	75	43
2018	08	ald15_24	81	418
2018	08	ald15_24	82	28
2018	08	ald15_24	83	270
2018	08	ald15_24	91	211
2018	08	ald15_24	92	20
2018	08	ald15_24	93	398
2018	08	ald15_24	94	207
2018	08	ald15_24	96	96
2018	08	ald25_54	00	191
2018	08	ald25_54	01	40
2018	08	ald25_54	03	14
2018	08	ald25_54	11	741
2018	08	ald25_54	12	729
2018	08	ald25_54	13	1603
2018	08	ald25_54	14	981
2018	08	ald25_54	21	1122
2018	08	ald25_54	22	3449
2018	08	ald25_54	23	4294
2018	08	ald25_54	24	1629
2018	08	ald25_54	25	508
2018	08	ald25_54	26	869
2018	08	ald25_54	31	2593
2018	08	ald25_54	32	734
2018	08	ald25_54	33	2785
2018	08	ald25_54	34	661
2018	08	ald25_54	35	343
2018	08	ald25_54	41	1003
2018	08	ald25_54	42	452
2018	08	ald25_54	43	902
2018	08	ald25_54	44	102
2018	08	ald25_54	51	1436
2018	08	ald25_54	52	3362
2018	08	ald25_54	53	5724
2018	08	ald25_54	54	435
2018	08	ald25_54	61	159
2018	08	ald25_54	62	44
2018	08	ald25_54	71	2386
2018	08	ald25_54	72	1605
2018	08	ald25_54	73	115
2018	08	ald25_54	74	1084
2018	08	ald25_54	75	183
2018	08	ald25_54	81	2259
2018	08	ald25_54	82	304
2018	08	ald25_54	83	2037
2018	08	ald25_54	91	1235
2018	08	ald25_54	92	57
2018	08	ald25_54	93	569
2018	08	ald25_54	94	293
2018	08	ald25_54	96	251
2018	08	ald55_66	00	94
2018	08	ald55_66	11	404
2018	08	ald55_66	12	344
2018	08	ald55_66	13	831
2018	08	ald55_66	14	232
2018	08	ald55_66	21	406
2018	08	ald55_66	22	853
2018	08	ald55_66	23	1050
2018	08	ald55_66	24	733
2018	08	ald55_66	25	99
2018	08	ald55_66	26	264
2018	08	ald55_66	31	933
2018	08	ald55_66	32	229
2018	08	ald55_66	33	1094
2018	08	ald55_66	34	144
2018	08	ald55_66	35	54
2018	08	ald55_66	41	524
2018	08	ald55_66	42	116
2018	08	ald55_66	43	396
2018	08	ald55_66	44	118
2018	08	ald55_66	51	358
2018	08	ald55_66	52	695
2018	08	ald55_66	53	2269
2018	08	ald55_66	54	91
2018	08	ald55_66	61	46
2018	08	ald55_66	62	7
2018	08	ald55_66	71	388
2018	08	ald55_66	72	423
2018	08	ald55_66	73	42
2018	08	ald55_66	74	264
2018	08	ald55_66	75	38
2018	08	ald55_66	81	669
2018	08	ald55_66	82	90
2018	08	ald55_66	83	736
2018	08	ald55_66	91	446
2018	08	ald55_66	92	11
2018	08	ald55_66	93	122
2018	08	ald55_66	94	83
2018	08	ald55_66	96	56
2018	08	ald67_74	00	35
2018	08	ald67_74	11	78
2018	08	ald67_74	12	39
2018	08	ald67_74	13	61
2018	08	ald67_74	14	32
2018	08	ald67_74	21	48
2018	08	ald67_74	22	74
2018	08	ald67_74	23	86
2018	08	ald67_74	24	48
2018	08	ald67_74	25	7
2018	08	ald67_74	26	31
2018	08	ald67_74	31	59
2018	08	ald67_74	32	24
2018	08	ald67_74	33	66
2018	08	ald67_74	34	20
2018	08	ald67_74	35	8
2018	08	ald67_74	41	54
2018	08	ald67_74	42	16
2018	08	ald67_74	43	51
2018	08	ald67_74	51	64
2018	08	ald67_74	52	72
2018	08	ald67_74	53	305
2018	08	ald67_74	54	5
2018	08	ald67_74	61	18
2018	08	ald67_74	71	36
2018	08	ald67_74	72	27
2018	08	ald67_74	73	8
2018	08	ald67_74	74	18
2018	08	ald67_74	75	4
2018	08	ald67_74	81	22
2018	08	ald67_74	82	10
2018	08	ald67_74	83	167
2018	08	ald67_74	91	38
2018	08	ald67_74	92	4
2018	08	ald67_74	93	29
2018	08	ald67_74	94	7
2018	08	ald67_74	96	23
2018	09	ald15_24	00	41
2018	09	ald15_24	02	10
2018	09	ald15_24	03	251
2018	09	ald15_24	11	9
2018	09	ald15_24	12	5
2018	09	ald15_24	13	4
2018	09	ald15_24	14	21
2018	09	ald15_24	21	11
2018	09	ald15_24	22	138
2018	09	ald15_24	23	177
2018	09	ald15_24	24	24
2018	09	ald15_24	25	19
2018	09	ald15_24	26	18
2018	09	ald15_24	31	37
2018	09	ald15_24	32	47
2018	09	ald15_24	33	96
2018	09	ald15_24	34	102
2018	09	ald15_24	35	60
2018	09	ald15_24	41	86
2018	09	ald15_24	42	87
2018	09	ald15_24	43	133
2018	09	ald15_24	44	8
2018	09	ald15_24	51	403
2018	09	ald15_24	52	1845
2018	09	ald15_24	53	1022
2018	09	ald15_24	54	53
2018	09	ald15_24	61	76
2018	09	ald15_24	62	4
2018	09	ald15_24	71	405
2018	09	ald15_24	72	301
2018	09	ald15_24	73	4
2018	09	ald15_24	74	250
2018	09	ald15_24	75	37
2018	09	ald15_24	81	198
2018	09	ald15_24	82	9
2018	09	ald15_24	83	172
2018	09	ald15_24	91	141
2018	09	ald15_24	92	36
2018	09	ald15_24	93	214
2018	09	ald15_24	94	234
2018	09	ald15_24	96	51
2018	09	ald25_54	00	138
2018	09	ald25_54	01	43
2018	09	ald25_54	02	5
2018	09	ald25_54	03	5
2018	09	ald25_54	11	560
2018	09	ald25_54	12	574
2018	09	ald25_54	13	1096
2018	09	ald25_54	14	598
2018	09	ald25_54	21	771
2018	09	ald25_54	22	2316
2018	09	ald25_54	23	2992
2018	09	ald25_54	24	1330
2018	09	ald25_54	25	568
2018	09	ald25_54	26	593
2018	09	ald25_54	31	1762
2018	09	ald25_54	32	492
2018	09	ald25_54	33	1793
2018	09	ald25_54	34	507
2018	09	ald25_54	35	285
2018	09	ald25_54	41	834
2018	09	ald25_54	42	267
2018	09	ald25_54	43	741
2018	09	ald25_54	44	76
2018	09	ald25_54	51	884
2018	09	ald25_54	52	2236
2018	09	ald25_54	53	3827
2018	09	ald25_54	54	239
2018	09	ald25_54	61	147
2018	09	ald25_54	62	24
2018	09	ald25_54	71	1758
2018	09	ald25_54	72	959
2018	09	ald25_54	73	71
2018	09	ald25_54	74	637
2018	09	ald25_54	75	173
2018	09	ald25_54	81	1214
2018	09	ald25_54	82	135
2018	09	ald25_54	83	1188
2018	09	ald25_54	91	794
2018	09	ald25_54	92	30
2018	09	ald25_54	93	480
2018	09	ald25_54	94	160
2018	09	ald25_54	96	199
2018	09	ald55_66	00	51
2018	09	ald55_66	01	7
2018	09	ald55_66	11	283
2018	09	ald55_66	12	289
2018	09	ald55_66	13	432
2018	09	ald55_66	14	181
2018	09	ald55_66	21	214
2018	09	ald55_66	22	628
2018	09	ald55_66	23	725
2018	09	ald55_66	24	473
2018	09	ald55_66	25	90
2018	09	ald55_66	26	170
2018	09	ald55_66	31	515
2018	09	ald55_66	32	152
2018	09	ald55_66	33	574
2018	09	ald55_66	34	104
2018	09	ald55_66	35	53
2018	09	ald55_66	41	408
2018	09	ald55_66	42	71
2018	09	ald55_66	43	219
2018	09	ald55_66	44	77
2018	09	ald55_66	51	239
2018	09	ald55_66	52	479
2018	09	ald55_66	53	1311
2018	09	ald55_66	54	40
2018	09	ald55_66	61	28
2018	09	ald55_66	62	4
2018	09	ald55_66	71	291
2018	09	ald55_66	72	171
2018	09	ald55_66	73	27
2018	09	ald55_66	74	181
2018	09	ald55_66	75	22
2018	09	ald55_66	81	283
2018	09	ald55_66	82	92
2018	09	ald55_66	83	460
2018	09	ald55_66	91	286
2018	09	ald55_66	92	18
2018	09	ald55_66	93	87
2018	09	ald55_66	94	41
2018	09	ald55_66	96	44
2018	09	ald67_74	00	31
2018	09	ald67_74	11	46
2018	09	ald67_74	12	18
2018	09	ald67_74	13	31
2018	09	ald67_74	14	15
2018	09	ald67_74	21	29
2018	09	ald67_74	22	47
2018	09	ald67_74	23	65
2018	09	ald67_74	24	40
2018	09	ald67_74	25	6
2018	09	ald67_74	26	31
2018	09	ald67_74	31	38
2018	09	ald67_74	32	15
2018	09	ald67_74	33	36
2018	09	ald67_74	34	10
2018	09	ald67_74	35	5
2018	09	ald67_74	41	45
2018	09	ald67_74	42	11
2018	09	ald67_74	43	13
2018	09	ald67_74	44	4
2018	09	ald67_74	51	37
2018	09	ald67_74	52	53
2018	09	ald67_74	53	155
2018	09	ald67_74	61	14
2018	09	ald67_74	62	4
2018	09	ald67_74	71	23
2018	09	ald67_74	72	21
2018	09	ald67_74	73	7
2018	09	ald67_74	74	9
2018	09	ald67_74	81	17
2018	09	ald67_74	82	4
2018	09	ald67_74	83	129
2018	09	ald67_74	91	33
2018	09	ald67_74	93	8
2018	09	ald67_74	94	15
2018	09	ald67_74	96	8
2018	10	ald15_24	00	88
2018	10	ald15_24	02	18
2018	10	ald15_24	03	364
2018	10	ald15_24	11	10
2018	10	ald15_24	12	9
2018	10	ald15_24	13	9
2018	10	ald15_24	14	34
2018	10	ald15_24	21	19
2018	10	ald15_24	22	208
2018	10	ald15_24	23	341
2018	10	ald15_24	24	48
2018	10	ald15_24	25	24
2018	10	ald15_24	26	48
2018	10	ald15_24	31	83
2018	10	ald15_24	32	81
2018	10	ald15_24	33	248
2018	10	ald15_24	34	232
2018	10	ald15_24	35	82
2018	10	ald15_24	41	201
2018	10	ald15_24	42	182
2018	10	ald15_24	43	315
2018	10	ald15_24	44	27
2018	10	ald15_24	51	878
2018	10	ald15_24	52	3436
2018	10	ald15_24	53	1814
2018	10	ald15_24	54	124
2018	10	ald15_24	61	140
2018	10	ald15_24	62	23
2018	10	ald15_24	71	779
2018	10	ald15_24	72	425
2018	10	ald15_24	73	19
2018	10	ald15_24	74	469
2018	10	ald15_24	75	61
2018	10	ald15_24	81	519
2018	10	ald15_24	82	12
2018	10	ald15_24	83	243
2018	10	ald15_24	91	345
2018	10	ald15_24	92	31
2018	10	ald15_24	93	400
2018	10	ald15_24	94	245
2018	10	ald15_24	96	79
2018	10	ald25_54	00	193
2018	10	ald25_54	01	130
2018	10	ald25_54	03	19
2018	10	ald25_54	11	847
2018	10	ald25_54	12	1058
2018	10	ald25_54	13	1817
2018	10	ald25_54	14	1083
2018	10	ald25_54	21	1265
2018	10	ald25_54	22	3589
2018	10	ald25_54	23	5074
2018	10	ald25_54	24	2040
2018	10	ald25_54	25	731
2018	10	ald25_54	26	1135
2018	10	ald25_54	31	2959
2018	10	ald25_54	32	863
2018	10	ald25_54	33	3479
2018	10	ald25_54	34	1018
2018	10	ald25_54	35	430
2018	10	ald25_54	41	1345
2018	10	ald25_54	42	594
2018	10	ald25_54	43	1439
2018	10	ald25_54	44	102
2018	10	ald25_54	51	1578
2018	10	ald25_54	52	3569
2018	10	ald25_54	53	6108
2018	10	ald25_54	54	367
2018	10	ald25_54	61	132
2018	10	ald25_54	62	76
2018	10	ald25_54	71	2570
2018	10	ald25_54	72	1657
2018	10	ald25_54	73	78
2018	10	ald25_54	74	993
2018	10	ald25_54	75	246
2018	10	ald25_54	81	2273
2018	10	ald25_54	82	53
2018	10	ald25_54	83	1837
2018	10	ald25_54	91	1352
2018	10	ald25_54	92	32
2018	10	ald25_54	93	746
2018	10	ald25_54	94	316
2018	10	ald25_54	96	193
2018	10	ald55_66	00	63
2018	10	ald55_66	01	33
2018	10	ald55_66	11	345
2018	10	ald55_66	12	467
2018	10	ald55_66	13	813
2018	10	ald55_66	14	246
2018	10	ald55_66	21	305
2018	10	ald55_66	22	821
2018	10	ald55_66	23	1106
2018	10	ald55_66	24	669
2018	10	ald55_66	25	94
2018	10	ald55_66	26	306
2018	10	ald55_66	31	869
2018	10	ald55_66	32	186
2018	10	ald55_66	33	1126
2018	10	ald55_66	34	228
2018	10	ald55_66	35	59
2018	10	ald55_66	41	561
2018	10	ald55_66	42	154
2018	10	ald55_66	43	390
2018	10	ald55_66	44	82
2018	10	ald55_66	51	395
2018	10	ald55_66	52	647
2018	10	ald55_66	53	2128
2018	10	ald55_66	54	77
2018	10	ald55_66	61	27
2018	10	ald55_66	62	16
2018	10	ald55_66	71	377
2018	10	ald55_66	72	405
2018	10	ald55_66	73	18
2018	10	ald55_66	74	226
2018	10	ald55_66	75	46
2018	10	ald55_66	81	645
2018	10	ald55_66	82	18
2018	10	ald55_66	83	589
2018	10	ald55_66	91	447
2018	10	ald55_66	92	8
2018	10	ald55_66	93	103
2018	10	ald55_66	94	99
2018	10	ald55_66	96	51
2018	10	ald67_74	00	36
2018	10	ald67_74	11	56
2018	10	ald67_74	12	31
2018	10	ald67_74	13	43
2018	10	ald67_74	14	29
2018	10	ald67_74	21	27
2018	10	ald67_74	22	91
2018	10	ald67_74	23	104
2018	10	ald67_74	24	75
2018	10	ald67_74	25	7
2018	10	ald67_74	26	35
2018	10	ald67_74	31	65
2018	10	ald67_74	32	14
2018	10	ald67_74	33	97
2018	10	ald67_74	34	24
2018	10	ald67_74	35	4
2018	10	ald67_74	41	54
2018	10	ald67_74	42	14
2018	10	ald67_74	43	62
2018	10	ald67_74	44	9
2018	10	ald67_74	51	88
2018	10	ald67_74	52	89
2018	10	ald67_74	53	267
2018	10	ald67_74	54	8
2018	10	ald67_74	61	12
2018	10	ald67_74	71	24
2018	10	ald67_74	72	32
2018	10	ald67_74	73	8
2018	10	ald67_74	74	17
2018	10	ald67_74	75	7
2018	10	ald67_74	81	28
2018	10	ald67_74	83	143
2018	10	ald67_74	91	40
2018	10	ald67_74	93	24
2018	10	ald67_74	94	12
2018	10	ald67_74	96	30
2018	11	ald15_24	00	175
2018	11	ald15_24	01	11
2018	11	ald15_24	02	33
2018	11	ald15_24	03	843
2018	11	ald15_24	11	25
2018	11	ald15_24	12	18
2018	11	ald15_24	13	17
2018	11	ald15_24	14	99
2018	11	ald15_24	21	69
2018	11	ald15_24	22	486
2018	11	ald15_24	23	769
2018	11	ald15_24	24	130
2018	11	ald15_24	25	101
2018	11	ald15_24	26	156
2018	11	ald15_24	31	370
2018	11	ald15_24	32	171
2018	11	ald15_24	33	575
2018	11	ald15_24	34	572
2018	11	ald15_24	35	156
2018	11	ald15_24	41	567
2018	11	ald15_24	42	567
2018	11	ald15_24	43	681
2018	11	ald15_24	44	55
2018	11	ald15_24	51	2062
2018	11	ald15_24	52	7029
2018	11	ald15_24	53	4726
2018	11	ald15_24	54	413
2018	11	ald15_24	61	1169
2018	11	ald15_24	62	120
2018	11	ald15_24	71	1430
2018	11	ald15_24	72	1622
2018	11	ald15_24	73	45
2018	11	ald15_24	74	1329
2018	11	ald15_24	75	137
2018	11	ald15_24	81	1144
2018	11	ald15_24	82	61
2018	11	ald15_24	83	654
2018	11	ald15_24	91	696
2018	11	ald15_24	92	65
2018	11	ald15_24	93	893
2018	11	ald15_24	94	479
2018	11	ald15_24	96	176
2018	11	ald25_54	00	465
2018	11	ald25_54	01	237
2018	11	ald25_54	02	15
2018	11	ald25_54	03	57
2018	11	ald25_54	11	2168
2018	11	ald25_54	12	2896
2018	11	ald25_54	13	5823
2018	11	ald25_54	14	2406
2018	11	ald25_54	21	7257
2018	11	ald25_54	22	8802
2018	11	ald25_54	23	12112
2018	11	ald25_54	24	6967
2018	11	ald25_54	25	3346
2018	11	ald25_54	26	2911
2018	11	ald25_54	31	11997
2018	11	ald25_54	32	2114
2018	11	ald25_54	33	9252
2018	11	ald25_54	34	2003
2018	11	ald25_54	35	1163
2018	11	ald25_54	41	3503
2018	11	ald25_54	42	1455
2018	11	ald25_54	43	4114
2018	11	ald25_54	44	306
2018	11	ald25_54	51	4553
2018	11	ald25_54	52	7822
2018	11	ald25_54	53	14414
2018	11	ald25_54	54	1174
2018	11	ald25_54	61	996
2018	11	ald25_54	62	289
2018	11	ald25_54	71	6784
2018	11	ald25_54	72	5524
2018	11	ald25_54	73	301
2018	11	ald25_54	74	2663
2018	11	ald25_54	75	739
2018	11	ald25_54	81	5795
2018	11	ald25_54	82	403
2018	11	ald25_54	83	4623
2018	11	ald25_54	91	3924
2018	11	ald25_54	92	112
2018	11	ald25_54	93	2172
2018	11	ald25_54	94	873
2018	11	ald25_54	95	15
2018	11	ald25_54	96	557
2018	11	ald55_66	00	135
2018	11	ald55_66	01	40
2018	11	ald55_66	03	7
2018	11	ald55_66	11	1051
2018	11	ald55_66	12	1149
2018	11	ald55_66	13	2377
2018	11	ald55_66	14	514
2018	11	ald55_66	21	2013
2018	11	ald55_66	22	1780
2018	11	ald55_66	23	2769
2018	11	ald55_66	24	2085
2018	11	ald55_66	25	480
2018	11	ald55_66	26	648
2018	11	ald55_66	31	2829
2018	11	ald55_66	32	531
2018	11	ald55_66	33	2598
2018	11	ald55_66	34	345
2018	11	ald55_66	35	167
2018	11	ald55_66	41	1240
2018	11	ald55_66	42	299
2018	11	ald55_66	43	1128
2018	11	ald55_66	44	164
2018	11	ald55_66	51	887
2018	11	ald55_66	52	1691
2018	11	ald55_66	53	4397
2018	11	ald55_66	54	190
2018	11	ald55_66	61	283
2018	11	ald55_66	62	35
2018	11	ald55_66	71	1102
2018	11	ald55_66	72	966
2018	11	ald55_66	73	85
2018	11	ald55_66	74	430
2018	11	ald55_66	75	130
2018	11	ald55_66	81	1340
2018	11	ald55_66	82	77
2018	11	ald55_66	83	1385
2018	11	ald55_66	91	982
2018	11	ald55_66	92	22
2018	11	ald55_66	93	363
2018	11	ald55_66	94	210
2018	11	ald55_66	96	139
2018	11	ald67_74	00	86
2018	11	ald67_74	03	7
2018	11	ald67_74	11	164
2018	11	ald67_74	12	62
2018	11	ald67_74	13	121
2018	11	ald67_74	14	53
2018	11	ald67_74	21	115
2018	11	ald67_74	22	182
2018	11	ald67_74	23	208
2018	11	ald67_74	24	148
2018	11	ald67_74	25	11
2018	11	ald67_74	26	80
2018	11	ald67_74	31	177
2018	11	ald67_74	32	32
2018	11	ald67_74	33	186
2018	11	ald67_74	34	46
2018	11	ald67_74	35	4
2018	11	ald67_74	41	136
2018	11	ald67_74	42	25
2018	11	ald67_74	43	104
2018	11	ald67_74	44	16
2018	11	ald67_74	51	162
2018	11	ald67_74	52	156
2018	11	ald67_74	53	572
2018	11	ald67_74	54	20
2018	11	ald67_74	61	133
2018	11	ald67_74	71	61
2018	11	ald67_74	72	64
2018	11	ald67_74	73	22
2018	11	ald67_74	74	24
2018	11	ald67_74	75	13
2018	11	ald67_74	81	58
2018	11	ald67_74	83	296
2018	11	ald67_74	91	66
2018	11	ald67_74	93	32
2018	11	ald67_74	94	39
2018	11	ald67_74	96	26
2018	12	ald15_24	00	217
2018	12	ald15_24	01	40
2018	12	ald15_24	02	105
2018	12	ald15_24	03	1063
2018	12	ald15_24	11	36
2018	12	ald15_24	12	20
2018	12	ald15_24	13	22
2018	12	ald15_24	14	120
2018	12	ald15_24	21	83
2018	12	ald15_24	22	585
2018	12	ald15_24	23	825
2018	12	ald15_24	24	143
2018	12	ald15_24	25	100
2018	12	ald15_24	26	133
2018	12	ald15_24	31	353
2018	12	ald15_24	32	153
2018	12	ald15_24	33	835
2018	12	ald15_24	34	647
2018	12	ald15_24	35	161
2018	12	ald15_24	41	585
2018	12	ald15_24	42	722
2018	12	ald15_24	43	574
2018	12	ald15_24	44	45
2018	12	ald15_24	51	2204
2018	12	ald15_24	52	8227
2018	12	ald15_24	53	5438
2018	12	ald15_24	54	460
2018	12	ald15_24	61	298
2018	12	ald15_24	62	357
2018	12	ald15_24	71	1625
2018	12	ald15_24	72	1403
2018	12	ald15_24	73	23
2018	12	ald15_24	74	1504
2018	12	ald15_24	75	122
2018	12	ald15_24	81	897
2018	12	ald15_24	82	37
2018	12	ald15_24	83	819
2018	12	ald15_24	91	951
2018	12	ald15_24	92	68
2018	12	ald15_24	93	979
2018	12	ald15_24	94	504
2018	12	ald15_24	96	272
2018	12	ald25_54	00	693
2018	12	ald25_54	01	1346
2018	12	ald25_54	02	65
2018	12	ald25_54	03	171
2018	12	ald25_54	11	2244
2018	12	ald25_54	12	2920
2018	12	ald25_54	13	6023
2018	12	ald25_54	14	2847
2018	12	ald25_54	21	6611
2018	12	ald25_54	22	11271
2018	12	ald25_54	23	14577
2018	12	ald25_54	24	9193
2018	12	ald25_54	25	2885
2018	12	ald25_54	26	3414
2018	12	ald25_54	31	10759
2018	12	ald25_54	32	2631
2018	12	ald25_54	33	10872
2018	12	ald25_54	34	2151
2018	12	ald25_54	35	1413
2018	12	ald25_54	41	3684
2018	12	ald25_54	42	1800
2018	12	ald25_54	43	3877
2018	12	ald25_54	44	243
2018	12	ald25_54	51	5747
2018	12	ald25_54	52	8369
2018	12	ald25_54	53	15993
2018	12	ald25_54	54	1326
2018	12	ald25_54	61	418
2018	12	ald25_54	62	770
2018	12	ald25_54	71	7497
2018	12	ald25_54	72	4981
2018	12	ald25_54	73	232
2018	12	ald25_54	74	3228
2018	12	ald25_54	75	612
2018	12	ald25_54	81	5034
2018	12	ald25_54	82	319
2018	12	ald25_54	83	5413
2018	12	ald25_54	91	4518
2018	12	ald25_54	92	156
2018	12	ald25_54	93	2200
2018	12	ald25_54	94	817
2018	12	ald25_54	95	7
2018	12	ald25_54	96	630
2018	12	ald55_66	00	196
2018	12	ald55_66	01	116
2018	12	ald55_66	03	5
2018	12	ald55_66	11	1136
2018	12	ald55_66	12	1095
2018	12	ald55_66	13	2613
2018	12	ald55_66	14	610
2018	12	ald55_66	21	1800
2018	12	ald55_66	22	2561
2018	12	ald55_66	23	3568
2018	12	ald55_66	24	2842
2018	12	ald55_66	25	539
2018	12	ald55_66	26	782
2018	12	ald55_66	31	2822
2018	12	ald55_66	32	799
2018	12	ald55_66	33	2945
2018	12	ald55_66	34	371
2018	12	ald55_66	35	233
2018	12	ald55_66	41	1355
2018	12	ald55_66	42	302
2018	12	ald55_66	43	1213
2018	12	ald55_66	44	196
2018	12	ald55_66	51	1280
2018	12	ald55_66	52	1518
2018	12	ald55_66	53	5292
2018	12	ald55_66	54	178
2018	12	ald55_66	61	114
2018	12	ald55_66	62	120
2018	12	ald55_66	71	1259
2018	12	ald55_66	72	1091
2018	12	ald55_66	73	101
2018	12	ald55_66	74	667
2018	12	ald55_66	75	118
2018	12	ald55_66	81	1199
2018	12	ald55_66	82	85
2018	12	ald55_66	83	1802
2018	12	ald55_66	91	1070
2018	12	ald55_66	92	23
2018	12	ald55_66	93	362
2018	12	ald55_66	94	166
2018	12	ald55_66	95	4
2018	12	ald55_66	96	152
2018	12	ald67_74	00	96
2018	12	ald67_74	11	172
2018	12	ald67_74	12	111
2018	12	ald67_74	13	148
2018	12	ald67_74	14	77
2018	12	ald67_74	21	127
2018	12	ald67_74	22	249
2018	12	ald67_74	23	285
2018	12	ald67_74	24	284
2018	12	ald67_74	25	24
2018	12	ald67_74	26	87
2018	12	ald67_74	31	173
2018	12	ald67_74	32	48
2018	12	ald67_74	33	215
2018	12	ald67_74	34	55
2018	12	ald67_74	35	21
2018	12	ald67_74	41	151
2018	12	ald67_74	42	34
2018	12	ald67_74	43	122
2018	12	ald67_74	44	12
2018	12	ald67_74	51	207
2018	12	ald67_74	52	203
2018	12	ald67_74	53	841
2018	12	ald67_74	54	25
2018	12	ald67_74	61	46
2018	12	ald67_74	62	11
2018	12	ald67_74	71	82
2018	12	ald67_74	72	63
2018	12	ald67_74	73	14
2018	12	ald67_74	74	45
2018	12	ald67_74	75	9
2018	12	ald67_74	81	62
2018	12	ald67_74	83	349
2018	12	ald67_74	91	115
2018	12	ald67_74	92	4
2018	12	ald67_74	93	43
2018	12	ald67_74	94	31
2018	12	ald67_74	95	4
2018	12	ald67_74	96	44
2018	14	ald15_24	00	59
2018	14	ald15_24	02	9
2018	14	ald15_24	03	178
2018	14	ald15_24	11	7
2018	14	ald15_24	13	7
2018	14	ald15_24	14	12
2018	14	ald15_24	21	11
2018	14	ald15_24	22	166
2018	14	ald15_24	23	202
2018	14	ald15_24	24	21
2018	14	ald15_24	25	13
2018	14	ald15_24	26	35
2018	14	ald15_24	31	80
2018	14	ald15_24	32	51
2018	14	ald15_24	33	108
2018	14	ald15_24	34	113
2018	14	ald15_24	35	47
2018	14	ald15_24	41	93
2018	14	ald15_24	42	136
2018	14	ald15_24	43	103
2018	14	ald15_24	44	18
2018	14	ald15_24	51	361
2018	14	ald15_24	52	1482
2018	14	ald15_24	53	1205
2018	14	ald15_24	54	61
2018	14	ald15_24	61	184
2018	14	ald15_24	62	70
2018	14	ald15_24	71	372
2018	14	ald15_24	72	346
2018	14	ald15_24	73	13
2018	14	ald15_24	74	396
2018	14	ald15_24	75	30
2018	14	ald15_24	81	464
2018	14	ald15_24	83	300
2018	14	ald15_24	91	183
2018	14	ald15_24	92	17
2018	14	ald15_24	93	264
2018	14	ald15_24	94	162
2018	14	ald15_24	96	43
2018	14	ald25_54	00	136
2018	14	ald25_54	01	20
2018	14	ald25_54	02	4
2018	14	ald25_54	03	20
2018	14	ald25_54	11	456
2018	14	ald25_54	12	488
2018	14	ald25_54	13	1109
2018	14	ald25_54	14	606
2018	14	ald25_54	21	645
2018	14	ald25_54	22	2213
2018	14	ald25_54	23	2968
2018	14	ald25_54	24	1317
2018	14	ald25_54	25	312
2018	14	ald25_54	26	503
2018	14	ald25_54	31	1756
2018	14	ald25_54	32	495
2018	14	ald25_54	33	1328
2018	14	ald25_54	34	301
2018	14	ald25_54	35	209
2018	14	ald25_54	41	697
2018	14	ald25_54	42	324
2018	14	ald25_54	43	587
2018	14	ald25_54	44	93
2018	14	ald25_54	51	866
2018	14	ald25_54	52	1638
2018	14	ald25_54	53	3557
2018	14	ald25_54	54	169
2018	14	ald25_54	61	183
2018	14	ald25_54	62	275
2018	14	ald25_54	71	1427
2018	14	ald25_54	72	979
2018	14	ald25_54	73	103
2018	14	ald25_54	74	639
2018	14	ald25_54	75	210
2018	14	ald25_54	81	2240
2018	14	ald25_54	82	15
2018	14	ald25_54	83	1429
2018	14	ald25_54	91	946
2018	14	ald25_54	92	21
2018	14	ald25_54	93	528
2018	14	ald25_54	94	150
2018	14	ald25_54	96	131
2018	14	ald55_66	00	76
2018	14	ald55_66	11	234
2018	14	ald55_66	12	219
2018	14	ald55_66	13	620
2018	14	ald55_66	14	223
2018	14	ald55_66	21	224
2018	14	ald55_66	22	573
2018	14	ald55_66	23	881
2018	14	ald55_66	24	545
2018	14	ald55_66	25	36
2018	14	ald55_66	26	177
2018	14	ald55_66	31	569
2018	14	ald55_66	32	157
2018	14	ald55_66	33	520
2018	14	ald55_66	34	62
2018	14	ald55_66	35	24
2018	14	ald55_66	41	364
2018	14	ald55_66	42	51
2018	14	ald55_66	43	221
2018	14	ald55_66	44	101
2018	14	ald55_66	51	281
2018	14	ald55_66	52	450
2018	14	ald55_66	53	1631
2018	14	ald55_66	54	40
2018	14	ald55_66	61	62
2018	14	ald55_66	62	58
2018	14	ald55_66	71	368
2018	14	ald55_66	72	254
2018	14	ald55_66	73	19
2018	14	ald55_66	74	181
2018	14	ald55_66	75	57
2018	14	ald55_66	81	645
2018	14	ald55_66	83	629
2018	14	ald55_66	91	382
2018	14	ald55_66	92	4
2018	14	ald55_66	93	103
2018	14	ald55_66	94	72
2018	14	ald55_66	96	31
2018	14	ald67_74	00	60
2018	14	ald67_74	11	35
2018	14	ald67_74	12	25
2018	14	ald67_74	13	36
2018	14	ald67_74	14	19
2018	14	ald67_74	21	29
2018	14	ald67_74	22	50
2018	14	ald67_74	23	70
2018	14	ald67_74	24	48
2018	14	ald67_74	26	18
2018	14	ald67_74	31	54
2018	14	ald67_74	32	11
2018	14	ald67_74	33	63
2018	14	ald67_74	34	5
2018	14	ald67_74	41	41
2018	14	ald67_74	42	11
2018	14	ald67_74	43	19
2018	14	ald67_74	44	8
2018	14	ald67_74	51	61
2018	14	ald67_74	52	60
2018	14	ald67_74	53	331
2018	14	ald67_74	61	44
2018	14	ald67_74	62	6
2018	14	ald67_74	71	33
2018	14	ald67_74	72	27
2018	14	ald67_74	74	16
2018	14	ald67_74	81	41
2018	14	ald67_74	83	184
2018	14	ald67_74	91	39
2018	14	ald67_74	93	16
2018	14	ald67_74	94	15
2018	14	ald67_74	96	11
2018	15	ald15_24	00	157
2018	15	ald15_24	02	16
2018	15	ald15_24	03	442
2018	15	ald15_24	11	18
2018	15	ald15_24	12	5
2018	15	ald15_24	13	13
2018	15	ald15_24	14	41
2018	15	ald15_24	21	21
2018	15	ald15_24	22	284
2018	15	ald15_24	23	393
2018	15	ald15_24	24	41
2018	15	ald15_24	25	25
2018	15	ald15_24	26	61
2018	15	ald15_24	31	226
2018	15	ald15_24	32	139
2018	15	ald15_24	33	259
2018	15	ald15_24	34	280
2018	15	ald15_24	35	66
2018	15	ald15_24	41	217
2018	15	ald15_24	42	270
2018	15	ald15_24	43	390
2018	15	ald15_24	44	30
2018	15	ald15_24	51	846
2018	15	ald15_24	52	3810
2018	15	ald15_24	53	2873
2018	15	ald15_24	54	140
2018	15	ald15_24	61	245
2018	15	ald15_24	62	160
2018	15	ald15_24	71	639
2018	15	ald15_24	72	905
2018	15	ald15_24	73	15
2018	15	ald15_24	74	745
2018	15	ald15_24	75	54
2018	15	ald15_24	81	686
2018	15	ald15_24	82	9
2018	15	ald15_24	83	468
2018	15	ald15_24	91	464
2018	15	ald15_24	92	21
2018	15	ald15_24	93	481
2018	15	ald15_24	94	332
2018	15	ald15_24	96	164
2018	15	ald25_54	00	415
2018	15	ald25_54	01	62
2018	15	ald25_54	02	5
2018	15	ald25_54	03	33
2018	15	ald25_54	11	1091
2018	15	ald25_54	12	1511
2018	15	ald25_54	13	2785
2018	15	ald25_54	14	1452
2018	15	ald25_54	21	1657
2018	15	ald25_54	22	5398
2018	15	ald25_54	23	6628
2018	15	ald25_54	24	2718
2018	15	ald25_54	25	863
2018	15	ald25_54	26	1217
2018	15	ald25_54	31	6012
2018	15	ald25_54	32	1206
2018	15	ald25_54	33	4358
2018	15	ald25_54	34	907
2018	15	ald25_54	35	502
2018	15	ald25_54	41	1720
2018	15	ald25_54	42	779
2018	15	ald25_54	43	2126
2018	15	ald25_54	44	142
2018	15	ald25_54	51	2191
2018	15	ald25_54	52	4173
2018	15	ald25_54	53	8493
2018	15	ald25_54	54	499
2018	15	ald25_54	61	257
2018	15	ald25_54	62	532
2018	15	ald25_54	71	3694
2018	15	ald25_54	72	3081
2018	15	ald25_54	73	87
2018	15	ald25_54	74	1664
2018	15	ald25_54	75	495
2018	15	ald25_54	81	4508
2018	15	ald25_54	82	120
2018	15	ald25_54	83	3206
2018	15	ald25_54	91	2043
2018	15	ald25_54	92	37
2018	15	ald25_54	93	1041
2018	15	ald25_54	94	436
2018	15	ald25_54	95	16
2018	15	ald25_54	96	413
2018	15	ald55_66	00	143
2018	15	ald55_66	01	6
2018	15	ald55_66	03	7
2018	15	ald55_66	11	654
2018	15	ald55_66	12	670
2018	15	ald55_66	13	1441
2018	15	ald55_66	14	441
2018	15	ald55_66	21	451
2018	15	ald55_66	22	1386
2018	15	ald55_66	23	1680
2018	15	ald55_66	24	1001
2018	15	ald55_66	25	149
2018	15	ald55_66	26	293
2018	15	ald55_66	31	1793
2018	15	ald55_66	32	323
2018	15	ald55_66	33	1573
2018	15	ald55_66	34	193
2018	15	ald55_66	35	74
2018	15	ald55_66	41	777
2018	15	ald55_66	42	167
2018	15	ald55_66	43	684
2018	15	ald55_66	44	141
2018	15	ald55_66	51	661
2018	15	ald55_66	52	1093
2018	15	ald55_66	53	3502
2018	15	ald55_66	54	128
2018	15	ald55_66	61	90
2018	15	ald55_66	62	89
2018	15	ald55_66	71	802
2018	15	ald55_66	72	742
2018	15	ald55_66	73	25
2018	15	ald55_66	74	464
2018	15	ald55_66	75	130
2018	15	ald55_66	81	1238
2018	15	ald55_66	82	28
2018	15	ald55_66	83	1294
2018	15	ald55_66	91	708
2018	15	ald55_66	92	11
2018	15	ald55_66	93	225
2018	15	ald55_66	94	152
2018	15	ald55_66	96	97
2018	15	ald67_74	00	85
2018	15	ald67_74	11	119
2018	15	ald67_74	12	66
2018	15	ald67_74	13	107
2018	15	ald67_74	14	46
2018	15	ald67_74	21	66
2018	15	ald67_74	22	125
2018	15	ald67_74	23	159
2018	15	ald67_74	24	89
2018	15	ald67_74	25	5
2018	15	ald67_74	26	42
2018	15	ald67_74	31	159
2018	15	ald67_74	32	23
2018	15	ald67_74	33	120
2018	15	ald67_74	34	14
2018	15	ald67_74	35	6
2018	15	ald67_74	41	88
2018	15	ald67_74	42	22
2018	15	ald67_74	43	82
2018	15	ald67_74	44	11
2018	15	ald67_74	51	145
2018	15	ald67_74	52	150
2018	15	ald67_74	53	595
2018	15	ald67_74	54	16
2018	15	ald67_74	61	55
2018	15	ald67_74	62	8
2018	15	ald67_74	71	57
2018	15	ald67_74	72	75
2018	15	ald67_74	73	4
2018	15	ald67_74	74	25
2018	15	ald67_74	75	19
2018	15	ald67_74	81	96
2018	15	ald67_74	82	6
2018	15	ald67_74	83	262
2018	15	ald67_74	91	93
2018	15	ald67_74	93	47
2018	15	ald67_74	94	27
2018	15	ald67_74	96	35
2018	18	ald15_24	00	99
2018	18	ald15_24	01	12
2018	18	ald15_24	02	62
2018	18	ald15_24	03	459
2018	18	ald15_24	11	9
2018	18	ald15_24	12	7
2018	18	ald15_24	13	11
2018	18	ald15_24	14	51
2018	18	ald15_24	21	19
2018	18	ald15_24	22	266
2018	18	ald15_24	23	374
2018	18	ald15_24	24	49
2018	18	ald15_24	25	21
2018	18	ald15_24	26	67
2018	18	ald15_24	31	156
2018	18	ald15_24	32	101
2018	18	ald15_24	33	238
2018	18	ald15_24	34	145
2018	18	ald15_24	35	94
2018	18	ald15_24	41	214
2018	18	ald15_24	42	278
2018	18	ald15_24	43	299
2018	18	ald15_24	44	31
2018	18	ald15_24	51	938
2018	18	ald15_24	52	3816
2018	18	ald15_24	53	2657
2018	18	ald15_24	54	154
2018	18	ald15_24	61	238
2018	18	ald15_24	62	259
2018	18	ald15_24	71	700
2018	18	ald15_24	72	747
2018	18	ald15_24	73	11
2018	18	ald15_24	74	737
2018	18	ald15_24	75	61
2018	18	ald15_24	81	622
2018	18	ald15_24	82	16
2018	18	ald15_24	83	510
2018	18	ald15_24	91	407
2018	18	ald15_24	92	21
2018	18	ald15_24	93	591
2018	18	ald15_24	94	311
2018	18	ald15_24	96	115
2018	18	ald25_54	00	409
2018	18	ald25_54	01	624
2018	18	ald25_54	02	32
2018	18	ald25_54	03	57
2018	18	ald25_54	11	1025
2018	18	ald25_54	12	1127
2018	18	ald25_54	13	2528
2018	18	ald25_54	14	1380
2018	18	ald25_54	21	1151
2018	18	ald25_54	22	5306
2018	18	ald25_54	23	6036
2018	18	ald25_54	24	3213
2018	18	ald25_54	25	597
2018	18	ald25_54	26	1472
2018	18	ald25_54	31	3311
2018	18	ald25_54	32	1360
2018	18	ald25_54	33	3461
2018	18	ald25_54	34	706
2018	18	ald25_54	35	432
2018	18	ald25_54	41	1589
2018	18	ald25_54	42	757
2018	18	ald25_54	43	1807
2018	18	ald25_54	44	194
2018	18	ald25_54	51	2160
2018	18	ald25_54	52	4106
2018	18	ald25_54	53	8273
2018	18	ald25_54	54	611
2018	18	ald25_54	61	322
2018	18	ald25_54	62	653
2018	18	ald25_54	71	2658
2018	18	ald25_54	72	2169
2018	18	ald25_54	73	82
2018	18	ald25_54	74	1234
2018	18	ald25_54	75	361
2018	18	ald25_54	81	3091
2018	18	ald25_54	82	78
2018	18	ald25_54	83	2909
2018	18	ald25_54	91	2000
2018	18	ald25_54	92	43
2018	18	ald25_54	93	1280
2018	18	ald25_54	94	373
2018	18	ald25_54	96	511
2018	18	ald55_66	00	163
2018	18	ald55_66	01	96
2018	18	ald55_66	03	13
2018	18	ald55_66	11	579
2018	18	ald55_66	12	560
2018	18	ald55_66	13	1231
2018	18	ald55_66	14	374
2018	18	ald55_66	21	406
2018	18	ald55_66	22	1238
2018	18	ald55_66	23	1799
2018	18	ald55_66	24	1321
2018	18	ald55_66	25	98
2018	18	ald55_66	26	434
2018	18	ald55_66	31	1170
2018	18	ald55_66	32	308
2018	18	ald55_66	33	1242
2018	18	ald55_66	34	209
2018	18	ald55_66	35	87
2018	18	ald55_66	41	721
2018	18	ald55_66	42	182
2018	18	ald55_66	43	536
2018	18	ald55_66	44	197
2018	18	ald55_66	51	653
2018	18	ald55_66	52	903
2018	18	ald55_66	53	3109
2018	18	ald55_66	54	140
2018	18	ald55_66	61	68
2018	18	ald55_66	62	105
2018	18	ald55_66	71	538
2018	18	ald55_66	72	519
2018	18	ald55_66	73	24
2018	18	ald55_66	74	284
2018	18	ald55_66	75	80
2018	18	ald55_66	81	740
2018	18	ald55_66	82	9
2018	18	ald55_66	83	1080
2018	18	ald55_66	91	629
2018	18	ald55_66	92	22
2018	18	ald55_66	93	295
2018	18	ald55_66	94	121
2018	18	ald55_66	96	154
2018	18	ald67_74	00	86
2018	18	ald67_74	03	12
2018	18	ald67_74	11	79
2018	18	ald67_74	12	47
2018	18	ald67_74	13	84
2018	18	ald67_74	14	41
2018	18	ald67_74	21	35
2018	18	ald67_74	22	115
2018	18	ald67_74	23	133
2018	18	ald67_74	24	78
2018	18	ald67_74	25	8
2018	18	ald67_74	26	40
2018	18	ald67_74	31	107
2018	18	ald67_74	32	24
2018	18	ald67_74	33	87
2018	18	ald67_74	34	24
2018	18	ald67_74	35	5
2018	18	ald67_74	41	80
2018	18	ald67_74	42	13
2018	18	ald67_74	43	52
2018	18	ald67_74	44	16
2018	18	ald67_74	51	118
2018	18	ald67_74	52	122
2018	18	ald67_74	53	568
2018	18	ald67_74	54	10
2018	18	ald67_74	61	38
2018	18	ald67_74	62	10
2018	18	ald67_74	71	48
2018	18	ald67_74	72	60
2018	18	ald67_74	73	7
2018	18	ald67_74	74	15
2018	18	ald67_74	75	10
2018	18	ald67_74	81	40
2018	18	ald67_74	83	249
2018	18	ald67_74	91	74
2018	18	ald67_74	92	4
2018	18	ald67_74	93	45
2018	18	ald67_74	94	18
2018	18	ald67_74	96	24
2018	19	ald15_24	00	79
2018	19	ald15_24	01	91
2018	19	ald15_24	02	175
2018	19	ald15_24	03	476
2018	19	ald15_24	11	11
2018	19	ald15_24	12	8
2018	19	ald15_24	13	11
2018	19	ald15_24	14	48
2018	19	ald15_24	21	24
2018	19	ald15_24	22	217
2018	19	ald15_24	23	265
2018	19	ald15_24	24	54
2018	19	ald15_24	25	32
2018	19	ald15_24	26	55
2018	19	ald15_24	31	82
2018	19	ald15_24	32	113
2018	19	ald15_24	33	192
2018	19	ald15_24	34	115
2018	19	ald15_24	35	68
2018	19	ald15_24	41	144
2018	19	ald15_24	42	212
2018	19	ald15_24	43	253
2018	19	ald15_24	44	23
2018	19	ald15_24	51	816
2018	19	ald15_24	52	2998
2018	19	ald15_24	53	2059
2018	19	ald15_24	54	127
2018	19	ald15_24	61	109
2018	19	ald15_24	62	185
2018	19	ald15_24	71	400
2018	19	ald15_24	72	440
2018	19	ald15_24	73	7
2018	19	ald15_24	74	514
2018	19	ald15_24	75	58
2018	19	ald15_24	81	258
2018	19	ald15_24	83	345
2018	19	ald15_24	91	308
2018	19	ald15_24	92	26
2018	19	ald15_24	93	356
2018	19	ald15_24	94	323
2018	19	ald15_24	96	127
2018	19	ald25_54	00	297
2018	19	ald25_54	01	975
2018	19	ald25_54	02	64
2018	19	ald25_54	03	108
2018	19	ald25_54	11	891
2018	19	ald25_54	12	830
2018	19	ald25_54	13	1867
2018	19	ald25_54	14	929
2018	19	ald25_54	21	1464
2018	19	ald25_54	22	4430
2018	19	ald25_54	23	5265
2018	19	ald25_54	24	2987
2018	19	ald25_54	25	523
2018	19	ald25_54	26	1341
2018	19	ald25_54	31	2084
2018	19	ald25_54	32	1233
2018	19	ald25_54	33	2572
2018	19	ald25_54	34	678
2018	19	ald25_54	35	366
2018	19	ald25_54	41	980
2018	19	ald25_54	42	559
2018	19	ald25_54	43	1039
2018	19	ald25_54	44	101
2018	19	ald25_54	51	1717
2018	19	ald25_54	52	2776
2018	19	ald25_54	53	5606
2018	19	ald25_54	54	376
2018	19	ald25_54	61	127
2018	19	ald25_54	62	451
2018	19	ald25_54	71	1817
2018	19	ald25_54	72	1221
2018	19	ald25_54	73	71
2018	19	ald25_54	74	759
2018	19	ald25_54	75	209
2018	19	ald25_54	81	1381
2018	19	ald25_54	82	23
2018	19	ald25_54	83	1971
2018	19	ald25_54	91	1388
2018	19	ald25_54	92	34
2018	19	ald25_54	93	746
2018	19	ald25_54	94	343
2018	19	ald25_54	95	7
2018	19	ald25_54	96	387
2018	19	ald55_66	00	102
2018	19	ald55_66	01	80
2018	19	ald55_66	03	5
2018	19	ald55_66	11	427
2018	19	ald55_66	12	346
2018	19	ald55_66	13	835
2018	19	ald55_66	14	245
2018	19	ald55_66	21	344
2018	19	ald55_66	22	982
2018	19	ald55_66	23	1415
2018	19	ald55_66	24	1019
2018	19	ald55_66	25	92
2018	19	ald55_66	26	301
2018	19	ald55_66	31	686
2018	19	ald55_66	32	288
2018	19	ald55_66	33	884
2018	19	ald55_66	34	141
2018	19	ald55_66	35	75
2018	19	ald55_66	41	438
2018	19	ald55_66	42	153
2018	19	ald55_66	43	323
2018	19	ald55_66	44	98
2018	19	ald55_66	51	444
2018	19	ald55_66	52	536
2018	19	ald55_66	53	1831
2018	19	ald55_66	54	71
2018	19	ald55_66	61	34
2018	19	ald55_66	62	67
2018	19	ald55_66	71	294
2018	19	ald55_66	72	272
2018	19	ald55_66	73	16
2018	19	ald55_66	74	163
2018	19	ald55_66	75	33
2018	19	ald55_66	81	256
2018	19	ald55_66	83	715
2018	19	ald55_66	91	401
2018	19	ald55_66	92	12
2018	19	ald55_66	93	122
2018	19	ald55_66	94	85
2018	19	ald55_66	96	120
2018	19	ald67_74	00	72
2018	19	ald67_74	11	75
2018	19	ald67_74	12	33
2018	19	ald67_74	13	71
2018	19	ald67_74	14	24
2018	19	ald67_74	21	35
2018	19	ald67_74	22	94
2018	19	ald67_74	23	120
2018	19	ald67_74	24	66
2018	19	ald67_74	25	4
2018	19	ald67_74	26	41
2018	19	ald67_74	31	69
2018	19	ald67_74	32	20
2018	19	ald67_74	33	59
2018	19	ald67_74	34	13
2018	19	ald67_74	41	50
2018	19	ald67_74	42	13
2018	19	ald67_74	43	29
2018	19	ald67_74	44	8
2018	19	ald67_74	51	99
2018	19	ald67_74	52	83
2018	19	ald67_74	53	394
2018	19	ald67_74	54	8
2018	19	ald67_74	61	24
2018	19	ald67_74	71	31
2018	19	ald67_74	72	24
2018	19	ald67_74	74	11
2018	19	ald67_74	75	5
2018	19	ald67_74	81	42
2018	19	ald67_74	83	159
2018	19	ald67_74	91	59
2018	19	ald67_74	93	34
2018	19	ald67_74	94	29
2018	19	ald67_74	96	21
2018	20	ald15_24	00	24
2018	20	ald15_24	01	10
2018	20	ald15_24	02	46
2018	20	ald15_24	03	137
2018	20	ald15_24	11	5
2018	20	ald15_24	14	20
2018	20	ald15_24	21	5
2018	20	ald15_24	22	75
2018	20	ald15_24	23	121
2018	20	ald15_24	24	26
2018	20	ald15_24	25	8
2018	20	ald15_24	26	23
2018	20	ald15_24	31	54
2018	20	ald15_24	32	54
2018	20	ald15_24	33	69
2018	20	ald15_24	34	27
2018	20	ald15_24	35	19
2018	20	ald15_24	41	76
2018	20	ald15_24	42	131
2018	20	ald15_24	43	68
2018	20	ald15_24	44	5
2018	20	ald15_24	51	342
2018	20	ald15_24	52	1151
2018	20	ald15_24	53	860
2018	20	ald15_24	54	70
2018	20	ald15_24	61	47
2018	20	ald15_24	62	129
2018	20	ald15_24	71	283
2018	20	ald15_24	72	246
2018	20	ald15_24	73	12
2018	20	ald15_24	74	254
2018	20	ald15_24	75	32
2018	20	ald15_24	81	214
2018	20	ald15_24	83	180
2018	20	ald15_24	91	201
2018	20	ald15_24	92	8
2018	20	ald15_24	93	248
2018	20	ald15_24	94	91
2018	20	ald15_24	96	68
2018	20	ald25_54	00	99
2018	20	ald25_54	01	126
2018	20	ald25_54	02	10
2018	20	ald25_54	03	23
2018	20	ald25_54	11	393
2018	20	ald25_54	12	357
2018	20	ald25_54	13	885
2018	20	ald25_54	14	465
2018	20	ald25_54	21	420
2018	20	ald25_54	22	1495
2018	20	ald25_54	23	2117
2018	20	ald25_54	24	1213
2018	20	ald25_54	25	114
2018	20	ald25_54	26	617
2018	20	ald25_54	31	877
2018	20	ald25_54	32	390
2018	20	ald25_54	33	1041
2018	20	ald25_54	34	259
2018	20	ald25_54	35	114
2018	20	ald25_54	41	567
2018	20	ald25_54	42	282
2018	20	ald25_54	43	448
2018	20	ald25_54	44	64
2018	20	ald25_54	51	798
2018	20	ald25_54	52	1224
2018	20	ald25_54	53	2755
2018	20	ald25_54	54	305
2018	20	ald25_54	61	72
2018	20	ald25_54	62	368
2018	20	ald25_54	71	757
2018	20	ald25_54	72	493
2018	20	ald25_54	73	25
2018	20	ald25_54	74	389
2018	20	ald25_54	75	143
2018	20	ald25_54	81	951
2018	20	ald25_54	82	9
2018	20	ald25_54	83	894
2018	20	ald25_54	91	718
2018	20	ald25_54	92	14
2018	20	ald25_54	93	429
2018	20	ald25_54	94	133
2018	20	ald25_54	96	149
2018	20	ald55_66	00	46
2018	20	ald55_66	01	18
2018	20	ald55_66	03	4
2018	20	ald55_66	11	174
2018	20	ald55_66	12	148
2018	20	ald55_66	13	315
2018	20	ald55_66	14	123
2018	20	ald55_66	21	96
2018	20	ald55_66	22	348
2018	20	ald55_66	23	694
2018	20	ald55_66	24	453
2018	20	ald55_66	25	17
2018	20	ald55_66	26	158
2018	20	ald55_66	31	243
2018	20	ald55_66	32	116
2018	20	ald55_66	33	300
2018	20	ald55_66	34	60
2018	20	ald55_66	35	20
2018	20	ald55_66	41	221
2018	20	ald55_66	42	56
2018	20	ald55_66	43	149
2018	20	ald55_66	44	41
2018	20	ald55_66	51	211
2018	20	ald55_66	52	182
2018	20	ald55_66	53	807
2018	20	ald55_66	54	71
2018	20	ald55_66	61	18
2018	20	ald55_66	62	64
2018	20	ald55_66	71	142
2018	20	ald55_66	72	77
2018	20	ald55_66	73	20
2018	20	ald55_66	74	57
2018	20	ald55_66	75	16
2018	20	ald55_66	81	195
2018	20	ald55_66	83	287
2018	20	ald55_66	91	212
2018	20	ald55_66	93	63
2018	20	ald55_66	94	35
2018	20	ald55_66	96	41
2018	20	ald67_74	00	34
2018	20	ald67_74	11	21
2018	20	ald67_74	12	14
2018	20	ald67_74	13	31
2018	20	ald67_74	14	9
2018	20	ald67_74	21	13
2018	20	ald67_74	22	34
2018	20	ald67_74	23	29
2018	20	ald67_74	24	29
2018	20	ald67_74	26	19
2018	20	ald67_74	31	18
2018	20	ald67_74	32	4
2018	20	ald67_74	33	17
2018	20	ald67_74	41	23
2018	20	ald67_74	42	5
2018	20	ald67_74	43	7
2018	20	ald67_74	44	8
2018	20	ald67_74	51	35
2018	20	ald67_74	52	50
2018	20	ald67_74	53	180
2018	20	ald67_74	54	8
2018	20	ald67_74	61	6
2018	20	ald67_74	62	9
2018	20	ald67_74	71	19
2018	20	ald67_74	72	7
2018	20	ald67_74	74	10
2018	20	ald67_74	75	7
2018	20	ald67_74	81	23
2018	20	ald67_74	83	70
2018	20	ald67_74	91	42
2018	20	ald67_74	93	14
2018	20	ald67_74	94	11
2018	20	ald67_74	96	7
2018	50	ald15_24	00	268
2018	50	ald15_24	01	34
2018	50	ald15_24	02	100
2018	50	ald15_24	03	1009
2018	50	ald15_24	11	27
2018	50	ald15_24	12	17
2018	50	ald15_24	13	17
2018	50	ald15_24	14	82
2018	50	ald15_24	21	87
2018	50	ald15_24	22	596
2018	50	ald15_24	23	1159
2018	50	ald15_24	24	126
2018	50	ald15_24	25	137
2018	50	ald15_24	26	124
2018	50	ald15_24	31	248
2018	50	ald15_24	32	237
2018	50	ald15_24	33	966
2018	50	ald15_24	34	482
2018	50	ald15_24	35	185
2018	50	ald15_24	41	461
2018	50	ald15_24	42	616
2018	50	ald15_24	43	596
2018	50	ald15_24	44	61
2018	50	ald15_24	51	2094
2018	50	ald15_24	52	6595
2018	50	ald15_24	53	4447
2018	50	ald15_24	54	272
2018	50	ald15_24	61	634
2018	50	ald15_24	62	376
2018	50	ald15_24	71	1733
2018	50	ald15_24	72	1215
2018	50	ald15_24	73	38
2018	50	ald15_24	74	1173
2018	50	ald15_24	75	156
2018	50	ald15_24	81	833
2018	50	ald15_24	82	57
2018	50	ald15_24	83	867
2018	50	ald15_24	91	737
2018	50	ald15_24	92	70
2018	50	ald15_24	93	949
2018	50	ald15_24	94	576
2018	50	ald15_24	96	398
2018	50	ald25_54	00	616
2018	50	ald25_54	01	689
2018	50	ald25_54	02	57
2018	50	ald25_54	03	59
2018	50	ald25_54	11	2021
2018	50	ald25_54	12	2550
2018	50	ald25_54	13	4731
2018	50	ald25_54	14	2345
2018	50	ald25_54	21	5867
2018	50	ald25_54	22	10886
2018	50	ald25_54	23	14608
2018	50	ald25_54	24	7231
2018	50	ald25_54	25	2850
2018	50	ald25_54	26	2913
2018	50	ald25_54	31	6894
2018	50	ald25_54	32	2525
2018	50	ald25_54	33	8881
2018	50	ald25_54	34	1802
2018	50	ald25_54	35	1340
2018	50	ald25_54	41	3184
2018	50	ald25_54	42	1592
2018	50	ald25_54	43	3014
2018	50	ald25_54	44	251
2018	50	ald25_54	51	4779
2018	50	ald25_54	52	8021
2018	50	ald25_54	53	12884
2018	50	ald25_54	54	867
2018	50	ald25_54	61	909
2018	50	ald25_54	62	696
2018	50	ald25_54	71	6722
2018	50	ald25_54	72	3712
2018	50	ald25_54	73	230
2018	50	ald25_54	74	2216
2018	50	ald25_54	75	832
2018	50	ald25_54	81	4643
2018	50	ald25_54	82	254
2018	50	ald25_54	83	5369
2018	50	ald25_54	91	3580
2018	50	ald25_54	92	86
2018	50	ald25_54	93	1866
2018	50	ald25_54	94	866
2018	50	ald25_54	95	8
2018	50	ald25_54	96	672
2018	50	ald55_66	00	224
2018	50	ald55_66	01	69
2018	50	ald55_66	03	11
2018	50	ald55_66	11	916
2018	50	ald55_66	12	1057
2018	50	ald55_66	13	2086
2018	50	ald55_66	14	614
2018	50	ald55_66	21	1305
2018	50	ald55_66	22	2380
2018	50	ald55_66	23	3177
2018	50	ald55_66	24	2668
2018	50	ald55_66	25	438
2018	50	ald55_66	26	653
2018	50	ald55_66	31	2068
2018	50	ald55_66	32	603
2018	50	ald55_66	33	2466
2018	50	ald55_66	34	340
2018	50	ald55_66	35	215
2018	50	ald55_66	41	1297
2018	50	ald55_66	42	296
2018	50	ald55_66	43	992
2018	50	ald55_66	44	215
2018	50	ald55_66	51	1194
2018	50	ald55_66	52	1672
2018	50	ald55_66	53	4438
2018	50	ald55_66	54	165
2018	50	ald55_66	61	275
2018	50	ald55_66	62	150
2018	50	ald55_66	71	1194
2018	50	ald55_66	72	855
2018	50	ald55_66	73	107
2018	50	ald55_66	74	507
2018	50	ald55_66	75	142
2018	50	ald55_66	81	1126
2018	50	ald55_66	82	85
2018	50	ald55_66	83	1960
2018	50	ald55_66	91	1130
2018	50	ald55_66	92	15
2018	50	ald55_66	93	390
2018	50	ald55_66	94	237
2018	50	ald55_66	96	191
2018	50	ald67_74	00	117
2018	50	ald67_74	11	169
2018	50	ald67_74	12	77
2018	50	ald67_74	13	160
2018	50	ald67_74	14	64
2018	50	ald67_74	21	180
2018	50	ald67_74	22	222
2018	50	ald67_74	23	273
2018	50	ald67_74	24	156
2018	50	ald67_74	25	19
2018	50	ald67_74	26	61
2018	50	ald67_74	31	156
2018	50	ald67_74	32	36
2018	50	ald67_74	33	199
2018	50	ald67_74	34	23
2018	50	ald67_74	35	18
2018	50	ald67_74	41	113
2018	50	ald67_74	42	25
2018	50	ald67_74	43	82
2018	50	ald67_74	44	26
2018	50	ald67_74	51	207
2018	50	ald67_74	52	201
2018	50	ald67_74	53	605
2018	50	ald67_74	54	14
2018	50	ald67_74	61	132
2018	50	ald67_74	62	16
2018	50	ald67_74	71	89
2018	50	ald67_74	72	55
2018	50	ald67_74	73	13
2018	50	ald67_74	74	21
2018	50	ald67_74	75	16
2018	50	ald67_74	81	74
2018	50	ald67_74	82	5
2018	50	ald67_74	83	419
2018	50	ald67_74	91	143
2018	50	ald67_74	93	57
2018	50	ald67_74	94	32
2018	50	ald67_74	96	70
