STATISTIKKAAR	ARBEIDSFYLKE	ALDERSGRUPPE	YRKE_2	antall
2018	01	ald15_24	00	156
2018	01	ald15_24	01	12
2018	01	ald15_24	02	25
2018	01	ald15_24	03	442
2018	01	ald15_24	11	15
2018	01	ald15_24	12	6
2018	01	ald15_24	13	8
2018	01	ald15_24	14	29
2018	01	ald15_24	21	25
2018	01	ald15_24	22	282
2018	01	ald15_24	23	258
2018	01	ald15_24	24	34
2018	01	ald15_24	25	22
2018	01	ald15_24	26	67
2018	01	ald15_24	31	101
2018	01	ald15_24	32	110
2018	01	ald15_24	33	266
2018	01	ald15_24	34	343
2018	01	ald15_24	35	72
2018	01	ald15_24	41	236
2018	01	ald15_24	42	194
2018	01	ald15_24	43	260
2018	01	ald15_24	44	24
2018	01	ald15_24	51	780
2018	01	ald15_24	52	3357
2018	01	ald15_24	53	2460
2018	01	ald15_24	54	105
2018	01	ald15_24	61	173
2018	01	ald15_24	62	6
2018	01	ald15_24	71	750
2018	01	ald15_24	72	586
2018	01	ald15_24	73	24
2018	01	ald15_24	74	537
2018	01	ald15_24	75	49
2018	01	ald15_24	81	530
2018	01	ald15_24	82	27
2018	01	ald15_24	83	234
2018	01	ald15_24	91	384
2018	01	ald15_24	92	75
2018	01	ald15_24	93	544
2018	01	ald15_24	94	399
2018	01	ald15_24	96	115
2018	01	ald25_54	00	257
2018	01	ald25_54	01	369
2018	01	ald25_54	02	12
2018	01	ald25_54	03	49
2018	01	ald25_54	11	1137
2018	01	ald25_54	12	1210
2018	01	ald25_54	13	2271
2018	01	ald25_54	14	1309
2018	01	ald25_54	21	1459
2018	01	ald25_54	22	5355
2018	01	ald25_54	23	6179
2018	01	ald25_54	24	2622
2018	01	ald25_54	25	819
2018	01	ald25_54	26	1494
2018	01	ald25_54	31	2774
2018	01	ald25_54	32	1321
2018	01	ald25_54	33	4728
2018	01	ald25_54	34	1073
2018	01	ald25_54	35	433
2018	01	ald25_54	41	1842
2018	01	ald25_54	42	703
2018	01	ald25_54	43	2064
2018	01	ald25_54	44	148
2018	01	ald25_54	51	2002
2018	01	ald25_54	52	4626
2018	01	ald25_54	53	8925
2018	01	ald25_54	54	781
2018	01	ald25_54	61	370
2018	01	ald25_54	62	19
2018	01	ald25_54	71	3819
2018	01	ald25_54	72	2182
2018	01	ald25_54	73	177
2018	01	ald25_54	74	1102
2018	01	ald25_54	75	295
2018	01	ald25_54	81	3294
2018	01	ald25_54	82	479
2018	01	ald25_54	83	2456
2018	01	ald25_54	91	1846
2018	01	ald25_54	92	77
2018	01	ald25_54	93	1018
2018	01	ald25_54	94	411
2018	01	ald25_54	95	10
2018	01	ald25_54	96	466
2018	01	ald55_66	00	124
2018	01	ald55_66	01	63
2018	01	ald55_66	11	585
2018	01	ald55_66	12	532
2018	01	ald55_66	13	1009
2018	01	ald55_66	14	330
2018	01	ald55_66	21	300
2018	01	ald55_66	22	1149
2018	01	ald55_66	23	1490
2018	01	ald55_66	24	936
2018	01	ald55_66	25	137
2018	01	ald55_66	26	384
2018	01	ald55_66	31	855
2018	01	ald55_66	32	327
2018	01	ald55_66	33	1429
2018	01	ald55_66	34	196
2018	01	ald55_66	35	96
2018	01	ald55_66	41	789
2018	01	ald55_66	42	186
2018	01	ald55_66	43	711
2018	01	ald55_66	44	111
2018	01	ald55_66	51	511
2018	01	ald55_66	52	978
2018	01	ald55_66	53	2780
2018	01	ald55_66	54	105
2018	01	ald55_66	61	97
2018	01	ald55_66	62	8
2018	01	ald55_66	71	591
2018	01	ald55_66	72	577
2018	01	ald55_66	73	60
2018	01	ald55_66	74	261
2018	01	ald55_66	75	66
2018	01	ald55_66	81	954
2018	01	ald55_66	82	103
2018	01	ald55_66	83	999
2018	01	ald55_66	91	590
2018	01	ald55_66	92	24
2018	01	ald55_66	93	206
2018	01	ald55_66	94	106
2018	01	ald55_66	96	96
2018	01	ald67_74	00	103
2018	01	ald67_74	11	109
2018	01	ald67_74	12	51
2018	01	ald67_74	13	79
2018	01	ald67_74	14	34
2018	01	ald67_74	21	38
2018	01	ald67_74	22	100
2018	01	ald67_74	23	123
2018	01	ald67_74	24	89
2018	01	ald67_74	25	4
2018	01	ald67_74	26	48
2018	01	ald67_74	31	68
2018	01	ald67_74	32	18
2018	01	ald67_74	33	124
2018	01	ald67_74	34	26
2018	01	ald67_74	35	10
2018	01	ald67_74	41	119
2018	01	ald67_74	42	27
2018	01	ald67_74	43	95
2018	01	ald67_74	44	5
2018	01	ald67_74	51	137
2018	01	ald67_74	52	168
2018	01	ald67_74	53	382
2018	01	ald67_74	54	7
2018	01	ald67_74	61	32
2018	01	ald67_74	71	45
2018	01	ald67_74	72	64
2018	01	ald67_74	73	7
2018	01	ald67_74	74	11
2018	01	ald67_74	75	5
2018	01	ald67_74	81	48
2018	01	ald67_74	83	201
2018	01	ald67_74	91	59
2018	01	ald67_74	92	6
2018	01	ald67_74	93	45
2018	01	ald67_74	94	26
2018	01	ald67_74	96	32
2018	02	ald15_24	00	214
2018	02	ald15_24	01	18
2018	02	ald15_24	02	106
2018	02	ald15_24	03	1347
2018	02	ald15_24	11	35
2018	02	ald15_24	12	38
2018	02	ald15_24	13	21
2018	02	ald15_24	14	147
2018	02	ald15_24	21	67
2018	02	ald15_24	22	468
2018	02	ald15_24	23	713
2018	02	ald15_24	24	164
2018	02	ald15_24	25	126
2018	02	ald15_24	26	71
2018	02	ald15_24	31	222
2018	02	ald15_24	32	163
2018	02	ald15_24	33	864
2018	02	ald15_24	34	1048
2018	02	ald15_24	35	252
2018	02	ald15_24	41	641
2018	02	ald15_24	42	796
2018	02	ald15_24	43	1390
2018	02	ald15_24	44	39
2018	02	ald15_24	51	2118
2018	02	ald15_24	52	9911
2018	02	ald15_24	53	4856
2018	02	ald15_24	54	620
2018	02	ald15_24	61	213
2018	02	ald15_24	62	6
2018	02	ald15_24	71	1160
2018	02	ald15_24	72	824
2018	02	ald15_24	73	35
2018	02	ald15_24	74	1051
2018	02	ald15_24	75	126
2018	02	ald15_24	81	331
2018	02	ald15_24	82	26
2018	02	ald15_24	83	432
2018	02	ald15_24	91	770
2018	02	ald15_24	92	117
2018	02	ald15_24	93	953
2018	02	ald15_24	94	708
2018	02	ald15_24	96	160
2018	02	ald25_54	00	1005
2018	02	ald25_54	01	996
2018	02	ald25_54	02	56
2018	02	ald25_54	03	101
2018	02	ald25_54	11	3155
2018	02	ald25_54	12	5165
2018	02	ald25_54	13	6476
2018	02	ald25_54	14	3282
2018	02	ald25_54	21	6920
2018	02	ald25_54	22	9579
2018	02	ald25_54	23	13545
2018	02	ald25_54	24	9027
2018	02	ald25_54	25	5003
2018	02	ald25_54	26	3134
2018	02	ald25_54	31	9142
2018	02	ald25_54	32	2320
2018	02	ald25_54	33	15495
2018	02	ald25_54	34	2277
2018	02	ald25_54	35	2040
2018	02	ald25_54	41	4425
2018	02	ald25_54	42	2088
2018	02	ald25_54	43	9321
2018	02	ald25_54	44	285
2018	02	ald25_54	51	5956
2018	02	ald25_54	52	10163
2018	02	ald25_54	53	17102
2018	02	ald25_54	54	1945
2018	02	ald25_54	61	535
2018	02	ald25_54	62	28
2018	02	ald25_54	71	6198
2018	02	ald25_54	72	3019
2018	02	ald25_54	73	317
2018	02	ald25_54	74	2308
2018	02	ald25_54	75	609
2018	02	ald25_54	81	1856
2018	02	ald25_54	82	202
2018	02	ald25_54	83	5014
2018	02	ald25_54	91	3784
2018	02	ald25_54	92	127
2018	02	ald25_54	93	2269
2018	02	ald25_54	94	1155
2018	02	ald25_54	95	20
2018	02	ald25_54	96	775
2018	02	ald55_66	00	226
2018	02	ald55_66	01	133
2018	02	ald55_66	03	10
2018	02	ald55_66	11	1466
2018	02	ald55_66	12	1801
2018	02	ald55_66	13	2696
2018	02	ald55_66	14	733
2018	02	ald55_66	21	1982
2018	02	ald55_66	22	2347
2018	02	ald55_66	23	3295
2018	02	ald55_66	24	2566
2018	02	ald55_66	25	993
2018	02	ald55_66	26	658
2018	02	ald55_66	31	2433
2018	02	ald55_66	32	687
2018	02	ald55_66	33	3919
2018	02	ald55_66	34	431
2018	02	ald55_66	35	362
2018	02	ald55_66	41	1536
2018	02	ald55_66	42	363
2018	02	ald55_66	43	2343
2018	02	ald55_66	44	136
2018	02	ald55_66	51	1294
2018	02	ald55_66	52	1621
2018	02	ald55_66	53	4851
2018	02	ald55_66	54	268
2018	02	ald55_66	61	137
2018	02	ald55_66	62	9
2018	02	ald55_66	71	846
2018	02	ald55_66	72	665
2018	02	ald55_66	73	114
2018	02	ald55_66	74	419
2018	02	ald55_66	75	112
2018	02	ald55_66	81	578
2018	02	ald55_66	82	50
2018	02	ald55_66	83	1612
2018	02	ald55_66	91	785
2018	02	ald55_66	92	17
2018	02	ald55_66	93	313
2018	02	ald55_66	94	229
2018	02	ald55_66	95	11
2018	02	ald55_66	96	157
2018	02	ald67_74	00	95
2018	02	ald67_74	03	5
2018	02	ald67_74	11	241
2018	02	ald67_74	12	154
2018	02	ald67_74	13	182
2018	02	ald67_74	14	71
2018	02	ald67_74	21	177
2018	02	ald67_74	22	201
2018	02	ald67_74	23	275
2018	02	ald67_74	24	196
2018	02	ald67_74	25	26
2018	02	ald67_74	26	66
2018	02	ald67_74	31	190
2018	02	ald67_74	32	48
2018	02	ald67_74	33	307
2018	02	ald67_74	34	60
2018	02	ald67_74	35	27
2018	02	ald67_74	41	233
2018	02	ald67_74	42	34
2018	02	ald67_74	43	203
2018	02	ald67_74	44	6
2018	02	ald67_74	51	201
2018	02	ald67_74	52	221
2018	02	ald67_74	53	638
2018	02	ald67_74	54	27
2018	02	ald67_74	61	26
2018	02	ald67_74	71	53
2018	02	ald67_74	72	62
2018	02	ald67_74	73	9
2018	02	ald67_74	74	32
2018	02	ald67_74	75	15
2018	02	ald67_74	81	40
2018	02	ald67_74	83	324
2018	02	ald67_74	91	62
2018	02	ald67_74	92	6
2018	02	ald67_74	93	42
2018	02	ald67_74	94	29
2018	02	ald67_74	95	23
2018	02	ald67_74	96	70
2018	03	ald15_24	00	828
2018	03	ald15_24	01	38
2018	03	ald15_24	02	91
2018	03	ald15_24	03	745
2018	03	ald15_24	11	141
2018	03	ald15_24	12	78
2018	03	ald15_24	13	48
2018	03	ald15_24	14	226
2018	03	ald15_24	21	313
2018	03	ald15_24	22	942
2018	03	ald15_24	23	1510
2018	03	ald15_24	24	1175
2018	03	ald15_24	25	648
2018	03	ald15_24	26	712
2018	03	ald15_24	31	350
2018	03	ald15_24	32	372
2018	03	ald15_24	33	2786
2018	03	ald15_24	34	1303
2018	03	ald15_24	35	755
2018	03	ald15_24	41	2389
2018	03	ald15_24	42	1752
2018	03	ald15_24	43	1058
2018	03	ald15_24	44	83
2018	03	ald15_24	51	4049
2018	03	ald15_24	52	12014
2018	03	ald15_24	53	6221
2018	03	ald15_24	54	853
2018	03	ald15_24	61	31
2018	03	ald15_24	62	10
2018	03	ald15_24	71	1116
2018	03	ald15_24	72	646
2018	03	ald15_24	73	68
2018	03	ald15_24	74	1605
2018	03	ald15_24	75	206
2018	03	ald15_24	81	284
2018	03	ald15_24	82	9
2018	03	ald15_24	83	537
2018	03	ald15_24	91	751
2018	03	ald15_24	92	41
2018	03	ald15_24	93	570
2018	03	ald15_24	94	994
2018	03	ald15_24	96	428
2018	03	ald25_54	00	1695
2018	03	ald25_54	01	897
2018	03	ald25_54	02	58
2018	03	ald25_54	03	215
2018	03	ald25_54	11	6800
2018	03	ald25_54	12	12899
2018	03	ald25_54	13	10684
2018	03	ald25_54	14	5070
2018	03	ald25_54	21	15673
2018	03	ald25_54	22	15796
2018	03	ald25_54	23	18283
2018	03	ald25_54	24	41373
2018	03	ald25_54	25	16717
2018	03	ald25_54	26	15009
2018	03	ald25_54	31	11251
2018	03	ald25_54	32	4470
2018	03	ald25_54	33	35081
2018	03	ald25_54	34	4955
2018	03	ald25_54	35	6526
2018	03	ald25_54	41	9507
2018	03	ald25_54	42	5019
2018	03	ald25_54	43	8857
2018	03	ald25_54	44	657
2018	03	ald25_54	51	11664
2018	03	ald25_54	52	13946
2018	03	ald25_54	53	17932
2018	03	ald25_54	54	2925
2018	03	ald25_54	61	201
2018	03	ald25_54	62	43
2018	03	ald25_54	71	8789
2018	03	ald25_54	72	2416
2018	03	ald25_54	73	509
2018	03	ald25_54	74	3335
2018	03	ald25_54	75	1018
2018	03	ald25_54	81	1675
2018	03	ald25_54	82	105
2018	03	ald25_54	83	6746
2018	03	ald25_54	91	7116
2018	03	ald25_54	92	51
2018	03	ald25_54	93	1882
2018	03	ald25_54	94	2931
2018	03	ald25_54	95	25
2018	03	ald25_54	96	985
2018	03	ald55_66	00	277
2018	03	ald55_66	01	50
2018	03	ald55_66	03	11
2018	03	ald55_66	11	2939
2018	03	ald55_66	12	4251
2018	03	ald55_66	13	3905
2018	03	ald55_66	14	840
2018	03	ald55_66	21	3022
2018	03	ald55_66	22	3311
2018	03	ald55_66	23	3759
2018	03	ald55_66	24	9715
2018	03	ald55_66	25	2440
2018	03	ald55_66	26	2468
2018	03	ald55_66	31	2859
2018	03	ald55_66	32	1061
2018	03	ald55_66	33	7640
2018	03	ald55_66	34	811
2018	03	ald55_66	35	927
2018	03	ald55_66	41	2448
2018	03	ald55_66	42	950
2018	03	ald55_66	43	2074
2018	03	ald55_66	44	239
2018	03	ald55_66	51	1803
2018	03	ald55_66	52	1407
2018	03	ald55_66	53	3438
2018	03	ald55_66	54	317
2018	03	ald55_66	61	52
2018	03	ald55_66	62	7
2018	03	ald55_66	71	1366
2018	03	ald55_66	72	500
2018	03	ald55_66	73	174
2018	03	ald55_66	74	664
2018	03	ald55_66	75	193
2018	03	ald55_66	81	386
2018	03	ald55_66	82	26
2018	03	ald55_66	83	1771
2018	03	ald55_66	91	1239
2018	03	ald55_66	92	10
2018	03	ald55_66	93	286
2018	03	ald55_66	94	416
2018	03	ald55_66	96	212
2018	03	ald67_74	00	323
2018	03	ald67_74	03	4
2018	03	ald67_74	11	361
2018	03	ald67_74	12	298
2018	03	ald67_74	13	271
2018	03	ald67_74	14	100
2018	03	ald67_74	21	393
2018	03	ald67_74	22	347
2018	03	ald67_74	23	514
2018	03	ald67_74	24	765
2018	03	ald67_74	25	89
2018	03	ald67_74	26	321
2018	03	ald67_74	31	245
2018	03	ald67_74	32	91
2018	03	ald67_74	33	497
2018	03	ald67_74	34	72
2018	03	ald67_74	35	54
2018	03	ald67_74	41	299
2018	03	ald67_74	42	128
2018	03	ald67_74	43	172
2018	03	ald67_74	44	15
2018	03	ald67_74	51	228
2018	03	ald67_74	52	187
2018	03	ald67_74	53	311
2018	03	ald67_74	54	19
2018	03	ald67_74	71	87
2018	03	ald67_74	72	30
2018	03	ald67_74	73	22
2018	03	ald67_74	74	36
2018	03	ald67_74	75	15
2018	03	ald67_74	81	21
2018	03	ald67_74	83	331
2018	03	ald67_74	91	79
2018	03	ald67_74	92	10
2018	03	ald67_74	93	32
2018	03	ald67_74	94	30
2018	03	ald67_74	96	83
2018	04	ald15_24	00	105
2018	04	ald15_24	01	13
2018	04	ald15_24	02	56
2018	04	ald15_24	03	448
2018	04	ald15_24	11	8
2018	04	ald15_24	13	5
2018	04	ald15_24	14	26
2018	04	ald15_24	21	10
2018	04	ald15_24	22	204
2018	04	ald15_24	23	134
2018	04	ald15_24	24	23
2018	04	ald15_24	25	31
2018	04	ald15_24	26	25
2018	04	ald15_24	31	82
2018	04	ald15_24	32	87
2018	04	ald15_24	33	118
2018	04	ald15_24	34	185
2018	04	ald15_24	35	52
2018	04	ald15_24	41	134
2018	04	ald15_24	42	150
2018	04	ald15_24	43	193
2018	04	ald15_24	44	21
2018	04	ald15_24	51	460
2018	04	ald15_24	52	2309
2018	04	ald15_24	53	1974
2018	04	ald15_24	54	49
2018	04	ald15_24	61	212
2018	04	ald15_24	62	22
2018	04	ald15_24	71	544
2018	04	ald15_24	72	421
2018	04	ald15_24	73	4
2018	04	ald15_24	74	389
2018	04	ald15_24	75	41
2018	04	ald15_24	81	350
2018	04	ald15_24	82	10
2018	04	ald15_24	83	282
2018	04	ald15_24	91	273
2018	04	ald15_24	92	56
2018	04	ald15_24	93	287
2018	04	ald15_24	94	226
2018	04	ald15_24	96	87
2018	04	ald25_54	00	237
2018	04	ald25_54	01	745
2018	04	ald25_54	02	41
2018	04	ald25_54	03	94
2018	04	ald25_54	11	761
2018	04	ald25_54	12	954
2018	04	ald25_54	13	1632
2018	04	ald25_54	14	1058
2018	04	ald25_54	21	970
2018	04	ald25_54	22	3937
2018	04	ald25_54	23	4146
2018	04	ald25_54	24	2417
2018	04	ald25_54	25	586
2018	04	ald25_54	26	929
2018	04	ald25_54	31	1614
2018	04	ald25_54	32	997
2018	04	ald25_54	33	2768
2018	04	ald25_54	34	688
2018	04	ald25_54	35	271
2018	04	ald25_54	41	978
2018	04	ald25_54	42	565
2018	04	ald25_54	43	1072
2018	04	ald25_54	44	97
2018	04	ald25_54	51	1452
2018	04	ald25_54	52	3248
2018	04	ald25_54	53	6223
2018	04	ald25_54	54	330
2018	04	ald25_54	61	411
2018	04	ald25_54	62	55
2018	04	ald25_54	71	2296
2018	04	ald25_54	72	1452
2018	04	ald25_54	73	68
2018	04	ald25_54	74	836
2018	04	ald25_54	75	253
2018	04	ald25_54	81	1978
2018	04	ald25_54	82	65
2018	04	ald25_54	83	2178
2018	04	ald25_54	91	1342
2018	04	ald25_54	92	81
2018	04	ald25_54	93	597
2018	04	ald25_54	94	354
2018	04	ald25_54	95	7
2018	04	ald25_54	96	368
2018	04	ald55_66	00	106
2018	04	ald55_66	01	44
2018	04	ald55_66	11	396
2018	04	ald55_66	12	430
2018	04	ald55_66	13	872
2018	04	ald55_66	14	242
2018	04	ald55_66	21	342
2018	04	ald55_66	22	994
2018	04	ald55_66	23	1186
2018	04	ald55_66	24	1012
2018	04	ald55_66	25	133
2018	04	ald55_66	26	253
2018	04	ald55_66	31	590
2018	04	ald55_66	32	299
2018	04	ald55_66	33	1081
2018	04	ald55_66	34	178
2018	04	ald55_66	35	68
2018	04	ald55_66	41	499
2018	04	ald55_66	42	159
2018	04	ald55_66	43	419
2018	04	ald55_66	44	118
2018	04	ald55_66	51	501
2018	04	ald55_66	52	820
2018	04	ald55_66	53	2462
2018	04	ald55_66	54	87
2018	04	ald55_66	61	111
2018	04	ald55_66	62	29
2018	04	ald55_66	71	456
2018	04	ald55_66	72	368
2018	04	ald55_66	73	28
2018	04	ald55_66	74	234
2018	04	ald55_66	75	58
2018	04	ald55_66	81	725
2018	04	ald55_66	82	7
2018	04	ald55_66	83	884
2018	04	ald55_66	91	583
2018	04	ald55_66	92	19
2018	04	ald55_66	93	127
2018	04	ald55_66	94	136
2018	04	ald55_66	96	143
2018	04	ald67_74	00	72
2018	04	ald67_74	11	64
2018	04	ald67_74	12	39
2018	04	ald67_74	13	68
2018	04	ald67_74	14	23
2018	04	ald67_74	21	48
2018	04	ald67_74	22	110
2018	04	ald67_74	23	98
2018	04	ald67_74	24	79
2018	04	ald67_74	25	4
2018	04	ald67_74	26	31
2018	04	ald67_74	31	58
2018	04	ald67_74	32	27
2018	04	ald67_74	33	82
2018	04	ald67_74	34	15
2018	04	ald67_74	35	4
2018	04	ald67_74	41	74
2018	04	ald67_74	42	17
2018	04	ald67_74	43	56
2018	04	ald67_74	44	8
2018	04	ald67_74	51	121
2018	04	ald67_74	52	118
2018	04	ald67_74	53	344
2018	04	ald67_74	54	10
2018	04	ald67_74	61	45
2018	04	ald67_74	71	51
2018	04	ald67_74	72	33
2018	04	ald67_74	73	9
2018	04	ald67_74	74	12
2018	04	ald67_74	75	9
2018	04	ald67_74	81	48
2018	04	ald67_74	83	207
2018	04	ald67_74	91	95
2018	04	ald67_74	92	9
2018	04	ald67_74	93	27
2018	04	ald67_74	94	25
2018	04	ald67_74	96	33
2018	05	ald15_24	00	95
2018	05	ald15_24	01	11
2018	05	ald15_24	02	20
2018	05	ald15_24	03	392
2018	05	ald15_24	11	13
2018	05	ald15_24	12	5
2018	05	ald15_24	13	8
2018	05	ald15_24	14	54
2018	05	ald15_24	21	5
2018	05	ald15_24	22	212
2018	05	ald15_24	23	186
2018	05	ald15_24	24	33
2018	05	ald15_24	25	17
2018	05	ald15_24	26	44
2018	05	ald15_24	31	43
2018	05	ald15_24	32	82
2018	05	ald15_24	33	207
2018	05	ald15_24	34	104
2018	05	ald15_24	35	57
2018	05	ald15_24	41	121
2018	05	ald15_24	42	374
2018	05	ald15_24	43	166
2018	05	ald15_24	44	18
2018	05	ald15_24	51	685
2018	05	ald15_24	52	2693
2018	05	ald15_24	53	2005
2018	05	ald15_24	54	36
2018	05	ald15_24	61	389
2018	05	ald15_24	62	20
2018	05	ald15_24	71	570
2018	05	ald15_24	72	490
2018	05	ald15_24	73	24
2018	05	ald15_24	74	496
2018	05	ald15_24	75	46
2018	05	ald15_24	81	380
2018	05	ald15_24	82	25
2018	05	ald15_24	83	339
2018	05	ald15_24	91	196
2018	05	ald15_24	92	47
2018	05	ald15_24	93	403
2018	05	ald15_24	94	338
2018	05	ald15_24	96	63
2018	05	ald25_54	00	266
2018	05	ald25_54	01	238
2018	05	ald25_54	02	18
2018	05	ald25_54	03	43
2018	05	ald25_54	11	755
2018	05	ald25_54	12	749
2018	05	ald25_54	13	1626
2018	05	ald25_54	14	1032
2018	05	ald25_54	21	982
2018	05	ald25_54	22	3854
2018	05	ald25_54	23	4373
2018	05	ald25_54	24	1863
2018	05	ald25_54	25	460
2018	05	ald25_54	26	882
2018	05	ald25_54	31	1673
2018	05	ald25_54	32	920
2018	05	ald25_54	33	2600
2018	05	ald25_54	34	632
2018	05	ald25_54	35	269
2018	05	ald25_54	41	990
2018	05	ald25_54	42	700
2018	05	ald25_54	43	995
2018	05	ald25_54	44	87
2018	05	ald25_54	51	1731
2018	05	ald25_54	52	3410
2018	05	ald25_54	53	5964
2018	05	ald25_54	54	168
2018	05	ald25_54	61	453
2018	05	ald25_54	62	28
2018	05	ald25_54	71	2488
2018	05	ald25_54	72	1322
2018	05	ald25_54	73	96
2018	05	ald25_54	74	904
2018	05	ald25_54	75	254
2018	05	ald25_54	81	2226
2018	05	ald25_54	82	112
2018	05	ald25_54	83	2429
2018	05	ald25_54	91	1398
2018	05	ald25_54	92	53
2018	05	ald25_54	93	705
2018	05	ald25_54	94	391
2018	05	ald25_54	96	309
2018	05	ald55_66	00	117
2018	05	ald55_66	01	32
2018	05	ald55_66	11	389
2018	05	ald55_66	12	378
2018	05	ald55_66	13	740
2018	05	ald55_66	14	272
2018	05	ald55_66	21	324
2018	05	ald55_66	22	998
2018	05	ald55_66	23	1155
2018	05	ald55_66	24	767
2018	05	ald55_66	25	107
2018	05	ald55_66	26	246
2018	05	ald55_66	31	529
2018	05	ald55_66	32	280
2018	05	ald55_66	33	1021
2018	05	ald55_66	34	167
2018	05	ald55_66	35	64
2018	05	ald55_66	41	506
2018	05	ald55_66	42	144
2018	05	ald55_66	43	395
2018	05	ald55_66	44	123
2018	05	ald55_66	51	602
2018	05	ald55_66	52	863
2018	05	ald55_66	53	2385
2018	05	ald55_66	54	50
2018	05	ald55_66	61	146
2018	05	ald55_66	62	10
2018	05	ald55_66	71	516
2018	05	ald55_66	72	295
2018	05	ald55_66	73	49
2018	05	ald55_66	74	181
2018	05	ald55_66	75	61
2018	05	ald55_66	81	672
2018	05	ald55_66	82	41
2018	05	ald55_66	83	885
2018	05	ald55_66	91	565
2018	05	ald55_66	92	13
2018	05	ald55_66	93	136
2018	05	ald55_66	94	115
2018	05	ald55_66	96	114
2018	05	ald67_74	00	60
2018	05	ald67_74	11	66
2018	05	ald67_74	12	24
2018	05	ald67_74	13	51
2018	05	ald67_74	14	27
2018	05	ald67_74	21	43
2018	05	ald67_74	22	102
2018	05	ald67_74	23	103
2018	05	ald67_74	24	51
2018	05	ald67_74	26	37
2018	05	ald67_74	31	37
2018	05	ald67_74	32	19
2018	05	ald67_74	33	85
2018	05	ald67_74	34	19
2018	05	ald67_74	41	75
2018	05	ald67_74	42	23
2018	05	ald67_74	43	42
2018	05	ald67_74	44	10
2018	05	ald67_74	51	85
2018	05	ald67_74	52	119
2018	05	ald67_74	53	415
2018	05	ald67_74	54	5
2018	05	ald67_74	61	66
2018	05	ald67_74	62	5
2018	05	ald67_74	71	43
2018	05	ald67_74	72	43
2018	05	ald67_74	74	15
2018	05	ald67_74	75	7
2018	05	ald67_74	81	44
2018	05	ald67_74	83	233
2018	05	ald67_74	91	82
2018	05	ald67_74	93	20
2018	05	ald67_74	94	17
2018	05	ald67_74	96	33
2018	06	ald15_24	00	86
2018	06	ald15_24	01	12
2018	06	ald15_24	02	22
2018	06	ald15_24	03	456
2018	06	ald15_24	11	14
2018	06	ald15_24	12	5
2018	06	ald15_24	13	16
2018	06	ald15_24	14	47
2018	06	ald15_24	21	28
2018	06	ald15_24	22	281
2018	06	ald15_24	23	297
2018	06	ald15_24	24	52
2018	06	ald15_24	25	27
2018	06	ald15_24	26	40
2018	06	ald15_24	31	137
2018	06	ald15_24	32	82
2018	06	ald15_24	33	252
2018	06	ald15_24	34	278
2018	06	ald15_24	35	97
2018	06	ald15_24	41	239
2018	06	ald15_24	42	263
2018	06	ald15_24	43	353
2018	06	ald15_24	44	17
2018	06	ald15_24	51	796
2018	06	ald15_24	52	3966
2018	06	ald15_24	53	1996
2018	06	ald15_24	54	106
2018	06	ald15_24	61	136
2018	06	ald15_24	62	9
2018	06	ald15_24	71	749
2018	06	ald15_24	72	597
2018	06	ald15_24	73	21
2018	06	ald15_24	74	773
2018	06	ald15_24	75	88
2018	06	ald15_24	81	251
2018	06	ald15_24	82	13
2018	06	ald15_24	83	390
2018	06	ald15_24	91	319
2018	06	ald15_24	92	38
2018	06	ald15_24	93	627
2018	06	ald15_24	94	365
2018	06	ald15_24	96	94
2018	06	ald25_54	00	467
2018	06	ald25_54	01	198
2018	06	ald25_54	02	10
2018	06	ald25_54	03	40
2018	06	ald25_54	11	1396
2018	06	ald25_54	12	1551
2018	06	ald25_54	13	2851
2018	06	ald25_54	14	1645
2018	06	ald25_54	21	2051
2018	06	ald25_54	22	4906
2018	06	ald25_54	23	5922
2018	06	ald25_54	24	3436
2018	06	ald25_54	25	780
2018	06	ald25_54	26	1285
2018	06	ald25_54	31	4982
2018	06	ald25_54	32	1263
2018	06	ald25_54	33	4754
2018	06	ald25_54	34	916
2018	06	ald25_54	35	611
2018	06	ald25_54	41	1977
2018	06	ald25_54	42	903
2018	06	ald25_54	43	2294
2018	06	ald25_54	44	158
2018	06	ald25_54	51	2285
2018	06	ald25_54	52	4660
2018	06	ald25_54	53	8163
2018	06	ald25_54	54	480
2018	06	ald25_54	61	382
2018	06	ald25_54	62	27
2018	06	ald25_54	71	4055
2018	06	ald25_54	72	2240
2018	06	ald25_54	73	125
2018	06	ald25_54	74	1425
2018	06	ald25_54	75	416
2018	06	ald25_54	81	1914
2018	06	ald25_54	82	401
2018	06	ald25_54	83	3120
2018	06	ald25_54	91	2026
2018	06	ald25_54	92	122
2018	06	ald25_54	93	1430
2018	06	ald25_54	94	530
2018	06	ald25_54	96	354
2018	06	ald55_66	00	152
2018	06	ald55_66	01	44
2018	06	ald55_66	03	4
2018	06	ald55_66	11	695
2018	06	ald55_66	12	650
2018	06	ald55_66	13	1193
2018	06	ald55_66	14	354
2018	06	ald55_66	21	565
2018	06	ald55_66	22	1255
2018	06	ald55_66	23	1461
2018	06	ald55_66	24	1148
2018	06	ald55_66	25	174
2018	06	ald55_66	26	326
2018	06	ald55_66	31	1397
2018	06	ald55_66	32	334
2018	06	ald55_66	33	1507
2018	06	ald55_66	34	206
2018	06	ald55_66	35	103
2018	06	ald55_66	41	784
2018	06	ald55_66	42	183
2018	06	ald55_66	43	721
2018	06	ald55_66	44	112
2018	06	ald55_66	51	588
2018	06	ald55_66	52	974
2018	06	ald55_66	53	2964
2018	06	ald55_66	54	77
2018	06	ald55_66	61	74
2018	06	ald55_66	62	13
2018	06	ald55_66	71	670
2018	06	ald55_66	72	529
2018	06	ald55_66	73	47
2018	06	ald55_66	74	306
2018	06	ald55_66	75	67
2018	06	ald55_66	81	493
2018	06	ald55_66	82	137
2018	06	ald55_66	83	1010
2018	06	ald55_66	91	509
2018	06	ald55_66	92	30
2018	06	ald55_66	93	276
2018	06	ald55_66	94	162
2018	06	ald55_66	96	81
2018	06	ald67_74	00	60
2018	06	ald67_74	11	135
2018	06	ald67_74	12	50
2018	06	ald67_74	13	92
2018	06	ald67_74	14	50
2018	06	ald67_74	21	57
2018	06	ald67_74	22	104
2018	06	ald67_74	23	116
2018	06	ald67_74	24	100
2018	06	ald67_74	25	6
2018	06	ald67_74	26	44
2018	06	ald67_74	31	107
2018	06	ald67_74	32	32
2018	06	ald67_74	33	165
2018	06	ald67_74	34	25
2018	06	ald67_74	35	6
2018	06	ald67_74	41	102
2018	06	ald67_74	42	15
2018	06	ald67_74	43	80
2018	06	ald67_74	44	12
2018	06	ald67_74	51	115
2018	06	ald67_74	52	175
2018	06	ald67_74	53	410
2018	06	ald67_74	54	9
2018	06	ald67_74	61	25
2018	06	ald67_74	71	49
2018	06	ald67_74	72	41
2018	06	ald67_74	73	7
2018	06	ald67_74	74	26
2018	06	ald67_74	75	9
2018	06	ald67_74	81	38
2018	06	ald67_74	82	6
2018	06	ald67_74	83	225
2018	06	ald67_74	91	69
2018	06	ald67_74	93	57
2018	06	ald67_74	94	26
2018	06	ald67_74	96	30
2018	07	ald15_24	00	124
2018	07	ald15_24	01	4
2018	07	ald15_24	02	26
2018	07	ald15_24	03	449
2018	07	ald15_24	11	12
2018	07	ald15_24	12	5
2018	07	ald15_24	13	7
2018	07	ald15_24	14	45
2018	07	ald15_24	21	14
2018	07	ald15_24	22	158
2018	07	ald15_24	23	166
2018	07	ald15_24	24	40
2018	07	ald15_24	25	26
2018	07	ald15_24	26	76
2018	07	ald15_24	31	111
2018	07	ald15_24	32	73
2018	07	ald15_24	33	308
2018	07	ald15_24	34	204
2018	07	ald15_24	35	115
2018	07	ald15_24	41	159
2018	07	ald15_24	42	215
2018	07	ald15_24	43	297
2018	07	ald15_24	44	17
2018	07	ald15_24	51	687
2018	07	ald15_24	52	3431
2018	07	ald15_24	53	1972
2018	07	ald15_24	54	106
2018	07	ald15_24	61	158
2018	07	ald15_24	62	7
2018	07	ald15_24	71	626
2018	07	ald15_24	72	480
2018	07	ald15_24	73	18
2018	07	ald15_24	74	486
2018	07	ald15_24	75	74
2018	07	ald15_24	81	346
2018	07	ald15_24	82	45
2018	07	ald15_24	83	240
2018	07	ald15_24	91	352
2018	07	ald15_24	92	64
2018	07	ald15_24	93	515
2018	07	ald15_24	94	301
2018	07	ald15_24	96	75
2018	07	ald25_54	00	251
2018	07	ald25_54	01	206
2018	07	ald25_54	02	10
2018	07	ald25_54	03	50
2018	07	ald25_54	11	1096
2018	07	ald25_54	12	1346
2018	07	ald25_54	13	2125
2018	07	ald25_54	14	1271
2018	07	ald25_54	21	1453
2018	07	ald25_54	22	4271
2018	07	ald25_54	23	5398
2018	07	ald25_54	24	2826
2018	07	ald25_54	25	953
2018	07	ald25_54	26	1214
2018	07	ald25_54	31	3307
2018	07	ald25_54	32	1150
2018	07	ald25_54	33	4563
2018	07	ald25_54	34	881
2018	07	ald25_54	35	535
2018	07	ald25_54	41	1518
2018	07	ald25_54	42	775
2018	07	ald25_54	43	2043
2018	07	ald25_54	44	113
2018	07	ald25_54	51	2063
2018	07	ald25_54	52	3867
2018	07	ald25_54	53	7646
2018	07	ald25_54	54	618
2018	07	ald25_54	61	358
2018	07	ald25_54	62	9
2018	07	ald25_54	71	3308
2018	07	ald25_54	72	1636
2018	07	ald25_54	73	126
2018	07	ald25_54	74	1056
2018	07	ald25_54	75	328
2018	07	ald25_54	81	2302
2018	07	ald25_54	82	350
2018	07	ald25_54	83	1793
2018	07	ald25_54	91	1734
2018	07	ald25_54	92	85
2018	07	ald25_54	93	1228
2018	07	ald25_54	94	343
2018	07	ald25_54	95	4
2018	07	ald25_54	96	351
2018	07	ald55_66	00	61
2018	07	ald55_66	01	31
2018	07	ald55_66	11	571
2018	07	ald55_66	12	644
2018	07	ald55_66	13	1011
2018	07	ald55_66	14	343
2018	07	ald55_66	21	391
2018	07	ald55_66	22	1160
2018	07	ald55_66	23	1423
2018	07	ald55_66	24	1050
2018	07	ald55_66	25	172
2018	07	ald55_66	26	354
2018	07	ald55_66	31	1038
2018	07	ald55_66	32	413
2018	07	ald55_66	33	1318
2018	07	ald55_66	34	184
2018	07	ald55_66	35	86
2018	07	ald55_66	41	664
2018	07	ald55_66	42	180
2018	07	ald55_66	43	698
2018	07	ald55_66	44	80
2018	07	ald55_66	51	513
2018	07	ald55_66	52	952
2018	07	ald55_66	53	2826
2018	07	ald55_66	54	126
2018	07	ald55_66	61	102
2018	07	ald55_66	71	584
2018	07	ald55_66	72	426
2018	07	ald55_66	73	48
2018	07	ald55_66	74	263
2018	07	ald55_66	75	79
2018	07	ald55_66	81	592
2018	07	ald55_66	82	99
2018	07	ald55_66	83	665
2018	07	ald55_66	91	520
2018	07	ald55_66	92	27
2018	07	ald55_66	93	191
2018	07	ald55_66	94	106
2018	07	ald55_66	96	59
2018	07	ald67_74	00	32
2018	07	ald67_74	03	7
2018	07	ald67_74	11	87
2018	07	ald67_74	12	67
2018	07	ald67_74	13	66
2018	07	ald67_74	14	36
2018	07	ald67_74	21	40
2018	07	ald67_74	22	108
2018	07	ald67_74	23	88
2018	07	ald67_74	24	86
2018	07	ald67_74	25	4
2018	07	ald67_74	26	38
2018	07	ald67_74	31	87
2018	07	ald67_74	32	15
2018	07	ald67_74	33	106
2018	07	ald67_74	34	21
2018	07	ald67_74	35	8
2018	07	ald67_74	41	83
2018	07	ald67_74	42	14
2018	07	ald67_74	43	64
2018	07	ald67_74	44	13
2018	07	ald67_74	51	116
2018	07	ald67_74	52	123
2018	07	ald67_74	53	331
2018	07	ald67_74	54	19
2018	07	ald67_74	61	20
2018	07	ald67_74	71	62
2018	07	ald67_74	72	48
2018	07	ald67_74	73	12
2018	07	ald67_74	74	9
2018	07	ald67_74	81	42
2018	07	ald67_74	82	4
2018	07	ald67_74	83	144
2018	07	ald67_74	91	68
2018	07	ald67_74	92	7
2018	07	ald67_74	93	36
2018	07	ald67_74	94	10
2018	07	ald67_74	96	26
2018	08	ald15_24	00	58
2018	08	ald15_24	01	4
2018	08	ald15_24	02	15
2018	08	ald15_24	03	291
2018	08	ald15_24	11	5
2018	08	ald15_24	12	5
2018	08	ald15_24	14	33
2018	08	ald15_24	21	12
2018	08	ald15_24	22	170
2018	08	ald15_24	23	246
2018	08	ald15_24	24	26
2018	08	ald15_24	25	20
2018	08	ald15_24	26	16
2018	08	ald15_24	31	61
2018	08	ald15_24	32	65
2018	08	ald15_24	33	106
2018	08	ald15_24	34	101
2018	08	ald15_24	35	39
2018	08	ald15_24	41	92
2018	08	ald15_24	42	88
2018	08	ald15_24	43	96
2018	08	ald15_24	44	18
2018	08	ald15_24	51	488
2018	08	ald15_24	52	2348
2018	08	ald15_24	53	1247
2018	08	ald15_24	54	61
2018	08	ald15_24	61	122
2018	08	ald15_24	62	4
2018	08	ald15_24	71	474
2018	08	ald15_24	72	396
2018	08	ald15_24	73	8
2018	08	ald15_24	74	411
2018	08	ald15_24	75	33
2018	08	ald15_24	81	384
2018	08	ald15_24	82	27
2018	08	ald15_24	83	237
2018	08	ald15_24	91	205
2018	08	ald15_24	92	21
2018	08	ald15_24	93	350
2018	08	ald15_24	94	192
2018	08	ald15_24	96	52
2018	08	ald25_54	00	194
2018	08	ald25_54	01	39
2018	08	ald25_54	03	11
2018	08	ald25_54	11	716
2018	08	ald25_54	12	688
2018	08	ald25_54	13	1452
2018	08	ald25_54	14	959
2018	08	ald25_54	21	985
2018	08	ald25_54	22	3471
2018	08	ald25_54	23	4219
2018	08	ald25_54	24	1509
2018	08	ald25_54	25	384
2018	08	ald25_54	26	833
2018	08	ald25_54	31	1986
2018	08	ald25_54	32	689
2018	08	ald25_54	33	2487
2018	08	ald25_54	34	620
2018	08	ald25_54	35	304
2018	08	ald25_54	41	963
2018	08	ald25_54	42	416
2018	08	ald25_54	43	813
2018	08	ald25_54	44	104
2018	08	ald25_54	51	1327
2018	08	ald25_54	52	3228
2018	08	ald25_54	53	5686
2018	08	ald25_54	54	356
2018	08	ald25_54	61	159
2018	08	ald25_54	62	44
2018	08	ald25_54	71	2044
2018	08	ald25_54	72	1384
2018	08	ald25_54	73	102
2018	08	ald25_54	74	1012
2018	08	ald25_54	75	117
2018	08	ald25_54	81	1732
2018	08	ald25_54	82	269
2018	08	ald25_54	83	1830
2018	08	ald25_54	91	1146
2018	08	ald25_54	92	55
2018	08	ald25_54	93	458
2018	08	ald25_54	94	270
2018	08	ald25_54	96	242
2018	08	ald55_66	00	81
2018	08	ald55_66	11	377
2018	08	ald55_66	12	334
2018	08	ald55_66	13	742
2018	08	ald55_66	14	222
2018	08	ald55_66	21	352
2018	08	ald55_66	22	856
2018	08	ald55_66	23	1069
2018	08	ald55_66	24	686
2018	08	ald55_66	25	75
2018	08	ald55_66	26	254
2018	08	ald55_66	31	753
2018	08	ald55_66	32	225
2018	08	ald55_66	33	1020
2018	08	ald55_66	34	144
2018	08	ald55_66	35	45
2018	08	ald55_66	41	500
2018	08	ald55_66	42	100
2018	08	ald55_66	43	352
2018	08	ald55_66	44	116
2018	08	ald55_66	51	355
2018	08	ald55_66	52	685
2018	08	ald55_66	53	2258
2018	08	ald55_66	54	87
2018	08	ald55_66	61	48
2018	08	ald55_66	62	7
2018	08	ald55_66	71	318
2018	08	ald55_66	72	368
2018	08	ald55_66	73	43
2018	08	ald55_66	74	259
2018	08	ald55_66	75	19
2018	08	ald55_66	81	456
2018	08	ald55_66	82	81
2018	08	ald55_66	83	698
2018	08	ald55_66	91	418
2018	08	ald55_66	92	11
2018	08	ald55_66	93	110
2018	08	ald55_66	94	82
2018	08	ald55_66	96	58
2018	08	ald67_74	00	32
2018	08	ald67_74	11	77
2018	08	ald67_74	12	36
2018	08	ald67_74	13	56
2018	08	ald67_74	14	30
2018	08	ald67_74	21	45
2018	08	ald67_74	22	73
2018	08	ald67_74	23	90
2018	08	ald67_74	24	51
2018	08	ald67_74	25	8
2018	08	ald67_74	26	29
2018	08	ald67_74	31	50
2018	08	ald67_74	32	22
2018	08	ald67_74	33	66
2018	08	ald67_74	34	18
2018	08	ald67_74	35	7
2018	08	ald67_74	41	54
2018	08	ald67_74	42	16
2018	08	ald67_74	43	48
2018	08	ald67_74	51	60
2018	08	ald67_74	52	69
2018	08	ald67_74	53	313
2018	08	ald67_74	54	6
2018	08	ald67_74	61	18
2018	08	ald67_74	62	4
2018	08	ald67_74	71	35
2018	08	ald67_74	72	28
2018	08	ald67_74	73	8
2018	08	ald67_74	74	16
2018	08	ald67_74	81	22
2018	08	ald67_74	82	10
2018	08	ald67_74	83	168
2018	08	ald67_74	91	35
2018	08	ald67_74	93	28
2018	08	ald67_74	94	6
2018	08	ald67_74	96	40
2018	09	ald15_24	00	38
2018	09	ald15_24	02	10
2018	09	ald15_24	03	249
2018	09	ald15_24	11	7
2018	09	ald15_24	12	5
2018	09	ald15_24	14	16
2018	09	ald15_24	21	6
2018	09	ald15_24	22	122
2018	09	ald15_24	23	168
2018	09	ald15_24	24	16
2018	09	ald15_24	25	15
2018	09	ald15_24	26	10
2018	09	ald15_24	31	36
2018	09	ald15_24	32	43
2018	09	ald15_24	33	59
2018	09	ald15_24	34	84
2018	09	ald15_24	35	50
2018	09	ald15_24	41	73
2018	09	ald15_24	42	64
2018	09	ald15_24	43	131
2018	09	ald15_24	44	7
2018	09	ald15_24	51	352
2018	09	ald15_24	52	1712
2018	09	ald15_24	53	947
2018	09	ald15_24	54	29
2018	09	ald15_24	61	53
2018	09	ald15_24	71	364
2018	09	ald15_24	72	250
2018	09	ald15_24	74	226
2018	09	ald15_24	75	24
2018	09	ald15_24	81	180
2018	09	ald15_24	82	8
2018	09	ald15_24	83	148
2018	09	ald15_24	91	145
2018	09	ald15_24	92	26
2018	09	ald15_24	93	172
2018	09	ald15_24	94	236
2018	09	ald15_24	96	32
2018	09	ald25_54	00	136
2018	09	ald25_54	01	43
2018	09	ald25_54	02	5
2018	09	ald25_54	03	5
2018	09	ald25_54	11	525
2018	09	ald25_54	12	513
2018	09	ald25_54	13	955
2018	09	ald25_54	14	534
2018	09	ald25_54	21	518
2018	09	ald25_54	22	2204
2018	09	ald25_54	23	2922
2018	09	ald25_54	24	1246
2018	09	ald25_54	25	502
2018	09	ald25_54	26	559
2018	09	ald25_54	31	1300
2018	09	ald25_54	32	449
2018	09	ald25_54	33	1477
2018	09	ald25_54	34	488
2018	09	ald25_54	35	229
2018	09	ald25_54	41	763
2018	09	ald25_54	42	222
2018	09	ald25_54	43	709
2018	09	ald25_54	44	74
2018	09	ald25_54	51	784
2018	09	ald25_54	52	2065
2018	09	ald25_54	53	3720
2018	09	ald25_54	54	165
2018	09	ald25_54	61	117
2018	09	ald25_54	62	18
2018	09	ald25_54	71	1491
2018	09	ald25_54	72	698
2018	09	ald25_54	73	67
2018	09	ald25_54	74	509
2018	09	ald25_54	75	131
2018	09	ald25_54	81	977
2018	09	ald25_54	82	127
2018	09	ald25_54	83	1107
2018	09	ald25_54	91	774
2018	09	ald25_54	92	24
2018	09	ald25_54	93	417
2018	09	ald25_54	94	158
2018	09	ald25_54	96	170
2018	09	ald55_66	00	41
2018	09	ald55_66	01	7
2018	09	ald55_66	11	263
2018	09	ald55_66	12	276
2018	09	ald55_66	13	386
2018	09	ald55_66	14	162
2018	09	ald55_66	21	160
2018	09	ald55_66	22	600
2018	09	ald55_66	23	653
2018	09	ald55_66	24	436
2018	09	ald55_66	25	77
2018	09	ald55_66	26	142
2018	09	ald55_66	31	399
2018	09	ald55_66	32	139
2018	09	ald55_66	33	472
2018	09	ald55_66	34	96
2018	09	ald55_66	35	51
2018	09	ald55_66	41	364
2018	09	ald55_66	42	62
2018	09	ald55_66	43	194
2018	09	ald55_66	44	71
2018	09	ald55_66	51	222
2018	09	ald55_66	52	435
2018	09	ald55_66	53	1292
2018	09	ald55_66	54	30
2018	09	ald55_66	61	24
2018	09	ald55_66	62	4
2018	09	ald55_66	71	234
2018	09	ald55_66	72	132
2018	09	ald55_66	73	28
2018	09	ald55_66	74	116
2018	09	ald55_66	75	19
2018	09	ald55_66	81	233
2018	09	ald55_66	82	94
2018	09	ald55_66	83	424
2018	09	ald55_66	91	255
2018	09	ald55_66	92	16
2018	09	ald55_66	93	75
2018	09	ald55_66	94	40
2018	09	ald55_66	96	35
2018	09	ald67_74	00	19
2018	09	ald67_74	11	47
2018	09	ald67_74	12	20
2018	09	ald67_74	13	30
2018	09	ald67_74	14	14
2018	09	ald67_74	21	20
2018	09	ald67_74	22	41
2018	09	ald67_74	23	52
2018	09	ald67_74	24	34
2018	09	ald67_74	25	4
2018	09	ald67_74	26	26
2018	09	ald67_74	31	31
2018	09	ald67_74	32	11
2018	09	ald67_74	33	26
2018	09	ald67_74	34	9
2018	09	ald67_74	41	43
2018	09	ald67_74	42	13
2018	09	ald67_74	43	17
2018	09	ald67_74	51	35
2018	09	ald67_74	52	50
2018	09	ald67_74	53	151
2018	09	ald67_74	61	10
2018	09	ald67_74	71	20
2018	09	ald67_74	72	21
2018	09	ald67_74	73	6
2018	09	ald67_74	74	8
2018	09	ald67_74	81	19
2018	09	ald67_74	82	4
2018	09	ald67_74	83	127
2018	09	ald67_74	91	34
2018	09	ald67_74	93	5
2018	09	ald67_74	94	15
2018	09	ald67_74	96	9
2018	10	ald15_24	00	68
2018	10	ald15_24	02	18
2018	10	ald15_24	03	365
2018	10	ald15_24	11	13
2018	10	ald15_24	12	5
2018	10	ald15_24	13	8
2018	10	ald15_24	14	43
2018	10	ald15_24	21	23
2018	10	ald15_24	22	204
2018	10	ald15_24	23	277
2018	10	ald15_24	24	25
2018	10	ald15_24	25	15
2018	10	ald15_24	26	44
2018	10	ald15_24	31	72
2018	10	ald15_24	32	85
2018	10	ald15_24	33	190
2018	10	ald15_24	34	227
2018	10	ald15_24	35	86
2018	10	ald15_24	41	166
2018	10	ald15_24	42	167
2018	10	ald15_24	43	308
2018	10	ald15_24	44	26
2018	10	ald15_24	51	829
2018	10	ald15_24	52	3348
2018	10	ald15_24	53	1680
2018	10	ald15_24	54	87
2018	10	ald15_24	61	151
2018	10	ald15_24	62	40
2018	10	ald15_24	71	791
2018	10	ald15_24	72	465
2018	10	ald15_24	73	19
2018	10	ald15_24	74	455
2018	10	ald15_24	75	45
2018	10	ald15_24	81	508
2018	10	ald15_24	82	12
2018	10	ald15_24	83	247
2018	10	ald15_24	91	339
2018	10	ald15_24	92	41
2018	10	ald15_24	93	421
2018	10	ald15_24	94	226
2018	10	ald15_24	96	58
2018	10	ald25_54	00	179
2018	10	ald25_54	01	130
2018	10	ald25_54	03	21
2018	10	ald25_54	11	849
2018	10	ald25_54	12	1043
2018	10	ald25_54	13	1851
2018	10	ald25_54	14	1106
2018	10	ald25_54	21	1356
2018	10	ald25_54	22	3670
2018	10	ald25_54	23	5075
2018	10	ald25_54	24	1954
2018	10	ald25_54	25	654
2018	10	ald25_54	26	1190
2018	10	ald25_54	31	2862
2018	10	ald25_54	32	901
2018	10	ald25_54	33	3391
2018	10	ald25_54	34	1016
2018	10	ald25_54	35	418
2018	10	ald25_54	41	1376
2018	10	ald25_54	42	614
2018	10	ald25_54	43	1431
2018	10	ald25_54	44	102
2018	10	ald25_54	51	1559
2018	10	ald25_54	52	3609
2018	10	ald25_54	53	6161
2018	10	ald25_54	54	344
2018	10	ald25_54	61	159
2018	10	ald25_54	62	92
2018	10	ald25_54	71	2579
2018	10	ald25_54	72	1676
2018	10	ald25_54	73	77
2018	10	ald25_54	74	993
2018	10	ald25_54	75	220
2018	10	ald25_54	81	1874
2018	10	ald25_54	82	55
2018	10	ald25_54	83	1806
2018	10	ald25_54	91	1281
2018	10	ald25_54	92	34
2018	10	ald25_54	93	763
2018	10	ald25_54	94	308
2018	10	ald25_54	95	4
2018	10	ald25_54	96	203
2018	10	ald55_66	00	66
2018	10	ald55_66	01	33
2018	10	ald55_66	11	338
2018	10	ald55_66	12	452
2018	10	ald55_66	13	774
2018	10	ald55_66	14	249
2018	10	ald55_66	21	295
2018	10	ald55_66	22	831
2018	10	ald55_66	23	1171
2018	10	ald55_66	24	633
2018	10	ald55_66	25	83
2018	10	ald55_66	26	342
2018	10	ald55_66	31	779
2018	10	ald55_66	32	191
2018	10	ald55_66	33	1090
2018	10	ald55_66	34	223
2018	10	ald55_66	35	51
2018	10	ald55_66	41	575
2018	10	ald55_66	42	153
2018	10	ald55_66	43	400
2018	10	ald55_66	44	90
2018	10	ald55_66	51	372
2018	10	ald55_66	52	668
2018	10	ald55_66	53	2143
2018	10	ald55_66	54	82
2018	10	ald55_66	61	31
2018	10	ald55_66	62	17
2018	10	ald55_66	71	372
2018	10	ald55_66	72	393
2018	10	ald55_66	73	15
2018	10	ald55_66	74	230
2018	10	ald55_66	75	36
2018	10	ald55_66	81	543
2018	10	ald55_66	82	16
2018	10	ald55_66	83	578
2018	10	ald55_66	91	432
2018	10	ald55_66	92	9
2018	10	ald55_66	93	104
2018	10	ald55_66	94	99
2018	10	ald55_66	96	56
2018	10	ald67_74	00	46
2018	10	ald67_74	11	53
2018	10	ald67_74	12	30
2018	10	ald67_74	13	39
2018	10	ald67_74	14	29
2018	10	ald67_74	21	31
2018	10	ald67_74	22	97
2018	10	ald67_74	23	116
2018	10	ald67_74	24	71
2018	10	ald67_74	25	7
2018	10	ald67_74	26	46
2018	10	ald67_74	31	66
2018	10	ald67_74	32	16
2018	10	ald67_74	33	92
2018	10	ald67_74	34	22
2018	10	ald67_74	35	4
2018	10	ald67_74	41	50
2018	10	ald67_74	42	13
2018	10	ald67_74	43	56
2018	10	ald67_74	44	11
2018	10	ald67_74	51	89
2018	10	ald67_74	52	89
2018	10	ald67_74	53	268
2018	10	ald67_74	54	7
2018	10	ald67_74	61	12
2018	10	ald67_74	71	23
2018	10	ald67_74	72	28
2018	10	ald67_74	73	6
2018	10	ald67_74	74	18
2018	10	ald67_74	75	7
2018	10	ald67_74	81	25
2018	10	ald67_74	83	135
2018	10	ald67_74	91	40
2018	10	ald67_74	93	25
2018	10	ald67_74	94	12
2018	10	ald67_74	96	28
2018	11	ald15_24	00	162
2018	11	ald15_24	01	11
2018	11	ald15_24	02	33
2018	11	ald15_24	03	842
2018	11	ald15_24	11	29
2018	11	ald15_24	12	16
2018	11	ald15_24	13	15
2018	11	ald15_24	14	95
2018	11	ald15_24	21	56
2018	11	ald15_24	22	459
2018	11	ald15_24	23	658
2018	11	ald15_24	24	92
2018	11	ald15_24	25	97
2018	11	ald15_24	26	148
2018	11	ald15_24	31	381
2018	11	ald15_24	32	161
2018	11	ald15_24	33	480
2018	11	ald15_24	34	531
2018	11	ald15_24	35	157
2018	11	ald15_24	41	491
2018	11	ald15_24	42	409
2018	11	ald15_24	43	671
2018	11	ald15_24	44	45
2018	11	ald15_24	51	1959
2018	11	ald15_24	52	6624
2018	11	ald15_24	53	4522
2018	11	ald15_24	54	623
2018	11	ald15_24	61	1177
2018	11	ald15_24	62	129
2018	11	ald15_24	71	1451
2018	11	ald15_24	72	1677
2018	11	ald15_24	73	47
2018	11	ald15_24	74	1316
2018	11	ald15_24	75	138
2018	11	ald15_24	81	1175
2018	11	ald15_24	82	62
2018	11	ald15_24	83	651
2018	11	ald15_24	91	680
2018	11	ald15_24	92	62
2018	11	ald15_24	93	888
2018	11	ald15_24	94	461
2018	11	ald15_24	96	127
2018	11	ald25_54	00	537
2018	11	ald25_54	01	237
2018	11	ald25_54	02	16
2018	11	ald25_54	03	55
2018	11	ald25_54	11	2160
2018	11	ald25_54	12	2846
2018	11	ald25_54	13	5924
2018	11	ald25_54	14	2346
2018	11	ald25_54	21	7558
2018	11	ald25_54	22	8876
2018	11	ald25_54	23	12079
2018	11	ald25_54	24	6812
2018	11	ald25_54	25	3325
2018	11	ald25_54	26	2905
2018	11	ald25_54	31	13115
2018	11	ald25_54	32	2153
2018	11	ald25_54	33	8719
2018	11	ald25_54	34	1967
2018	11	ald25_54	35	1199
2018	11	ald25_54	41	3442
2018	11	ald25_54	42	1422
2018	11	ald25_54	43	4153
2018	11	ald25_54	44	314
2018	11	ald25_54	51	4370
2018	11	ald25_54	52	7650
2018	11	ald25_54	53	14312
2018	11	ald25_54	54	1466
2018	11	ald25_54	61	1000
2018	11	ald25_54	62	293
2018	11	ald25_54	71	7431
2018	11	ald25_54	72	5961
2018	11	ald25_54	73	289
2018	11	ald25_54	74	2939
2018	11	ald25_54	75	729
2018	11	ald25_54	81	7552
2018	11	ald25_54	82	409
2018	11	ald25_54	83	4770
2018	11	ald25_54	91	3623
2018	11	ald25_54	92	114
2018	11	ald25_54	93	2143
2018	11	ald25_54	94	862
2018	11	ald25_54	95	13
2018	11	ald25_54	96	557
2018	11	ald55_66	00	159
2018	11	ald55_66	01	40
2018	11	ald55_66	03	6
2018	11	ald55_66	11	1054
2018	11	ald55_66	12	1137
2018	11	ald55_66	13	2463
2018	11	ald55_66	14	509
2018	11	ald55_66	21	2080
2018	11	ald55_66	22	1804
2018	11	ald55_66	23	2783
2018	11	ald55_66	24	2058
2018	11	ald55_66	25	482
2018	11	ald55_66	26	645
2018	11	ald55_66	31	3094
2018	11	ald55_66	32	538
2018	11	ald55_66	33	2492
2018	11	ald55_66	34	341
2018	11	ald55_66	35	179
2018	11	ald55_66	41	1256
2018	11	ald55_66	42	300
2018	11	ald55_66	43	1144
2018	11	ald55_66	44	168
2018	11	ald55_66	51	868
2018	11	ald55_66	52	1674
2018	11	ald55_66	53	4392
2018	11	ald55_66	54	199
2018	11	ald55_66	61	283
2018	11	ald55_66	62	38
2018	11	ald55_66	71	1272
2018	11	ald55_66	72	1061
2018	11	ald55_66	73	87
2018	11	ald55_66	74	512
2018	11	ald55_66	75	130
2018	11	ald55_66	81	1521
2018	11	ald55_66	82	77
2018	11	ald55_66	83	1372
2018	11	ald55_66	91	871
2018	11	ald55_66	92	22
2018	11	ald55_66	93	358
2018	11	ald55_66	94	211
2018	11	ald55_66	96	133
2018	11	ald67_74	00	88
2018	11	ald67_74	03	6
2018	11	ald67_74	11	166
2018	11	ald67_74	12	60
2018	11	ald67_74	13	118
2018	11	ald67_74	14	52
2018	11	ald67_74	21	119
2018	11	ald67_74	22	189
2018	11	ald67_74	23	201
2018	11	ald67_74	24	142
2018	11	ald67_74	25	11
2018	11	ald67_74	26	77
2018	11	ald67_74	31	188
2018	11	ald67_74	32	32
2018	11	ald67_74	33	169
2018	11	ald67_74	34	45
2018	11	ald67_74	35	4
2018	11	ald67_74	41	134
2018	11	ald67_74	42	24
2018	11	ald67_74	43	103
2018	11	ald67_74	44	15
2018	11	ald67_74	51	166
2018	11	ald67_74	52	148
2018	11	ald67_74	53	570
2018	11	ald67_74	54	20
2018	11	ald67_74	61	137
2018	11	ald67_74	71	65
2018	11	ald67_74	72	71
2018	11	ald67_74	73	39
2018	11	ald67_74	74	26
2018	11	ald67_74	75	13
2018	11	ald67_74	81	55
2018	11	ald67_74	83	291
2018	11	ald67_74	91	67
2018	11	ald67_74	93	31
2018	11	ald67_74	94	39
2018	11	ald67_74	96	25
2018	12	ald15_24	00	184
2018	12	ald15_24	01	40
2018	12	ald15_24	02	105
2018	12	ald15_24	03	1064
2018	12	ald15_24	11	26
2018	12	ald15_24	12	19
2018	12	ald15_24	13	23
2018	12	ald15_24	14	117
2018	12	ald15_24	21	74
2018	12	ald15_24	22	607
2018	12	ald15_24	23	891
2018	12	ald15_24	24	132
2018	12	ald15_24	25	86
2018	12	ald15_24	26	132
2018	12	ald15_24	31	331
2018	12	ald15_24	32	154
2018	12	ald15_24	33	938
2018	12	ald15_24	34	658
2018	12	ald15_24	35	154
2018	12	ald15_24	41	555
2018	12	ald15_24	42	698
2018	12	ald15_24	43	578
2018	12	ald15_24	44	53
2018	12	ald15_24	51	2315
2018	12	ald15_24	52	8578
2018	12	ald15_24	53	5806
2018	12	ald15_24	54	453
2018	12	ald15_24	61	283
2018	12	ald15_24	62	350
2018	12	ald15_24	71	1642
2018	12	ald15_24	72	1352
2018	12	ald15_24	73	21
2018	12	ald15_24	74	1453
2018	12	ald15_24	75	86
2018	12	ald15_24	81	786
2018	12	ald15_24	82	42
2018	12	ald15_24	83	781
2018	12	ald15_24	91	946
2018	12	ald15_24	92	65
2018	12	ald15_24	93	923
2018	12	ald15_24	94	511
2018	12	ald15_24	96	840
2018	12	ald25_54	00	584
2018	12	ald25_54	01	1346
2018	12	ald25_54	02	64
2018	12	ald25_54	03	169
2018	12	ald25_54	11	2194
2018	12	ald25_54	12	2768
2018	12	ald25_54	13	5761
2018	12	ald25_54	14	2772
2018	12	ald25_54	21	6312
2018	12	ald25_54	22	11192
2018	12	ald25_54	23	14651
2018	12	ald25_54	24	9078
2018	12	ald25_54	25	2737
2018	12	ald25_54	26	3433
2018	12	ald25_54	31	10213
2018	12	ald25_54	32	2552
2018	12	ald25_54	33	10172
2018	12	ald25_54	34	2115
2018	12	ald25_54	35	1331
2018	12	ald25_54	41	3623
2018	12	ald25_54	42	1758
2018	12	ald25_54	43	3822
2018	12	ald25_54	44	233
2018	12	ald25_54	51	5511
2018	12	ald25_54	52	8218
2018	12	ald25_54	53	15931
2018	12	ald25_54	54	1272
2018	12	ald25_54	61	418
2018	12	ald25_54	62	764
2018	12	ald25_54	71	7442
2018	12	ald25_54	72	4736
2018	12	ald25_54	73	225
2018	12	ald25_54	74	3076
2018	12	ald25_54	75	593
2018	12	ald25_54	81	4059
2018	12	ald25_54	82	335
2018	12	ald25_54	83	5160
2018	12	ald25_54	91	4285
2018	12	ald25_54	92	154
2018	12	ald25_54	93	2164
2018	12	ald25_54	94	810
2018	12	ald25_54	95	8
2018	12	ald25_54	96	585
2018	12	ald55_66	00	190
2018	12	ald55_66	01	116
2018	12	ald55_66	03	5
2018	12	ald55_66	11	1101
2018	12	ald55_66	12	1033
2018	12	ald55_66	13	2464
2018	12	ald55_66	14	585
2018	12	ald55_66	21	1700
2018	12	ald55_66	22	2528
2018	12	ald55_66	23	3562
2018	12	ald55_66	24	2784
2018	12	ald55_66	25	491
2018	12	ald55_66	26	802
2018	12	ald55_66	31	2690
2018	12	ald55_66	32	780
2018	12	ald55_66	33	2728
2018	12	ald55_66	34	375
2018	12	ald55_66	35	218
2018	12	ald55_66	41	1332
2018	12	ald55_66	42	287
2018	12	ald55_66	43	1181
2018	12	ald55_66	44	185
2018	12	ald55_66	51	1207
2018	12	ald55_66	52	1487
2018	12	ald55_66	53	5258
2018	12	ald55_66	54	179
2018	12	ald55_66	61	119
2018	12	ald55_66	62	119
2018	12	ald55_66	71	1264
2018	12	ald55_66	72	1022
2018	12	ald55_66	73	98
2018	12	ald55_66	74	645
2018	12	ald55_66	75	110
2018	12	ald55_66	81	969
2018	12	ald55_66	82	90
2018	12	ald55_66	83	1780
2018	12	ald55_66	91	992
2018	12	ald55_66	92	23
2018	12	ald55_66	93	361
2018	12	ald55_66	94	165
2018	12	ald55_66	96	146
2018	12	ald67_74	00	95
2018	12	ald67_74	11	167
2018	12	ald67_74	12	103
2018	12	ald67_74	13	147
2018	12	ald67_74	14	75
2018	12	ald67_74	21	130
2018	12	ald67_74	22	239
2018	12	ald67_74	23	291
2018	12	ald67_74	24	276
2018	12	ald67_74	25	24
2018	12	ald67_74	26	91
2018	12	ald67_74	31	166
2018	12	ald67_74	32	48
2018	12	ald67_74	33	207
2018	12	ald67_74	34	58
2018	12	ald67_74	35	18
2018	12	ald67_74	41	151
2018	12	ald67_74	42	28
2018	12	ald67_74	43	122
2018	12	ald67_74	44	9
2018	12	ald67_74	51	201
2018	12	ald67_74	52	198
2018	12	ald67_74	53	840
2018	12	ald67_74	54	27
2018	12	ald67_74	61	51
2018	12	ald67_74	62	11
2018	12	ald67_74	71	80
2018	12	ald67_74	72	67
2018	12	ald67_74	73	9
2018	12	ald67_74	74	42
2018	12	ald67_74	75	6
2018	12	ald67_74	81	63
2018	12	ald67_74	82	5
2018	12	ald67_74	83	353
2018	12	ald67_74	91	113
2018	12	ald67_74	92	4
2018	12	ald67_74	93	47
2018	12	ald67_74	94	31
2018	12	ald67_74	96	41
2018	14	ald15_24	00	49
2018	14	ald15_24	02	9
2018	14	ald15_24	03	178
2018	14	ald15_24	11	7
2018	14	ald15_24	13	6
2018	14	ald15_24	14	9
2018	14	ald15_24	21	11
2018	14	ald15_24	22	139
2018	14	ald15_24	23	135
2018	14	ald15_24	24	17
2018	14	ald15_24	25	14
2018	14	ald15_24	26	33
2018	14	ald15_24	31	65
2018	14	ald15_24	32	44
2018	14	ald15_24	33	77
2018	14	ald15_24	34	105
2018	14	ald15_24	35	45
2018	14	ald15_24	41	83
2018	14	ald15_24	42	121
2018	14	ald15_24	43	83
2018	14	ald15_24	44	19
2018	14	ald15_24	51	335
2018	14	ald15_24	52	1436
2018	14	ald15_24	53	1116
2018	14	ald15_24	54	49
2018	14	ald15_24	61	188
2018	14	ald15_24	62	73
2018	14	ald15_24	71	362
2018	14	ald15_24	72	338
2018	14	ald15_24	73	12
2018	14	ald15_24	74	373
2018	14	ald15_24	75	39
2018	14	ald15_24	81	472
2018	14	ald15_24	83	301
2018	14	ald15_24	91	180
2018	14	ald15_24	92	18
2018	14	ald15_24	93	265
2018	14	ald15_24	94	160
2018	14	ald15_24	96	42
2018	14	ald25_54	00	134
2018	14	ald25_54	01	20
2018	14	ald25_54	02	4
2018	14	ald25_54	03	24
2018	14	ald25_54	11	447
2018	14	ald25_54	12	503
2018	14	ald25_54	13	1108
2018	14	ald25_54	14	600
2018	14	ald25_54	21	618
2018	14	ald25_54	22	2217
2018	14	ald25_54	23	2922
2018	14	ald25_54	24	1300
2018	14	ald25_54	25	302
2018	14	ald25_54	26	496
2018	14	ald25_54	31	1580
2018	14	ald25_54	32	490
2018	14	ald25_54	33	1289
2018	14	ald25_54	34	288
2018	14	ald25_54	35	211
2018	14	ald25_54	41	698
2018	14	ald25_54	42	326
2018	14	ald25_54	43	533
2018	14	ald25_54	44	95
2018	14	ald25_54	51	835
2018	14	ald25_54	52	1600
2018	14	ald25_54	53	3528
2018	14	ald25_54	54	157
2018	14	ald25_54	61	198
2018	14	ald25_54	62	296
2018	14	ald25_54	71	1394
2018	14	ald25_54	72	897
2018	14	ald25_54	73	105
2018	14	ald25_54	74	574
2018	14	ald25_54	75	215
2018	14	ald25_54	81	1978
2018	14	ald25_54	82	12
2018	14	ald25_54	83	1470
2018	14	ald25_54	91	890
2018	14	ald25_54	92	22
2018	14	ald25_54	93	588
2018	14	ald25_54	94	148
2018	14	ald25_54	96	152
2018	14	ald55_66	00	70
2018	14	ald55_66	11	233
2018	14	ald55_66	12	214
2018	14	ald55_66	13	605
2018	14	ald55_66	14	225
2018	14	ald55_66	21	206
2018	14	ald55_66	22	577
2018	14	ald55_66	23	883
2018	14	ald55_66	24	523
2018	14	ald55_66	25	29
2018	14	ald55_66	26	171
2018	14	ald55_66	31	528
2018	14	ald55_66	32	156
2018	14	ald55_66	33	491
2018	14	ald55_66	34	59
2018	14	ald55_66	35	23
2018	14	ald55_66	41	357
2018	14	ald55_66	42	51
2018	14	ald55_66	43	207
2018	14	ald55_66	44	105
2018	14	ald55_66	51	275
2018	14	ald55_66	52	447
2018	14	ald55_66	53	1625
2018	14	ald55_66	54	38
2018	14	ald55_66	61	65
2018	14	ald55_66	62	59
2018	14	ald55_66	71	320
2018	14	ald55_66	72	229
2018	14	ald55_66	73	19
2018	14	ald55_66	74	162
2018	14	ald55_66	75	59
2018	14	ald55_66	81	575
2018	14	ald55_66	83	639
2018	14	ald55_66	91	348
2018	14	ald55_66	92	4
2018	14	ald55_66	93	109
2018	14	ald55_66	94	72
2018	14	ald55_66	96	33
2018	14	ald67_74	00	59
2018	14	ald67_74	11	34
2018	14	ald67_74	12	22
2018	14	ald67_74	13	40
2018	14	ald67_74	14	18
2018	14	ald67_74	21	30
2018	14	ald67_74	22	53
2018	14	ald67_74	23	71
2018	14	ald67_74	24	41
2018	14	ald67_74	26	18
2018	14	ald67_74	31	52
2018	14	ald67_74	32	11
2018	14	ald67_74	33	61
2018	14	ald67_74	34	5
2018	14	ald67_74	41	42
2018	14	ald67_74	42	9
2018	14	ald67_74	43	20
2018	14	ald67_74	44	12
2018	14	ald67_74	51	59
2018	14	ald67_74	52	59
2018	14	ald67_74	53	327
2018	14	ald67_74	61	44
2018	14	ald67_74	62	6
2018	14	ald67_74	71	33
2018	14	ald67_74	72	25
2018	14	ald67_74	74	13
2018	14	ald67_74	75	4
2018	14	ald67_74	81	43
2018	14	ald67_74	83	186
2018	14	ald67_74	91	39
2018	14	ald67_74	93	14
2018	14	ald67_74	94	15
2018	14	ald67_74	96	11
2018	15	ald15_24	00	154
2018	15	ald15_24	02	16
2018	15	ald15_24	03	443
2018	15	ald15_24	11	12
2018	15	ald15_24	13	13
2018	15	ald15_24	14	36
2018	15	ald15_24	21	17
2018	15	ald15_24	22	255
2018	15	ald15_24	23	290
2018	15	ald15_24	24	30
2018	15	ald15_24	25	19
2018	15	ald15_24	26	37
2018	15	ald15_24	31	196
2018	15	ald15_24	32	132
2018	15	ald15_24	33	198
2018	15	ald15_24	34	244
2018	15	ald15_24	35	53
2018	15	ald15_24	41	179
2018	15	ald15_24	42	220
2018	15	ald15_24	43	384
2018	15	ald15_24	44	28
2018	15	ald15_24	51	733
2018	15	ald15_24	52	3607
2018	15	ald15_24	53	2676
2018	15	ald15_24	54	115
2018	15	ald15_24	61	238
2018	15	ald15_24	62	169
2018	15	ald15_24	71	624
2018	15	ald15_24	72	896
2018	15	ald15_24	73	15
2018	15	ald15_24	74	727
2018	15	ald15_24	75	59
2018	15	ald15_24	81	658
2018	15	ald15_24	82	8
2018	15	ald15_24	83	446
2018	15	ald15_24	91	487
2018	15	ald15_24	92	18
2018	15	ald15_24	93	474
2018	15	ald15_24	94	310
2018	15	ald15_24	96	139
2018	15	ald25_54	00	408
2018	15	ald25_54	01	62
2018	15	ald25_54	02	5
2018	15	ald25_54	03	33
2018	15	ald25_54	11	1082
2018	15	ald25_54	12	1489
2018	15	ald25_54	13	2696
2018	15	ald25_54	14	1421
2018	15	ald25_54	21	1530
2018	15	ald25_54	22	5355
2018	15	ald25_54	23	6492
2018	15	ald25_54	24	2618
2018	15	ald25_54	25	793
2018	15	ald25_54	26	1184
2018	15	ald25_54	31	5580
2018	15	ald25_54	32	1217
2018	15	ald25_54	33	4123
2018	15	ald25_54	34	872
2018	15	ald25_54	35	462
2018	15	ald25_54	41	1681
2018	15	ald25_54	42	736
2018	15	ald25_54	43	2108
2018	15	ald25_54	44	138
2018	15	ald25_54	51	2088
2018	15	ald25_54	52	4058
2018	15	ald25_54	53	8363
2018	15	ald25_54	54	449
2018	15	ald25_54	61	258
2018	15	ald25_54	62	522
2018	15	ald25_54	71	3623
2018	15	ald25_54	72	2912
2018	15	ald25_54	73	81
2018	15	ald25_54	74	1544
2018	15	ald25_54	75	476
2018	15	ald25_54	81	4051
2018	15	ald25_54	82	110
2018	15	ald25_54	83	3118
2018	15	ald25_54	91	2003
2018	15	ald25_54	92	34
2018	15	ald25_54	93	1027
2018	15	ald25_54	94	420
2018	15	ald25_54	95	16
2018	15	ald25_54	96	395
2018	15	ald55_66	00	151
2018	15	ald55_66	01	6
2018	15	ald55_66	03	7
2018	15	ald55_66	11	643
2018	15	ald55_66	12	656
2018	15	ald55_66	13	1367
2018	15	ald55_66	14	443
2018	15	ald55_66	21	428
2018	15	ald55_66	22	1376
2018	15	ald55_66	23	1695
2018	15	ald55_66	24	944
2018	15	ald55_66	25	134
2018	15	ald55_66	26	284
2018	15	ald55_66	31	1707
2018	15	ald55_66	32	322
2018	15	ald55_66	33	1503
2018	15	ald55_66	34	187
2018	15	ald55_66	35	73
2018	15	ald55_66	41	773
2018	15	ald55_66	42	170
2018	15	ald55_66	43	687
2018	15	ald55_66	44	137
2018	15	ald55_66	51	639
2018	15	ald55_66	52	1080
2018	15	ald55_66	53	3481
2018	15	ald55_66	54	117
2018	15	ald55_66	61	94
2018	15	ald55_66	62	95
2018	15	ald55_66	71	747
2018	15	ald55_66	72	694
2018	15	ald55_66	73	25
2018	15	ald55_66	74	429
2018	15	ald55_66	75	117
2018	15	ald55_66	81	1149
2018	15	ald55_66	82	28
2018	15	ald55_66	83	1264
2018	15	ald55_66	91	677
2018	15	ald55_66	92	9
2018	15	ald55_66	93	219
2018	15	ald55_66	94	151
2018	15	ald55_66	96	88
2018	15	ald67_74	00	97
2018	15	ald67_74	11	118
2018	15	ald67_74	12	68
2018	15	ald67_74	13	104
2018	15	ald67_74	14	46
2018	15	ald67_74	21	59
2018	15	ald67_74	22	122
2018	15	ald67_74	23	154
2018	15	ald67_74	24	83
2018	15	ald67_74	26	37
2018	15	ald67_74	31	150
2018	15	ald67_74	32	27
2018	15	ald67_74	33	126
2018	15	ald67_74	34	9
2018	15	ald67_74	35	4
2018	15	ald67_74	41	86
2018	15	ald67_74	42	19
2018	15	ald67_74	43	78
2018	15	ald67_74	44	11
2018	15	ald67_74	51	145
2018	15	ald67_74	52	144
2018	15	ald67_74	53	592
2018	15	ald67_74	54	15
2018	15	ald67_74	61	56
2018	15	ald67_74	62	8
2018	15	ald67_74	71	57
2018	15	ald67_74	72	70
2018	15	ald67_74	73	4
2018	15	ald67_74	74	26
2018	15	ald67_74	75	19
2018	15	ald67_74	81	97
2018	15	ald67_74	82	4
2018	15	ald67_74	83	254
2018	15	ald67_74	91	95
2018	15	ald67_74	93	45
2018	15	ald67_74	94	27
2018	15	ald67_74	96	30
2018	18	ald15_24	00	86
2018	18	ald15_24	01	12
2018	18	ald15_24	02	62
2018	18	ald15_24	03	459
2018	18	ald15_24	11	7
2018	18	ald15_24	12	6
2018	18	ald15_24	13	10
2018	18	ald15_24	14	51
2018	18	ald15_24	21	15
2018	18	ald15_24	22	235
2018	18	ald15_24	23	296
2018	18	ald15_24	24	44
2018	18	ald15_24	25	20
2018	18	ald15_24	26	69
2018	18	ald15_24	31	137
2018	18	ald15_24	32	105
2018	18	ald15_24	33	186
2018	18	ald15_24	34	116
2018	18	ald15_24	35	90
2018	18	ald15_24	41	186
2018	18	ald15_24	42	244
2018	18	ald15_24	43	288
2018	18	ald15_24	44	29
2018	18	ald15_24	51	890
2018	18	ald15_24	52	3536
2018	18	ald15_24	53	2470
2018	18	ald15_24	54	140
2018	18	ald15_24	61	238
2018	18	ald15_24	62	253
2018	18	ald15_24	71	683
2018	18	ald15_24	72	721
2018	18	ald15_24	73	10
2018	18	ald15_24	74	690
2018	18	ald15_24	75	47
2018	18	ald15_24	81	573
2018	18	ald15_24	82	12
2018	18	ald15_24	83	491
2018	18	ald15_24	91	407
2018	18	ald15_24	92	19
2018	18	ald15_24	93	578
2018	18	ald15_24	94	289
2018	18	ald15_24	96	99
2018	18	ald25_54	00	413
2018	18	ald25_54	01	624
2018	18	ald25_54	02	32
2018	18	ald25_54	03	57
2018	18	ald25_54	11	1038
2018	18	ald25_54	12	1116
2018	18	ald25_54	13	2490
2018	18	ald25_54	14	1367
2018	18	ald25_54	21	1095
2018	18	ald25_54	22	5345
2018	18	ald25_54	23	6010
2018	18	ald25_54	24	3200
2018	18	ald25_54	25	578
2018	18	ald25_54	26	1587
2018	18	ald25_54	31	3117
2018	18	ald25_54	32	1329
2018	18	ald25_54	33	3288
2018	18	ald25_54	34	689
2018	18	ald25_54	35	422
2018	18	ald25_54	41	1599
2018	18	ald25_54	42	734
2018	18	ald25_54	43	1785
2018	18	ald25_54	44	192
2018	18	ald25_54	51	2102
2018	18	ald25_54	52	4007
2018	18	ald25_54	53	8208
2018	18	ald25_54	54	600
2018	18	ald25_54	61	320
2018	18	ald25_54	62	669
2018	18	ald25_54	71	2627
2018	18	ald25_54	72	2064
2018	18	ald25_54	73	77
2018	18	ald25_54	74	1142
2018	18	ald25_54	75	292
2018	18	ald25_54	81	2764
2018	18	ald25_54	82	77
2018	18	ald25_54	83	2899
2018	18	ald25_54	91	1967
2018	18	ald25_54	92	40
2018	18	ald25_54	93	1290
2018	18	ald25_54	94	365
2018	18	ald25_54	96	496
2018	18	ald55_66	00	159
2018	18	ald55_66	01	96
2018	18	ald55_66	03	13
2018	18	ald55_66	11	579
2018	18	ald55_66	12	558
2018	18	ald55_66	13	1208
2018	18	ald55_66	14	364
2018	18	ald55_66	21	386
2018	18	ald55_66	22	1245
2018	18	ald55_66	23	1804
2018	18	ald55_66	24	1312
2018	18	ald55_66	25	96
2018	18	ald55_66	26	458
2018	18	ald55_66	31	1120
2018	18	ald55_66	32	306
2018	18	ald55_66	33	1175
2018	18	ald55_66	34	205
2018	18	ald55_66	35	85
2018	18	ald55_66	41	716
2018	18	ald55_66	42	177
2018	18	ald55_66	43	530
2018	18	ald55_66	44	194
2018	18	ald55_66	51	645
2018	18	ald55_66	52	880
2018	18	ald55_66	53	3104
2018	18	ald55_66	54	145
2018	18	ald55_66	61	67
2018	18	ald55_66	62	111
2018	18	ald55_66	71	523
2018	18	ald55_66	72	509
2018	18	ald55_66	73	21
2018	18	ald55_66	74	274
2018	18	ald55_66	75	66
2018	18	ald55_66	81	674
2018	18	ald55_66	82	9
2018	18	ald55_66	83	1110
2018	18	ald55_66	91	616
2018	18	ald55_66	92	22
2018	18	ald55_66	93	297
2018	18	ald55_66	94	123
2018	18	ald55_66	96	146
2018	18	ald67_74	00	85
2018	18	ald67_74	03	12
2018	18	ald67_74	11	82
2018	18	ald67_74	12	50
2018	18	ald67_74	13	83
2018	18	ald67_74	14	40
2018	18	ald67_74	21	38
2018	18	ald67_74	22	118
2018	18	ald67_74	23	141
2018	18	ald67_74	24	70
2018	18	ald67_74	25	8
2018	18	ald67_74	26	49
2018	18	ald67_74	31	105
2018	18	ald67_74	32	24
2018	18	ald67_74	33	82
2018	18	ald67_74	34	23
2018	18	ald67_74	35	5
2018	18	ald67_74	41	76
2018	18	ald67_74	42	12
2018	18	ald67_74	43	52
2018	18	ald67_74	44	16
2018	18	ald67_74	51	116
2018	18	ald67_74	52	118
2018	18	ald67_74	53	570
2018	18	ald67_74	54	9
2018	18	ald67_74	61	39
2018	18	ald67_74	62	11
2018	18	ald67_74	71	46
2018	18	ald67_74	72	59
2018	18	ald67_74	73	7
2018	18	ald67_74	74	15
2018	18	ald67_74	75	10
2018	18	ald67_74	81	40
2018	18	ald67_74	83	261
2018	18	ald67_74	91	77
2018	18	ald67_74	93	46
2018	18	ald67_74	94	19
2018	18	ald67_74	96	25
2018	19	ald15_24	00	75
2018	19	ald15_24	01	91
2018	19	ald15_24	02	175
2018	19	ald15_24	03	476
2018	19	ald15_24	11	10
2018	19	ald15_24	12	7
2018	19	ald15_24	13	12
2018	19	ald15_24	14	47
2018	19	ald15_24	21	24
2018	19	ald15_24	22	238
2018	19	ald15_24	23	325
2018	19	ald15_24	24	53
2018	19	ald15_24	25	28
2018	19	ald15_24	26	60
2018	19	ald15_24	31	82
2018	19	ald15_24	32	120
2018	19	ald15_24	33	208
2018	19	ald15_24	34	125
2018	19	ald15_24	35	68
2018	19	ald15_24	41	151
2018	19	ald15_24	42	227
2018	19	ald15_24	43	258
2018	19	ald15_24	44	24
2018	19	ald15_24	51	859
2018	19	ald15_24	52	3275
2018	19	ald15_24	53	2275
2018	19	ald15_24	54	111
2018	19	ald15_24	61	100
2018	19	ald15_24	62	189
2018	19	ald15_24	71	413
2018	19	ald15_24	72	429
2018	19	ald15_24	73	7
2018	19	ald15_24	74	520
2018	19	ald15_24	75	50
2018	19	ald15_24	81	251
2018	19	ald15_24	83	363
2018	19	ald15_24	91	302
2018	19	ald15_24	92	25
2018	19	ald15_24	93	378
2018	19	ald15_24	94	341
2018	19	ald15_24	96	124
2018	19	ald25_54	00	316
2018	19	ald25_54	01	975
2018	19	ald25_54	02	64
2018	19	ald25_54	03	107
2018	19	ald25_54	11	891
2018	19	ald25_54	12	798
2018	19	ald25_54	13	1884
2018	19	ald25_54	14	899
2018	19	ald25_54	21	1467
2018	19	ald25_54	22	4476
2018	19	ald25_54	23	5340
2018	19	ald25_54	24	2929
2018	19	ald25_54	25	502
2018	19	ald25_54	26	1320
2018	19	ald25_54	31	1936
2018	19	ald25_54	32	1261
2018	19	ald25_54	33	2528
2018	19	ald25_54	34	692
2018	19	ald25_54	35	346
2018	19	ald25_54	41	975
2018	19	ald25_54	42	550
2018	19	ald25_54	43	1001
2018	19	ald25_54	44	102
2018	19	ald25_54	51	1718
2018	19	ald25_54	52	2760
2018	19	ald25_54	53	5684
2018	19	ald25_54	54	351
2018	19	ald25_54	61	129
2018	19	ald25_54	62	431
2018	19	ald25_54	71	1821
2018	19	ald25_54	72	1176
2018	19	ald25_54	73	73
2018	19	ald25_54	74	719
2018	19	ald25_54	75	191
2018	19	ald25_54	81	1233
2018	19	ald25_54	82	24
2018	19	ald25_54	83	1923
2018	19	ald25_54	91	1409
2018	19	ald25_54	92	34
2018	19	ald25_54	93	756
2018	19	ald25_54	94	339
2018	19	ald25_54	95	7
2018	19	ald25_54	96	380
2018	19	ald55_66	00	113
2018	19	ald55_66	01	80
2018	19	ald55_66	03	4
2018	19	ald55_66	11	426
2018	19	ald55_66	12	336
2018	19	ald55_66	13	826
2018	19	ald55_66	14	241
2018	19	ald55_66	21	352
2018	19	ald55_66	22	977
2018	19	ald55_66	23	1418
2018	19	ald55_66	24	998
2018	19	ald55_66	25	89
2018	19	ald55_66	26	298
2018	19	ald55_66	31	640
2018	19	ald55_66	32	288
2018	19	ald55_66	33	873
2018	19	ald55_66	34	143
2018	19	ald55_66	35	74
2018	19	ald55_66	41	429
2018	19	ald55_66	42	147
2018	19	ald55_66	43	308
2018	19	ald55_66	44	98
2018	19	ald55_66	51	435
2018	19	ald55_66	52	530
2018	19	ald55_66	53	1830
2018	19	ald55_66	54	62
2018	19	ald55_66	61	34
2018	19	ald55_66	62	61
2018	19	ald55_66	71	297
2018	19	ald55_66	72	252
2018	19	ald55_66	73	17
2018	19	ald55_66	74	154
2018	19	ald55_66	75	29
2018	19	ald55_66	81	231
2018	19	ald55_66	83	684
2018	19	ald55_66	91	396
2018	19	ald55_66	92	12
2018	19	ald55_66	93	107
2018	19	ald55_66	94	83
2018	19	ald55_66	96	119
2018	19	ald67_74	00	71
2018	19	ald67_74	11	73
2018	19	ald67_74	12	32
2018	19	ald67_74	13	74
2018	19	ald67_74	14	24
2018	19	ald67_74	21	33
2018	19	ald67_74	22	91
2018	19	ald67_74	23	120
2018	19	ald67_74	24	72
2018	19	ald67_74	25	4
2018	19	ald67_74	26	41
2018	19	ald67_74	31	66
2018	19	ald67_74	32	22
2018	19	ald67_74	33	62
2018	19	ald67_74	34	15
2018	19	ald67_74	41	52
2018	19	ald67_74	42	12
2018	19	ald67_74	43	28
2018	19	ald67_74	44	8
2018	19	ald67_74	51	98
2018	19	ald67_74	52	86
2018	19	ald67_74	53	393
2018	19	ald67_74	54	8
2018	19	ald67_74	61	22
2018	19	ald67_74	71	32
2018	19	ald67_74	72	27
2018	19	ald67_74	74	11
2018	19	ald67_74	75	5
2018	19	ald67_74	81	40
2018	19	ald67_74	83	147
2018	19	ald67_74	91	57
2018	19	ald67_74	93	33
2018	19	ald67_74	94	28
2018	19	ald67_74	96	21
2018	20	ald15_24	00	18
2018	20	ald15_24	01	10
2018	20	ald15_24	02	46
2018	20	ald15_24	03	137
2018	20	ald15_24	11	4
2018	20	ald15_24	14	19
2018	20	ald15_24	21	6
2018	20	ald15_24	22	69
2018	20	ald15_24	23	94
2018	20	ald15_24	24	23
2018	20	ald15_24	25	5
2018	20	ald15_24	26	21
2018	20	ald15_24	31	46
2018	20	ald15_24	32	49
2018	20	ald15_24	33	48
2018	20	ald15_24	34	19
2018	20	ald15_24	35	17
2018	20	ald15_24	41	64
2018	20	ald15_24	42	106
2018	20	ald15_24	43	67
2018	20	ald15_24	44	4
2018	20	ald15_24	51	304
2018	20	ald15_24	52	1042
2018	20	ald15_24	53	755
2018	20	ald15_24	54	64
2018	20	ald15_24	61	43
2018	20	ald15_24	62	125
2018	20	ald15_24	71	279
2018	20	ald15_24	72	238
2018	20	ald15_24	73	12
2018	20	ald15_24	74	246
2018	20	ald15_24	75	30
2018	20	ald15_24	81	218
2018	20	ald15_24	83	171
2018	20	ald15_24	91	195
2018	20	ald15_24	92	6
2018	20	ald15_24	93	250
2018	20	ald15_24	94	87
2018	20	ald15_24	96	65
2018	20	ald25_54	00	81
2018	20	ald25_54	01	126
2018	20	ald25_54	02	10
2018	20	ald25_54	03	23
2018	20	ald25_54	11	400
2018	20	ald25_54	12	370
2018	20	ald25_54	13	875
2018	20	ald25_54	14	469
2018	20	ald25_54	21	409
2018	20	ald25_54	22	1511
2018	20	ald25_54	23	2103
2018	20	ald25_54	24	1203
2018	20	ald25_54	25	107
2018	20	ald25_54	26	635
2018	20	ald25_54	31	890
2018	20	ald25_54	32	385
2018	20	ald25_54	33	999
2018	20	ald25_54	34	247
2018	20	ald25_54	35	106
2018	20	ald25_54	41	571
2018	20	ald25_54	42	272
2018	20	ald25_54	43	435
2018	20	ald25_54	44	63
2018	20	ald25_54	51	773
2018	20	ald25_54	52	1185
2018	20	ald25_54	53	2746
2018	20	ald25_54	54	298
2018	20	ald25_54	61	71
2018	20	ald25_54	62	370
2018	20	ald25_54	71	728
2018	20	ald25_54	72	499
2018	20	ald25_54	73	25
2018	20	ald25_54	74	372
2018	20	ald25_54	75	128
2018	20	ald25_54	81	981
2018	20	ald25_54	82	8
2018	20	ald25_54	83	909
2018	20	ald25_54	91	711
2018	20	ald25_54	92	12
2018	20	ald25_54	93	434
2018	20	ald25_54	94	131
2018	20	ald25_54	96	147
2018	20	ald55_66	00	44
2018	20	ald55_66	01	18
2018	20	ald55_66	03	4
2018	20	ald55_66	11	179
2018	20	ald55_66	12	150
2018	20	ald55_66	13	322
2018	20	ald55_66	14	121
2018	20	ald55_66	21	98
2018	20	ald55_66	22	364
2018	20	ald55_66	23	688
2018	20	ald55_66	24	439
2018	20	ald55_66	25	18
2018	20	ald55_66	26	165
2018	20	ald55_66	31	241
2018	20	ald55_66	32	119
2018	20	ald55_66	33	285
2018	20	ald55_66	34	58
2018	20	ald55_66	35	16
2018	20	ald55_66	41	223
2018	20	ald55_66	42	53
2018	20	ald55_66	43	150
2018	20	ald55_66	44	41
2018	20	ald55_66	51	208
2018	20	ald55_66	52	181
2018	20	ald55_66	53	814
2018	20	ald55_66	54	72
2018	20	ald55_66	61	17
2018	20	ald55_66	62	63
2018	20	ald55_66	71	143
2018	20	ald55_66	72	77
2018	20	ald55_66	73	21
2018	20	ald55_66	74	59
2018	20	ald55_66	75	16
2018	20	ald55_66	81	212
2018	20	ald55_66	83	283
2018	20	ald55_66	91	212
2018	20	ald55_66	93	66
2018	20	ald55_66	94	35
2018	20	ald55_66	96	37
2018	20	ald67_74	00	33
2018	20	ald67_74	11	21
2018	20	ald67_74	12	16
2018	20	ald67_74	13	32
2018	20	ald67_74	14	9
2018	20	ald67_74	21	11
2018	20	ald67_74	22	39
2018	20	ald67_74	23	32
2018	20	ald67_74	24	34
2018	20	ald67_74	26	20
2018	20	ald67_74	31	18
2018	20	ald67_74	32	4
2018	20	ald67_74	33	19
2018	20	ald67_74	41	23
2018	20	ald67_74	42	5
2018	20	ald67_74	43	7
2018	20	ald67_74	44	8
2018	20	ald67_74	51	36
2018	20	ald67_74	52	49
2018	20	ald67_74	53	181
2018	20	ald67_74	54	8
2018	20	ald67_74	61	7
2018	20	ald67_74	62	9
2018	20	ald67_74	71	17
2018	20	ald67_74	72	7
2018	20	ald67_74	74	11
2018	20	ald67_74	75	7
2018	20	ald67_74	81	25
2018	20	ald67_74	83	69
2018	20	ald67_74	91	41
2018	20	ald67_74	93	15
2018	20	ald67_74	94	11
2018	20	ald67_74	96	7
2018	21	ald15_24	42	6
2018	21	ald15_24	51	10
2018	21	ald15_24	52	17
2018	21	ald15_24	53	5
2018	21	ald15_24	71	13
2018	21	ald15_24	72	4
2018	21	ald15_24	74	5
2018	21	ald15_24	93	6
2018	21	ald25_54	11	23
2018	21	ald25_54	12	25
2018	21	ald25_54	13	37
2018	21	ald25_54	14	32
2018	21	ald25_54	21	45
2018	21	ald25_54	22	7
2018	21	ald25_54	23	63
2018	21	ald25_54	24	71
2018	21	ald25_54	25	5
2018	21	ald25_54	26	12
2018	21	ald25_54	31	61
2018	21	ald25_54	32	12
2018	21	ald25_54	33	50
2018	21	ald25_54	34	5
2018	21	ald25_54	35	7
2018	21	ald25_54	41	20
2018	21	ald25_54	42	29
2018	21	ald25_54	43	28
2018	21	ald25_54	51	71
2018	21	ald25_54	52	42
2018	21	ald25_54	53	27
2018	21	ald25_54	54	14
2018	21	ald25_54	71	64
2018	21	ald25_54	72	33
2018	21	ald25_54	74	23
2018	21	ald25_54	81	27
2018	21	ald25_54	83	24
2018	21	ald25_54	91	8
2018	21	ald25_54	93	4
2018	21	ald55_66	11	13
2018	21	ald55_66	12	10
2018	21	ald55_66	13	11
2018	21	ald55_66	14	9
2018	21	ald55_66	21	5
2018	21	ald55_66	22	12
2018	21	ald55_66	23	9
2018	21	ald55_66	24	10
2018	21	ald55_66	26	4
2018	21	ald55_66	31	18
2018	21	ald55_66	33	6
2018	21	ald55_66	41	4
2018	21	ald55_66	42	7
2018	21	ald55_66	43	16
2018	21	ald55_66	51	4
2018	21	ald55_66	52	4
2018	21	ald55_66	53	7
2018	21	ald55_66	54	6
2018	21	ald55_66	72	20
2018	21	ald55_66	74	4
2018	21	ald55_66	81	13
2018	21	ald55_66	83	14
2018	22	ald25_54	21	4
2018	22	ald25_54	31	8
2018	23	ald15_24	31	22
2018	23	ald15_24	72	17
2018	23	ald15_24	74	19
2018	23	ald15_24	81	228
2018	23	ald25_54	13	337
2018	23	ald25_54	21	144
2018	23	ald25_54	22	35
2018	23	ald25_54	31	713
2018	23	ald25_54	32	20
2018	23	ald25_54	33	20
2018	23	ald25_54	34	17
2018	23	ald25_54	35	8
2018	23	ald25_54	41	4
2018	23	ald25_54	42	4
2018	23	ald25_54	43	33
2018	23	ald25_54	51	608
2018	23	ald25_54	52	7
2018	23	ald25_54	71	4
2018	23	ald25_54	72	424
2018	23	ald25_54	73	48
2018	23	ald25_54	74	172
2018	23	ald25_54	81	2401
2018	23	ald25_54	83	8
2018	23	ald25_54	91	813
2018	23	ald25_54	96	17
2018	23	ald55_66	13	295
2018	23	ald55_66	21	112
2018	23	ald55_66	22	22
2018	23	ald55_66	31	299
2018	23	ald55_66	32	8
2018	23	ald55_66	33	12
2018	23	ald55_66	43	18
2018	23	ald55_66	51	197
2018	23	ald55_66	71	4
2018	23	ald55_66	72	148
2018	23	ald55_66	73	7
2018	23	ald55_66	74	72
2018	23	ald55_66	81	843
2018	23	ald55_66	83	7
2018	23	ald55_66	91	375
2018	23	ald55_66	96	9
2018	50	ald15_24	00	232
2018	50	ald15_24	01	35
2018	50	ald15_24	02	100
2018	50	ald15_24	03	1009
2018	50	ald15_24	11	21
2018	50	ald15_24	12	17
2018	50	ald15_24	13	19
2018	50	ald15_24	14	84
2018	50	ald15_24	21	88
2018	50	ald15_24	22	702
2018	50	ald15_24	23	2180
2018	50	ald15_24	24	108
2018	50	ald15_24	25	131
2018	50	ald15_24	26	120
2018	50	ald15_24	31	246
2018	50	ald15_24	32	219
2018	50	ald15_24	33	1029
2018	50	ald15_24	34	560
2018	50	ald15_24	35	181
2018	50	ald15_24	41	413
2018	50	ald15_24	42	664
2018	50	ald15_24	43	602
2018	50	ald15_24	44	59
2018	50	ald15_24	51	2311
2018	50	ald15_24	52	6845
2018	50	ald15_24	53	4634
2018	50	ald15_24	54	240
2018	50	ald15_24	61	625
2018	50	ald15_24	62	362
2018	50	ald15_24	71	1664
2018	50	ald15_24	72	1206
2018	50	ald15_24	73	38
2018	50	ald15_24	74	1171
2018	50	ald15_24	75	122
2018	50	ald15_24	81	803
2018	50	ald15_24	82	55
2018	50	ald15_24	83	863
2018	50	ald15_24	91	738
2018	50	ald15_24	92	66
2018	50	ald15_24	93	934
2018	50	ald15_24	94	609
2018	50	ald15_24	96	356
2018	50	ald25_54	00	595
2018	50	ald25_54	01	689
2018	50	ald25_54	02	57
2018	50	ald25_54	03	58
2018	50	ald25_54	11	1999
2018	50	ald25_54	12	2470
2018	50	ald25_54	13	4531
2018	50	ald25_54	14	2290
2018	50	ald25_54	21	5653
2018	50	ald25_54	22	11025
2018	50	ald25_54	23	14930
2018	50	ald25_54	24	7045
2018	50	ald25_54	25	2707
2018	50	ald25_54	26	2832
2018	50	ald25_54	31	6261
2018	50	ald25_54	32	2459
2018	50	ald25_54	33	8374
2018	50	ald25_54	34	1796
2018	50	ald25_54	35	1281
2018	50	ald25_54	41	3086
2018	50	ald25_54	42	1585
2018	50	ald25_54	43	3007
2018	50	ald25_54	44	249
2018	50	ald25_54	51	4782
2018	50	ald25_54	52	7984
2018	50	ald25_54	53	12840
2018	50	ald25_54	54	859
2018	50	ald25_54	61	911
2018	50	ald25_54	62	692
2018	50	ald25_54	71	6469
2018	50	ald25_54	72	3706
2018	50	ald25_54	73	223
2018	50	ald25_54	74	2136
2018	50	ald25_54	75	744
2018	50	ald25_54	81	4191
2018	50	ald25_54	82	261
2018	50	ald25_54	83	5282
2018	50	ald25_54	91	3530
2018	50	ald25_54	92	86
2018	50	ald25_54	93	1795
2018	50	ald25_54	94	912
2018	50	ald25_54	95	7
2018	50	ald25_54	96	678
2018	50	ald55_66	00	216
2018	50	ald55_66	01	69
2018	50	ald55_66	03	11
2018	50	ald55_66	11	901
2018	50	ald55_66	12	1023
2018	50	ald55_66	13	2032
2018	50	ald55_66	14	583
2018	50	ald55_66	21	1238
2018	50	ald55_66	22	2381
2018	50	ald55_66	23	3191
2018	50	ald55_66	24	2663
2018	50	ald55_66	25	417
2018	50	ald55_66	26	638
2018	50	ald55_66	31	1902
2018	50	ald55_66	32	584
2018	50	ald55_66	33	2262
2018	50	ald55_66	34	331
2018	50	ald55_66	35	203
2018	50	ald55_66	41	1285
2018	50	ald55_66	42	295
2018	50	ald55_66	43	985
2018	50	ald55_66	44	218
2018	50	ald55_66	51	1184
2018	50	ald55_66	52	1661
2018	50	ald55_66	53	4421
2018	50	ald55_66	54	171
2018	50	ald55_66	61	271
2018	50	ald55_66	62	144
2018	50	ald55_66	71	1097
2018	50	ald55_66	72	842
2018	50	ald55_66	73	106
2018	50	ald55_66	74	491
2018	50	ald55_66	75	121
2018	50	ald55_66	81	1064
2018	50	ald55_66	82	85
2018	50	ald55_66	83	1961
2018	50	ald55_66	91	1124
2018	50	ald55_66	92	16
2018	50	ald55_66	93	370
2018	50	ald55_66	94	237
2018	50	ald55_66	96	190
2018	50	ald67_74	00	116
2018	50	ald67_74	11	169
2018	50	ald67_74	12	78
2018	50	ald67_74	13	158
2018	50	ald67_74	14	64
2018	50	ald67_74	21	177
2018	50	ald67_74	22	223
2018	50	ald67_74	23	282
2018	50	ald67_74	24	156
2018	50	ald67_74	25	16
2018	50	ald67_74	26	60
2018	50	ald67_74	31	155
2018	50	ald67_74	32	33
2018	50	ald67_74	33	181
2018	50	ald67_74	34	24
2018	50	ald67_74	35	19
2018	50	ald67_74	41	112
2018	50	ald67_74	42	27
2018	50	ald67_74	43	84
2018	50	ald67_74	44	26
2018	50	ald67_74	51	209
2018	50	ald67_74	52	199
2018	50	ald67_74	53	604
2018	50	ald67_74	54	20
2018	50	ald67_74	61	132
2018	50	ald67_74	62	16
2018	50	ald67_74	71	87
2018	50	ald67_74	72	55
2018	50	ald67_74	73	13
2018	50	ald67_74	74	20
2018	50	ald67_74	75	15
2018	50	ald67_74	81	75
2018	50	ald67_74	82	5
2018	50	ald67_74	83	422
2018	50	ald67_74	91	142
2018	50	ald67_74	93	57
2018	50	ald67_74	94	32
2018	50	ald67_74	96	70
