STATISTIKKAAR	ARBEIDSFYLKE	ALDERSGRUPPE	YRKE_2	antall
2020	03	ald15_24	00	123
2020	03	ald15_24	01	26
2020	03	ald15_24	02	35
2020	03	ald15_24	03	755
2020	03	ald15_24	11	137
2020	03	ald15_24	12	88
2020	03	ald15_24	13	42
2020	03	ald15_24	14	184
2020	03	ald15_24	21	319
2020	03	ald15_24	22	1072
2020	03	ald15_24	23	1888
2020	03	ald15_24	24	1258
2020	03	ald15_24	25	796
2020	03	ald15_24	26	747
2020	03	ald15_24	31	315
2020	03	ald15_24	32	425
2020	03	ald15_24	33	2153
2020	03	ald15_24	34	1403
2020	03	ald15_24	35	711
2020	03	ald15_24	41	2037
2020	03	ald15_24	42	1184
2020	03	ald15_24	43	1424
2020	03	ald15_24	44	106
2020	03	ald15_24	51	3087
2020	03	ald15_24	52	11127
2020	03	ald15_24	53	7736
2020	03	ald15_24	54	737
2020	03	ald15_24	61	20
2020	03	ald15_24	62	9
2020	03	ald15_24	71	965
2020	03	ald15_24	72	582
2020	03	ald15_24	73	70
2020	03	ald15_24	74	1538
2020	03	ald15_24	75	198
2020	03	ald15_24	81	290
2020	03	ald15_24	82	13
2020	03	ald15_24	83	552
2020	03	ald15_24	91	656
2020	03	ald15_24	92	50
2020	03	ald15_24	93	557
2020	03	ald15_24	94	557
2020	03	ald15_24	96	487
2020	03	ald25_54	00	1317
2020	03	ald25_54	01	962
2020	03	ald25_54	02	83
2020	03	ald25_54	03	133
2020	03	ald25_54	11	6679
2020	03	ald25_54	12	13112
2020	03	ald25_54	13	10601
2020	03	ald25_54	14	5031
2020	03	ald25_54	21	16289
2020	03	ald25_54	22	17006
2020	03	ald25_54	23	19527
2020	03	ald25_54	24	44651
2020	03	ald25_54	25	19547
2020	03	ald25_54	26	16315
2020	03	ald25_54	31	11017
2020	03	ald25_54	32	4619
2020	03	ald25_54	33	33659
2020	03	ald25_54	34	4949
2020	03	ald25_54	35	6812
2020	03	ald25_54	41	9024
2020	03	ald25_54	42	4433
2020	03	ald25_54	43	8996
2020	03	ald25_54	44	578
2020	03	ald25_54	51	10398
2020	03	ald25_54	52	13297
2020	03	ald25_54	53	18255
2020	03	ald25_54	54	2810
2020	03	ald25_54	61	210
2020	03	ald25_54	62	28
2020	03	ald25_54	71	7962
2020	03	ald25_54	72	2215
2020	03	ald25_54	73	431
2020	03	ald25_54	74	3234
2020	03	ald25_54	75	875
2020	03	ald25_54	81	1695
2020	03	ald25_54	82	100
2020	03	ald25_54	83	6563
2020	03	ald25_54	91	6884
2020	03	ald25_54	92	44
2020	03	ald25_54	93	1762
2020	03	ald25_54	94	2083
2020	03	ald25_54	95	23
2020	03	ald25_54	96	1142
2020	03	ald55_66	00	170
2020	03	ald55_66	01	79
2020	03	ald55_66	02	4
2020	03	ald55_66	03	10
2020	03	ald55_66	11	3092
2020	03	ald55_66	12	4600
2020	03	ald55_66	13	4017
2020	03	ald55_66	14	904
2020	03	ald55_66	21	3269
2020	03	ald55_66	22	3396
2020	03	ald55_66	23	3693
2020	03	ald55_66	24	10681
2020	03	ald55_66	25	2908
2020	03	ald55_66	26	2782
2020	03	ald55_66	31	3048
2020	03	ald55_66	32	1072
2020	03	ald55_66	33	8088
2020	03	ald55_66	34	878
2020	03	ald55_66	35	930
2020	03	ald55_66	41	2317
2020	03	ald55_66	42	908
2020	03	ald55_66	43	2110
2020	03	ald55_66	44	251
2020	03	ald55_66	51	1835
2020	03	ald55_66	52	1326
2020	03	ald55_66	53	3533
2020	03	ald55_66	54	308
2020	03	ald55_66	61	52
2020	03	ald55_66	62	8
2020	03	ald55_66	71	1454
2020	03	ald55_66	72	468
2020	03	ald55_66	73	152
2020	03	ald55_66	74	686
2020	03	ald55_66	75	202
2020	03	ald55_66	81	398
2020	03	ald55_66	82	30
2020	03	ald55_66	83	1802
2020	03	ald55_66	91	1318
2020	03	ald55_66	92	16
2020	03	ald55_66	93	272
2020	03	ald55_66	94	335
2020	03	ald55_66	95	4
2020	03	ald55_66	96	188
2020	03	ald67_74	00	38
2020	03	ald67_74	11	350
2020	03	ald67_74	12	314
2020	03	ald67_74	13	275
2020	03	ald67_74	14	90
2020	03	ald67_74	21	420
2020	03	ald67_74	22	378
2020	03	ald67_74	23	493
2020	03	ald67_74	24	792
2020	03	ald67_74	25	115
2020	03	ald67_74	26	395
2020	03	ald67_74	31	249
2020	03	ald67_74	32	70
2020	03	ald67_74	33	485
2020	03	ald67_74	34	72
2020	03	ald67_74	35	64
2020	03	ald67_74	41	265
2020	03	ald67_74	42	88
2020	03	ald67_74	43	174
2020	03	ald67_74	44	14
2020	03	ald67_74	51	206
2020	03	ald67_74	52	150
2020	03	ald67_74	53	324
2020	03	ald67_74	54	22
2020	03	ald67_74	61	8
2020	03	ald67_74	71	90
2020	03	ald67_74	72	31
2020	03	ald67_74	73	17
2020	03	ald67_74	74	44
2020	03	ald67_74	75	10
2020	03	ald67_74	81	20
2020	03	ald67_74	83	277
2020	03	ald67_74	91	85
2020	03	ald67_74	92	6
2020	03	ald67_74	93	29
2020	03	ald67_74	94	20
2020	03	ald67_74	96	51
2020	11	ald15_24	00	140
2020	11	ald15_24	01	11
2020	11	ald15_24	02	21
2020	11	ald15_24	03	903
2020	11	ald15_24	11	16
2020	11	ald15_24	12	19
2020	11	ald15_24	13	11
2020	11	ald15_24	14	80
2020	11	ald15_24	21	73
2020	11	ald15_24	22	513
2020	11	ald15_24	23	767
2020	11	ald15_24	24	107
2020	11	ald15_24	25	122
2020	11	ald15_24	26	159
2020	11	ald15_24	31	452
2020	11	ald15_24	32	168
2020	11	ald15_24	33	427
2020	11	ald15_24	34	623
2020	11	ald15_24	35	150
2020	11	ald15_24	41	464
2020	11	ald15_24	42	396
2020	11	ald15_24	43	729
2020	11	ald15_24	44	57
2020	11	ald15_24	51	1657
2020	11	ald15_24	52	6451
2020	11	ald15_24	53	4546
2020	11	ald15_24	54	602
2020	11	ald15_24	61	1076
2020	11	ald15_24	62	142
2020	11	ald15_24	71	1358
2020	11	ald15_24	72	1676
2020	11	ald15_24	73	46
2020	11	ald15_24	74	1318
2020	11	ald15_24	75	127
2020	11	ald15_24	81	1330
2020	11	ald15_24	82	45
2020	11	ald15_24	83	627
2020	11	ald15_24	91	622
2020	11	ald15_24	92	59
2020	11	ald15_24	93	864
2020	11	ald15_24	94	384
2020	11	ald15_24	96	148
2020	11	ald25_54	00	351
2020	11	ald25_54	01	223
2020	11	ald25_54	02	18
2020	11	ald25_54	03	71
2020	11	ald25_54	11	2071
2020	11	ald25_54	12	2793
2020	11	ald25_54	13	6002
2020	11	ald25_54	14	2324
2020	11	ald25_54	21	7365
2020	11	ald25_54	22	9130
2020	11	ald25_54	23	12493
2020	11	ald25_54	24	7297
2020	11	ald25_54	25	3775
2020	11	ald25_54	26	3077
2020	11	ald25_54	31	13857
2020	11	ald25_54	32	2260
2020	11	ald25_54	33	8563
2020	11	ald25_54	34	2123
2020	11	ald25_54	35	1349
2020	11	ald25_54	41	3097
2020	11	ald25_54	42	1187
2020	11	ald25_54	43	4236
2020	11	ald25_54	44	196
2020	11	ald25_54	51	4408
2020	11	ald25_54	52	7374
2020	11	ald25_54	53	14281
2020	11	ald25_54	54	1348
2020	11	ald25_54	61	1001
2020	11	ald25_54	62	295
2020	11	ald25_54	71	7322
2020	11	ald25_54	72	5991
2020	11	ald25_54	73	256
2020	11	ald25_54	74	3079
2020	11	ald25_54	75	717
2020	11	ald25_54	81	8216
2020	11	ald25_54	82	369
2020	11	ald25_54	83	4490
2020	11	ald25_54	91	4012
2020	11	ald25_54	92	107
2020	11	ald25_54	93	2000
2020	11	ald25_54	94	694
2020	11	ald25_54	95	15
2020	11	ald25_54	96	560
2020	11	ald55_66	00	123
2020	11	ald55_66	01	36
2020	11	ald55_66	03	7
2020	11	ald55_66	11	1106
2020	11	ald55_66	12	1203
2020	11	ald55_66	13	2636
2020	11	ald55_66	14	522
2020	11	ald55_66	21	2291
2020	11	ald55_66	22	1852
2020	11	ald55_66	23	2688
2020	11	ald55_66	24	2241
2020	11	ald55_66	25	581
2020	11	ald55_66	26	623
2020	11	ald55_66	31	3479
2020	11	ald55_66	32	564
2020	11	ald55_66	33	2609
2020	11	ald55_66	34	358
2020	11	ald55_66	35	220
2020	11	ald55_66	41	1207
2020	11	ald55_66	42	290
2020	11	ald55_66	43	1235
2020	11	ald55_66	44	124
2020	11	ald55_66	51	956
2020	11	ald55_66	52	1706
2020	11	ald55_66	53	4370
2020	11	ald55_66	54	185
2020	11	ald55_66	61	270
2020	11	ald55_66	62	46
2020	11	ald55_66	71	1378
2020	11	ald55_66	72	1152
2020	11	ald55_66	73	98
2020	11	ald55_66	74	573
2020	11	ald55_66	75	121
2020	11	ald55_66	81	1667
2020	11	ald55_66	82	87
2020	11	ald55_66	83	1415
2020	11	ald55_66	91	1003
2020	11	ald55_66	92	25
2020	11	ald55_66	93	409
2020	11	ald55_66	94	204
2020	11	ald55_66	96	144
2020	11	ald67_74	00	36
2020	11	ald67_74	03	5
2020	11	ald67_74	11	167
2020	11	ald67_74	12	83
2020	11	ald67_74	13	141
2020	11	ald67_74	14	66
2020	11	ald67_74	21	137
2020	11	ald67_74	22	201
2020	11	ald67_74	23	151
2020	11	ald67_74	24	158
2020	11	ald67_74	25	32
2020	11	ald67_74	26	87
2020	11	ald67_74	31	203
2020	11	ald67_74	32	35
2020	11	ald67_74	33	175
2020	11	ald67_74	34	37
2020	11	ald67_74	35	11
2020	11	ald67_74	41	127
2020	11	ald67_74	42	17
2020	11	ald67_74	43	92
2020	11	ald67_74	44	8
2020	11	ald67_74	51	128
2020	11	ald67_74	52	142
2020	11	ald67_74	53	511
2020	11	ald67_74	54	13
2020	11	ald67_74	61	135
2020	11	ald67_74	71	84
2020	11	ald67_74	72	69
2020	11	ald67_74	73	33
2020	11	ald67_74	74	30
2020	11	ald67_74	75	12
2020	11	ald67_74	81	62
2020	11	ald67_74	83	266
2020	11	ald67_74	91	71
2020	11	ald67_74	92	5
2020	11	ald67_74	93	39
2020	11	ald67_74	94	15
2020	11	ald67_74	96	37
2020	15	ald15_24	00	223
2020	15	ald15_24	02	5
2020	15	ald15_24	03	567
2020	15	ald15_24	11	16
2020	15	ald15_24	13	14
2020	15	ald15_24	14	31
2020	15	ald15_24	21	17
2020	15	ald15_24	22	246
2020	15	ald15_24	23	319
2020	15	ald15_24	24	31
2020	15	ald15_24	25	36
2020	15	ald15_24	26	52
2020	15	ald15_24	31	215
2020	15	ald15_24	32	105
2020	15	ald15_24	33	130
2020	15	ald15_24	34	250
2020	15	ald15_24	35	56
2020	15	ald15_24	41	183
2020	15	ald15_24	42	198
2020	15	ald15_24	43	311
2020	15	ald15_24	44	20
2020	15	ald15_24	51	701
2020	15	ald15_24	52	3336
2020	15	ald15_24	53	2753
2020	15	ald15_24	54	93
2020	15	ald15_24	61	255
2020	15	ald15_24	62	211
2020	15	ald15_24	71	582
2020	15	ald15_24	72	943
2020	15	ald15_24	73	16
2020	15	ald15_24	74	739
2020	15	ald15_24	75	71
2020	15	ald15_24	81	717
2020	15	ald15_24	82	15
2020	15	ald15_24	83	498
2020	15	ald15_24	91	430
2020	15	ald15_24	92	16
2020	15	ald15_24	93	517
2020	15	ald15_24	94	265
2020	15	ald15_24	96	130
2020	15	ald25_54	00	373
2020	15	ald25_54	01	64
2020	15	ald25_54	02	11
2020	15	ald25_54	03	25
2020	15	ald25_54	11	1039
2020	15	ald25_54	12	1557
2020	15	ald25_54	13	2708
2020	15	ald25_54	14	1384
2020	15	ald25_54	21	1553
2020	15	ald25_54	22	5520
2020	15	ald25_54	23	6617
2020	15	ald25_54	24	2711
2020	15	ald25_54	25	878
2020	15	ald25_54	26	1241
2020	15	ald25_54	31	5571
2020	15	ald25_54	32	1248
2020	15	ald25_54	33	4062
2020	15	ald25_54	34	867
2020	15	ald25_54	35	465
2020	15	ald25_54	41	1620
2020	15	ald25_54	42	656
2020	15	ald25_54	43	1939
2020	15	ald25_54	44	127
2020	15	ald25_54	51	1959
2020	15	ald25_54	52	4016
2020	15	ald25_54	53	8106
2020	15	ald25_54	54	426
2020	15	ald25_54	61	243
2020	15	ald25_54	62	507
2020	15	ald25_54	71	3320
2020	15	ald25_54	72	2731
2020	15	ald25_54	73	74
2020	15	ald25_54	74	1575
2020	15	ald25_54	75	474
2020	15	ald25_54	81	3849
2020	15	ald25_54	82	111
2020	15	ald25_54	83	2994
2020	15	ald25_54	91	1868
2020	15	ald25_54	92	30
2020	15	ald25_54	93	1040
2020	15	ald25_54	94	357
2020	15	ald25_54	95	20
2020	15	ald25_54	96	362
2020	15	ald55_66	00	160
2020	15	ald55_66	03	11
2020	15	ald55_66	11	617
2020	15	ald55_66	12	751
2020	15	ald55_66	13	1329
2020	15	ald55_66	14	469
2020	15	ald55_66	21	456
2020	15	ald55_66	22	1369
2020	15	ald55_66	23	1527
2020	15	ald55_66	24	995
2020	15	ald55_66	25	154
2020	15	ald55_66	26	290
2020	15	ald55_66	31	1725
2020	15	ald55_66	32	348
2020	15	ald55_66	33	1519
2020	15	ald55_66	34	194
2020	15	ald55_66	35	68
2020	15	ald55_66	41	738
2020	15	ald55_66	42	155
2020	15	ald55_66	43	749
2020	15	ald55_66	44	108
2020	15	ald55_66	51	657
2020	15	ald55_66	52	1034
2020	15	ald55_66	53	3329
2020	15	ald55_66	54	94
2020	15	ald55_66	61	75
2020	15	ald55_66	62	87
2020	15	ald55_66	71	771
2020	15	ald55_66	72	681
2020	15	ald55_66	73	32
2020	15	ald55_66	74	431
2020	15	ald55_66	75	107
2020	15	ald55_66	81	1177
2020	15	ald55_66	82	24
2020	15	ald55_66	83	1297
2020	15	ald55_66	91	611
2020	15	ald55_66	92	16
2020	15	ald55_66	93	263
2020	15	ald55_66	94	139
2020	15	ald55_66	96	81
2020	15	ald67_74	00	54
2020	15	ald67_74	11	141
2020	15	ald67_74	12	67
2020	15	ald67_74	13	134
2020	15	ald67_74	14	55
2020	15	ald67_74	21	48
2020	15	ald67_74	22	125
2020	15	ald67_74	23	120
2020	15	ald67_74	24	102
2020	15	ald67_74	25	4
2020	15	ald67_74	26	40
2020	15	ald67_74	31	153
2020	15	ald67_74	32	24
2020	15	ald67_74	33	136
2020	15	ald67_74	34	21
2020	15	ald67_74	35	5
2020	15	ald67_74	41	85
2020	15	ald67_74	42	18
2020	15	ald67_74	43	81
2020	15	ald67_74	44	6
2020	15	ald67_74	51	133
2020	15	ald67_74	52	124
2020	15	ald67_74	53	609
2020	15	ald67_74	54	16
2020	15	ald67_74	61	43
2020	15	ald67_74	62	10
2020	15	ald67_74	71	64
2020	15	ald67_74	72	55
2020	15	ald67_74	73	6
2020	15	ald67_74	74	31
2020	15	ald67_74	75	15
2020	15	ald67_74	81	88
2020	15	ald67_74	83	283
2020	15	ald67_74	91	95
2020	15	ald67_74	93	47
2020	15	ald67_74	94	17
2020	15	ald67_74	96	24
2020	18	ald15_24	00	67
2020	18	ald15_24	01	12
2020	18	ald15_24	02	23
2020	18	ald15_24	03	570
2020	18	ald15_24	11	16
2020	18	ald15_24	12	13
2020	18	ald15_24	13	7
2020	18	ald15_24	14	42
2020	18	ald15_24	21	18
2020	18	ald15_24	22	228
2020	18	ald15_24	23	285
2020	18	ald15_24	24	51
2020	18	ald15_24	25	29
2020	18	ald15_24	26	73
2020	18	ald15_24	31	129
2020	18	ald15_24	32	137
2020	18	ald15_24	33	152
2020	18	ald15_24	34	103
2020	18	ald15_24	35	71
2020	18	ald15_24	41	153
2020	18	ald15_24	42	162
2020	18	ald15_24	43	277
2020	18	ald15_24	44	33
2020	18	ald15_24	51	716
2020	18	ald15_24	52	3269
2020	18	ald15_24	53	2481
2020	18	ald15_24	54	85
2020	18	ald15_24	61	209
2020	18	ald15_24	62	352
2020	18	ald15_24	71	663
2020	18	ald15_24	72	677
2020	18	ald15_24	73	12
2020	18	ald15_24	74	714
2020	18	ald15_24	75	71
2020	18	ald15_24	81	588
2020	18	ald15_24	82	9
2020	18	ald15_24	83	475
2020	18	ald15_24	91	379
2020	18	ald15_24	92	24
2020	18	ald15_24	93	547
2020	18	ald15_24	94	305
2020	18	ald15_24	96	134
2020	18	ald25_54	00	296
2020	18	ald25_54	01	573
2020	18	ald25_54	02	42
2020	18	ald25_54	03	61
2020	18	ald25_54	11	986
2020	18	ald25_54	12	1091
2020	18	ald25_54	13	2473
2020	18	ald25_54	14	1344
2020	18	ald25_54	21	1098
2020	18	ald25_54	22	5417
2020	18	ald25_54	23	5998
2020	18	ald25_54	24	3296
2020	18	ald25_54	25	616
2020	18	ald25_54	26	1664
2020	18	ald25_54	31	3056
2020	18	ald25_54	32	1374
2020	18	ald25_54	33	3126
2020	18	ald25_54	34	685
2020	18	ald25_54	35	357
2020	18	ald25_54	41	1509
2020	18	ald25_54	42	656
2020	18	ald25_54	43	1573
2020	18	ald25_54	44	154
2020	18	ald25_54	51	1964
2020	18	ald25_54	52	3906
2020	18	ald25_54	53	8037
2020	18	ald25_54	54	544
2020	18	ald25_54	61	303
2020	18	ald25_54	62	773
2020	18	ald25_54	71	2596
2020	18	ald25_54	72	2034
2020	18	ald25_54	73	96
2020	18	ald25_54	74	1264
2020	18	ald25_54	75	350
2020	18	ald25_54	81	2910
2020	18	ald25_54	82	87
2020	18	ald25_54	83	2782
2020	18	ald25_54	91	1873
2020	18	ald25_54	92	34
2020	18	ald25_54	93	1243
2020	18	ald25_54	94	357
2020	18	ald25_54	95	5
2020	18	ald25_54	96	505
2020	18	ald55_66	00	114
2020	18	ald55_66	01	89
2020	18	ald55_66	03	4
2020	18	ald55_66	11	601
2020	18	ald55_66	12	573
2020	18	ald55_66	13	1215
2020	18	ald55_66	14	398
2020	18	ald55_66	21	370
2020	18	ald55_66	22	1351
2020	18	ald55_66	23	1719
2020	18	ald55_66	24	1390
2020	18	ald55_66	25	120
2020	18	ald55_66	26	473
2020	18	ald55_66	31	1171
2020	18	ald55_66	32	314
2020	18	ald55_66	33	1204
2020	18	ald55_66	34	192
2020	18	ald55_66	35	79
2020	18	ald55_66	41	737
2020	18	ald55_66	42	188
2020	18	ald55_66	43	548
2020	18	ald55_66	44	154
2020	18	ald55_66	51	670
2020	18	ald55_66	52	847
2020	18	ald55_66	53	3009
2020	18	ald55_66	54	174
2020	18	ald55_66	61	65
2020	18	ald55_66	62	127
2020	18	ald55_66	71	551
2020	18	ald55_66	72	544
2020	18	ald55_66	73	22
2020	18	ald55_66	74	275
2020	18	ald55_66	75	79
2020	18	ald55_66	81	722
2020	18	ald55_66	82	14
2020	18	ald55_66	83	1213
2020	18	ald55_66	91	651
2020	18	ald55_66	92	21
2020	18	ald55_66	93	278
2020	18	ald55_66	94	108
2020	18	ald55_66	96	158
2020	18	ald67_74	00	33
2020	18	ald67_74	11	73
2020	18	ald67_74	12	38
2020	18	ald67_74	13	85
2020	18	ald67_74	14	51
2020	18	ald67_74	21	34
2020	18	ald67_74	22	142
2020	18	ald67_74	23	121
2020	18	ald67_74	24	89
2020	18	ald67_74	25	4
2020	18	ald67_74	26	66
2020	18	ald67_74	31	94
2020	18	ald67_74	32	29
2020	18	ald67_74	33	77
2020	18	ald67_74	34	24
2020	18	ald67_74	41	75
2020	18	ald67_74	42	17
2020	18	ald67_74	43	51
2020	18	ald67_74	44	16
2020	18	ald67_74	51	126
2020	18	ald67_74	52	103
2020	18	ald67_74	53	536
2020	18	ald67_74	54	9
2020	18	ald67_74	61	35
2020	18	ald67_74	62	11
2020	18	ald67_74	71	61
2020	18	ald67_74	72	63
2020	18	ald67_74	73	5
2020	18	ald67_74	74	16
2020	18	ald67_74	75	9
2020	18	ald67_74	81	47
2020	18	ald67_74	83	314
2020	18	ald67_74	91	83
2020	18	ald67_74	93	49
2020	18	ald67_74	94	25
2020	18	ald67_74	96	50
2020	21	ald15_24	43	4
2020	21	ald15_24	52	7
2020	21	ald15_24	53	6
2020	21	ald15_24	71	14
2020	21	ald15_24	74	6
2020	21	ald15_24	83	4
2020	21	ald15_24	93	7
2020	21	ald25_54	11	25
2020	21	ald25_54	12	19
2020	21	ald25_54	13	36
2020	21	ald25_54	14	23
2020	21	ald25_54	21	63
2020	21	ald25_54	22	10
2020	21	ald25_54	23	73
2020	21	ald25_54	24	58
2020	21	ald25_54	25	8
2020	21	ald25_54	26	15
2020	21	ald25_54	31	66
2020	21	ald25_54	32	12
2020	21	ald25_54	33	43
2020	21	ald25_54	34	5
2020	21	ald25_54	35	6
2020	21	ald25_54	41	20
2020	21	ald25_54	42	22
2020	21	ald25_54	43	28
2020	21	ald25_54	51	59
2020	21	ald25_54	52	36
2020	21	ald25_54	53	27
2020	21	ald25_54	54	22
2020	21	ald25_54	71	46
2020	21	ald25_54	72	31
2020	21	ald25_54	74	21
2020	21	ald25_54	81	26
2020	21	ald25_54	83	39
2020	21	ald25_54	91	6
2020	21	ald25_54	93	6
2020	21	ald25_54	94	4
2020	21	ald55_66	11	12
2020	21	ald55_66	12	14
2020	21	ald55_66	13	13
2020	21	ald55_66	14	6
2020	21	ald55_66	21	6
2020	21	ald55_66	22	10
2020	21	ald55_66	23	9
2020	21	ald55_66	24	13
2020	21	ald55_66	31	22
2020	21	ald55_66	33	10
2020	21	ald55_66	42	4
2020	21	ald55_66	43	13
2020	21	ald55_66	51	9
2020	21	ald55_66	53	8
2020	21	ald55_66	54	7
2020	21	ald55_66	71	7
2020	21	ald55_66	72	19
2020	21	ald55_66	81	8
2020	21	ald55_66	83	21
2020	21	ald55_66	93	5
2020	23	ald15_24	31	29
2020	23	ald15_24	51	5
2020	23	ald15_24	72	33
2020	23	ald15_24	74	30
2020	23	ald15_24	81	269
2020	23	ald25_54	13	355
2020	23	ald25_54	21	155
2020	23	ald25_54	22	36
2020	23	ald25_54	31	728
2020	23	ald25_54	32	14
2020	23	ald25_54	33	14
2020	23	ald25_54	35	7
2020	23	ald25_54	41	5
2020	23	ald25_54	43	23
2020	23	ald25_54	51	212
2020	23	ald25_54	52	12
2020	23	ald25_54	72	413
2020	23	ald25_54	73	56
2020	23	ald25_54	74	140
2020	23	ald25_54	81	2061
2020	23	ald25_54	83	23
2020	23	ald25_54	91	316
2020	23	ald25_54	96	15
2020	23	ald55_66	00	5
2020	23	ald55_66	13	277
2020	23	ald55_66	21	126
2020	23	ald55_66	22	13
2020	23	ald55_66	31	302
2020	23	ald55_66	32	11
2020	23	ald55_66	33	5
2020	23	ald55_66	35	4
2020	23	ald55_66	41	4
2020	23	ald55_66	43	20
2020	23	ald55_66	51	100
2020	23	ald55_66	72	143
2020	23	ald55_66	73	6
2020	23	ald55_66	74	62
2020	23	ald55_66	81	858
2020	23	ald55_66	83	11
2020	23	ald55_66	91	179
2020	23	ald55_66	96	8
2020	30	ald15_24	00	318
2020	30	ald15_24	01	26
2020	30	ald15_24	02	60
2020	30	ald15_24	03	2497
2020	30	ald15_24	11	87
2020	30	ald15_24	12	34
2020	30	ald15_24	13	44
2020	30	ald15_24	14	188
2020	30	ald15_24	21	139
2020	30	ald15_24	22	1044
2020	30	ald15_24	23	1483
2020	30	ald15_24	24	270
2020	30	ald15_24	25	253
2020	30	ald15_24	26	195
2020	30	ald15_24	31	454
2020	30	ald15_24	32	452
2020	30	ald15_24	33	1036
2020	30	ald15_24	34	1837
2020	30	ald15_24	35	386
2020	30	ald15_24	41	1187
2020	30	ald15_24	42	993
2020	30	ald15_24	43	2330
2020	30	ald15_24	44	101
2020	30	ald15_24	51	3076
2020	30	ald15_24	52	17053
2020	30	ald15_24	53	9986
2020	30	ald15_24	54	555
2020	30	ald15_24	61	573
2020	30	ald15_24	62	32
2020	30	ald15_24	71	2757
2020	30	ald15_24	72	2100
2020	30	ald15_24	73	68
2020	30	ald15_24	74	2616
2020	30	ald15_24	75	229
2020	30	ald15_24	81	1115
2020	30	ald15_24	82	79
2020	30	ald15_24	83	1100
2020	30	ald15_24	91	1334
2020	30	ald15_24	92	277
2020	30	ald15_24	93	1845
2020	30	ald15_24	94	1172
2020	30	ald15_24	95	4
2020	30	ald15_24	96	389
2020	30	ald25_54	00	1298
2020	30	ald25_54	01	1590
2020	30	ald25_54	02	107
2020	30	ald25_54	03	222
2020	30	ald25_54	11	5433
2020	30	ald25_54	12	7845
2020	30	ald25_54	13	11585
2020	30	ald25_54	14	6264
2020	30	ald25_54	21	11065
2020	30	ald25_54	22	21194
2020	30	ald25_54	23	27050
2020	30	ald25_54	24	15648
2020	30	ald25_54	25	7025
2020	30	ald25_54	26	6279
2020	30	ald25_54	31	16961
2020	30	ald25_54	32	5044
2020	30	ald25_54	33	24032
2020	30	ald25_54	34	4405
2020	30	ald25_54	35	3281
2020	30	ald25_54	41	7758
2020	30	ald25_54	42	3321
2020	30	ald25_54	43	14063
2020	30	ald25_54	44	443
2020	30	ald25_54	51	9250
2020	30	ald25_54	52	18919
2020	30	ald25_54	53	35403
2020	30	ald25_54	54	2841
2020	30	ald25_54	61	1341
2020	30	ald25_54	62	86
2020	30	ald25_54	71	14477
2020	30	ald25_54	72	7394
2020	30	ald25_54	73	541
2020	30	ald25_54	74	4999
2020	30	ald25_54	75	1236
2020	30	ald25_54	81	7034
2020	30	ald25_54	82	1070
2020	30	ald25_54	83	10319
2020	30	ald25_54	91	7362
2020	30	ald25_54	92	292
2020	30	ald25_54	93	4746
2020	30	ald25_54	94	1680
2020	30	ald25_54	95	26
2020	30	ald25_54	96	1666
2020	30	ald55_66	00	332
2020	30	ald55_66	01	285
2020	30	ald55_66	03	18
2020	30	ald55_66	11	2834
2020	30	ald55_66	12	3322
2020	30	ald55_66	13	5270
2020	30	ald55_66	14	1521
2020	30	ald55_66	21	3206
2020	30	ald55_66	22	4891
2020	30	ald55_66	23	6237
2020	30	ald55_66	24	5221
2020	30	ald55_66	25	1545
2020	30	ald55_66	26	1396
2020	30	ald55_66	31	4978
2020	30	ald55_66	32	1371
2020	30	ald55_66	33	7426
2020	30	ald55_66	34	937
2020	30	ald55_66	35	655
2020	30	ald55_66	41	3095
2020	30	ald55_66	42	725
2020	30	ald55_66	43	3964
2020	30	ald55_66	44	309
2020	30	ald55_66	51	2500
2020	30	ald55_66	52	3594
2020	30	ald55_66	53	11089
2020	30	ald55_66	54	477
2020	30	ald55_66	61	322
2020	30	ald55_66	62	32
2020	30	ald55_66	71	2470
2020	30	ald55_66	72	1774
2020	30	ald55_66	73	229
2020	30	ald55_66	74	1054
2020	30	ald55_66	75	285
2020	30	ald55_66	81	2131
2020	30	ald55_66	82	290
2020	30	ald55_66	83	3879
2020	30	ald55_66	91	2052
2020	30	ald55_66	92	78
2020	30	ald55_66	93	878
2020	30	ald55_66	94	460
2020	30	ald55_66	95	7
2020	30	ald55_66	96	421
2020	30	ald67_74	00	103
2020	30	ald67_74	11	474
2020	30	ald67_74	12	279
2020	30	ald67_74	13	408
2020	30	ald67_74	14	159
2020	30	ald67_74	21	317
2020	30	ald67_74	22	473
2020	30	ald67_74	23	364
2020	30	ald67_74	24	426
2020	30	ald67_74	25	64
2020	30	ald67_74	26	138
2020	30	ald67_74	31	382
2020	30	ald67_74	32	88
2020	30	ald67_74	33	672
2020	30	ald67_74	34	98
2020	30	ald67_74	35	42
2020	30	ald67_74	41	373
2020	30	ald67_74	42	67
2020	30	ald67_74	43	352
2020	30	ald67_74	44	28
2020	30	ald67_74	51	392
2020	30	ald67_74	52	487
2020	30	ald67_74	53	1392
2020	30	ald67_74	54	25
2020	30	ald67_74	61	83
2020	30	ald67_74	62	7
2020	30	ald67_74	71	172
2020	30	ald67_74	72	177
2020	30	ald67_74	73	25
2020	30	ald67_74	74	73
2020	30	ald67_74	75	28
2020	30	ald67_74	81	121
2020	30	ald67_74	82	10
2020	30	ald67_74	83	780
2020	30	ald67_74	91	205
2020	30	ald67_74	92	15
2020	30	ald67_74	93	136
2020	30	ald67_74	94	64
2020	30	ald67_74	95	15
2020	30	ald67_74	96	148
2020	34	ald15_24	00	72
2020	34	ald15_24	01	21
2020	34	ald15_24	02	39
2020	34	ald15_24	03	814
2020	34	ald15_24	11	19
2020	34	ald15_24	12	5
2020	34	ald15_24	13	13
2020	34	ald15_24	14	60
2020	34	ald15_24	21	35
2020	34	ald15_24	22	384
2020	34	ald15_24	23	391
2020	34	ald15_24	24	67
2020	34	ald15_24	25	48
2020	34	ald15_24	26	59
2020	34	ald15_24	31	100
2020	34	ald15_24	32	166
2020	34	ald15_24	33	272
2020	34	ald15_24	34	260
2020	34	ald15_24	35	90
2020	34	ald15_24	41	241
2020	34	ald15_24	42	425
2020	34	ald15_24	43	339
2020	34	ald15_24	44	41
2020	34	ald15_24	51	911
2020	34	ald15_24	52	4505
2020	34	ald15_24	53	4096
2020	34	ald15_24	54	67
2020	34	ald15_24	61	799
2020	34	ald15_24	62	28
2020	34	ald15_24	71	1085
2020	34	ald15_24	72	884
2020	34	ald15_24	73	24
2020	34	ald15_24	74	854
2020	34	ald15_24	75	89
2020	34	ald15_24	81	613
2020	34	ald15_24	82	46
2020	34	ald15_24	83	691
2020	34	ald15_24	91	375
2020	34	ald15_24	92	125
2020	34	ald15_24	93	621
2020	34	ald15_24	94	476
2020	34	ald15_24	96	141
2020	34	ald25_54	00	311
2020	34	ald25_54	01	944
2020	34	ald25_54	02	65
2020	34	ald25_54	03	121
2020	34	ald25_54	11	1413
2020	34	ald25_54	12	1636
2020	34	ald25_54	13	3067
2020	34	ald25_54	14	1959
2020	34	ald25_54	21	1880
2020	34	ald25_54	22	7910
2020	34	ald25_54	23	8392
2020	34	ald25_54	24	4354
2020	34	ald25_54	25	1129
2020	34	ald25_54	26	1813
2020	34	ald25_54	31	3167
2020	34	ald25_54	32	1869
2020	34	ald25_54	33	5160
2020	34	ald25_54	34	1307
2020	34	ald25_54	35	574
2020	34	ald25_54	41	1819
2020	34	ald25_54	42	1099
2020	34	ald25_54	43	1882
2020	34	ald25_54	44	137
2020	34	ald25_54	51	2965
2020	34	ald25_54	52	6132
2020	34	ald25_54	53	11508
2020	34	ald25_54	54	463
2020	34	ald25_54	61	795
2020	34	ald25_54	62	69
2020	34	ald25_54	71	4568
2020	34	ald25_54	72	2656
2020	34	ald25_54	73	140
2020	34	ald25_54	74	1743
2020	34	ald25_54	75	517
2020	34	ald25_54	81	4129
2020	34	ald25_54	82	172
2020	34	ald25_54	83	4320
2020	34	ald25_54	91	2523
2020	34	ald25_54	92	139
2020	34	ald25_54	93	1148
2020	34	ald25_54	94	651
2020	34	ald25_54	95	8
2020	34	ald25_54	96	705
2020	34	ald55_66	00	142
2020	34	ald55_66	01	66
2020	34	ald55_66	03	4
2020	34	ald55_66	11	776
2020	34	ald55_66	12	795
2020	34	ald55_66	13	1620
2020	34	ald55_66	14	542
2020	34	ald55_66	21	623
2020	34	ald55_66	22	2005
2020	34	ald55_66	23	2213
2020	34	ald55_66	24	1862
2020	34	ald55_66	25	297
2020	34	ald55_66	26	513
2020	34	ald55_66	31	1191
2020	34	ald55_66	32	603
2020	34	ald55_66	33	2116
2020	34	ald55_66	34	348
2020	34	ald55_66	35	141
2020	34	ald55_66	41	950
2020	34	ald55_66	42	289
2020	34	ald55_66	43	806
2020	34	ald55_66	44	187
2020	34	ald55_66	51	1084
2020	34	ald55_66	52	1628
2020	34	ald55_66	53	4711
2020	34	ald55_66	54	134
2020	34	ald55_66	61	247
2020	34	ald55_66	62	41
2020	34	ald55_66	71	1031
2020	34	ald55_66	72	632
2020	34	ald55_66	73	65
2020	34	ald55_66	74	420
2020	34	ald55_66	75	110
2020	34	ald55_66	81	1374
2020	34	ald55_66	82	48
2020	34	ald55_66	83	1838
2020	34	ald55_66	91	1094
2020	34	ald55_66	92	39
2020	34	ald55_66	93	284
2020	34	ald55_66	94	223
2020	34	ald55_66	96	255
2020	34	ald67_74	00	43
2020	34	ald67_74	03	4
2020	34	ald67_74	11	110
2020	34	ald67_74	12	66
2020	34	ald67_74	13	136
2020	34	ald67_74	14	46
2020	34	ald67_74	21	86
2020	34	ald67_74	22	193
2020	34	ald67_74	23	198
2020	34	ald67_74	24	153
2020	34	ald67_74	25	14
2020	34	ald67_74	26	56
2020	34	ald67_74	31	74
2020	34	ald67_74	32	41
2020	34	ald67_74	33	196
2020	34	ald67_74	34	38
2020	34	ald67_74	35	5
2020	34	ald67_74	41	116
2020	34	ald67_74	42	40
2020	34	ald67_74	43	87
2020	34	ald67_74	44	20
2020	34	ald67_74	51	205
2020	34	ald67_74	52	206
2020	34	ald67_74	53	665
2020	34	ald67_74	54	18
2020	34	ald67_74	61	142
2020	34	ald67_74	62	9
2020	34	ald67_74	71	90
2020	34	ald67_74	72	64
2020	34	ald67_74	73	11
2020	34	ald67_74	74	36
2020	34	ald67_74	75	25
2020	34	ald67_74	81	96
2020	34	ald67_74	83	434
2020	34	ald67_74	91	136
2020	34	ald67_74	92	19
2020	34	ald67_74	93	66
2020	34	ald67_74	94	33
2020	34	ald67_74	96	91
2020	38	ald15_24	00	118
2020	38	ald15_24	01	8
2020	38	ald15_24	02	15
2020	38	ald15_24	03	814
2020	38	ald15_24	11	27
2020	38	ald15_24	12	10
2020	38	ald15_24	13	16
2020	38	ald15_24	14	71
2020	38	ald15_24	21	35
2020	38	ald15_24	22	356
2020	38	ald15_24	23	447
2020	38	ald15_24	24	61
2020	38	ald15_24	25	62
2020	38	ald15_24	26	79
2020	38	ald15_24	31	154
2020	38	ald15_24	32	156
2020	38	ald15_24	33	329
2020	38	ald15_24	34	360
2020	38	ald15_24	35	150
2020	38	ald15_24	41	321
2020	38	ald15_24	42	236
2020	38	ald15_24	43	528
2020	38	ald15_24	44	41
2020	38	ald15_24	51	994
2020	38	ald15_24	52	5952
2020	38	ald15_24	53	3292
2020	38	ald15_24	54	132
2020	38	ald15_24	61	242
2020	38	ald15_24	62	7
2020	38	ald15_24	71	1126
2020	38	ald15_24	72	896
2020	38	ald15_24	73	24
2020	38	ald15_24	74	883
2020	38	ald15_24	75	104
2020	38	ald15_24	81	743
2020	38	ald15_24	82	77
2020	38	ald15_24	83	481
2020	38	ald15_24	91	460
2020	38	ald15_24	92	81
2020	38	ald15_24	93	819
2020	38	ald15_24	94	441
2020	38	ald15_24	96	141
2020	38	ald25_54	00	285
2020	38	ald25_54	01	220
2020	38	ald25_54	02	19
2020	38	ald25_54	03	49
2020	38	ald25_54	11	1650
2020	38	ald25_54	12	2020
2020	38	ald25_54	13	3455
2020	38	ald25_54	14	2168
2020	38	ald25_54	21	2436
2020	38	ald25_54	22	7990
2020	38	ald25_54	23	9810
2020	38	ald25_54	24	4429
2020	38	ald25_54	25	1425
2020	38	ald25_54	26	2256
2020	38	ald25_54	31	5245
2020	38	ald25_54	32	1840
2020	38	ald25_54	33	6913
2020	38	ald25_54	34	1402
2020	38	ald25_54	35	841
2020	38	ald25_54	41	2230
2020	38	ald25_54	42	1101
2020	38	ald25_54	43	2854
2020	38	ald25_54	44	172
2020	38	ald25_54	51	3200
2020	38	ald25_54	52	7120
2020	38	ald25_54	53	12995
2020	38	ald25_54	54	938
2020	38	ald25_54	61	512
2020	38	ald25_54	62	52
2020	38	ald25_54	71	5289
2020	38	ald25_54	72	3110
2020	38	ald25_54	73	212
2020	38	ald25_54	74	2007
2020	38	ald25_54	75	457
2020	38	ald25_54	81	3971
2020	38	ald25_54	82	609
2020	38	ald25_54	83	3460
2020	38	ald25_54	91	2729
2020	38	ald25_54	92	145
2020	38	ald25_54	93	1699
2020	38	ald25_54	94	575
2020	38	ald25_54	95	9
2020	38	ald25_54	96	670
2020	38	ald55_66	00	91
2020	38	ald55_66	01	38
2020	38	ald55_66	03	5
2020	38	ald55_66	11	1010
2020	38	ald55_66	12	1043
2020	38	ald55_66	13	1794
2020	38	ald55_66	14	593
2020	38	ald55_66	21	801
2020	38	ald55_66	22	2084
2020	38	ald55_66	23	2345
2020	38	ald55_66	24	1874
2020	38	ald55_66	25	296
2020	38	ald55_66	26	606
2020	38	ald55_66	31	1804
2020	38	ald55_66	32	639
2020	38	ald55_66	33	2500
2020	38	ald55_66	34	338
2020	38	ald55_66	35	147
2020	38	ald55_66	41	1125
2020	38	ald55_66	42	275
2020	38	ald55_66	43	1023
2020	38	ald55_66	44	154
2020	38	ald55_66	51	870
2020	38	ald55_66	52	1656
2020	38	ald55_66	53	4820
2020	38	ald55_66	54	198
2020	38	ald55_66	61	143
2020	38	ald55_66	62	31
2020	38	ald55_66	71	1030
2020	38	ald55_66	72	819
2020	38	ald55_66	73	81
2020	38	ald55_66	74	516
2020	38	ald55_66	75	99
2020	38	ald55_66	81	1053
2020	38	ald55_66	82	204
2020	38	ald55_66	83	1361
2020	38	ald55_66	91	914
2020	38	ald55_66	92	31
2020	38	ald55_66	93	307
2020	38	ald55_66	94	196
2020	38	ald55_66	96	135
2020	38	ald67_74	00	26
2020	38	ald67_74	11	183
2020	38	ald67_74	12	113
2020	38	ald67_74	13	129
2020	38	ald67_74	14	70
2020	38	ald67_74	21	93
2020	38	ald67_74	22	196
2020	38	ald67_74	23	193
2020	38	ald67_74	24	174
2020	38	ald67_74	25	16
2020	38	ald67_74	26	86
2020	38	ald67_74	31	145
2020	38	ald67_74	32	41
2020	38	ald67_74	33	161
2020	38	ald67_74	34	38
2020	38	ald67_74	35	18
2020	38	ald67_74	41	131
2020	38	ald67_74	42	22
2020	38	ald67_74	43	105
2020	38	ald67_74	44	6
2020	38	ald67_74	51	174
2020	38	ald67_74	52	186
2020	38	ald67_74	53	578
2020	38	ald67_74	54	19
2020	38	ald67_74	61	40
2020	38	ald67_74	62	5
2020	38	ald67_74	71	96
2020	38	ald67_74	72	77
2020	38	ald67_74	73	15
2020	38	ald67_74	74	30
2020	38	ald67_74	75	7
2020	38	ald67_74	81	66
2020	38	ald67_74	82	12
2020	38	ald67_74	83	321
2020	38	ald67_74	91	82
2020	38	ald67_74	92	8
2020	38	ald67_74	93	52
2020	38	ald67_74	94	17
2020	38	ald67_74	96	59
2020	42	ald15_24	00	66
2020	42	ald15_24	01	4
2020	42	ald15_24	02	9
2020	42	ald15_24	03	550
2020	42	ald15_24	11	27
2020	42	ald15_24	12	8
2020	42	ald15_24	13	13
2020	42	ald15_24	14	55
2020	42	ald15_24	21	14
2020	42	ald15_24	22	350
2020	42	ald15_24	23	474
2020	42	ald15_24	24	47
2020	42	ald15_24	25	57
2020	42	ald15_24	26	76
2020	42	ald15_24	31	117
2020	42	ald15_24	32	127
2020	42	ald15_24	33	235
2020	42	ald15_24	34	313
2020	42	ald15_24	35	120
2020	42	ald15_24	41	295
2020	42	ald15_24	42	219
2020	42	ald15_24	43	543
2020	42	ald15_24	44	33
2020	42	ald15_24	51	1137
2020	42	ald15_24	52	4803
2020	42	ald15_24	53	2660
2020	42	ald15_24	54	175
2020	42	ald15_24	61	221
2020	42	ald15_24	62	37
2020	42	ald15_24	71	1151
2020	42	ald15_24	72	729
2020	42	ald15_24	73	28
2020	42	ald15_24	74	657
2020	42	ald15_24	75	65
2020	42	ald15_24	81	630
2020	42	ald15_24	82	25
2020	42	ald15_24	83	414
2020	42	ald15_24	91	495
2020	42	ald15_24	92	54
2020	42	ald15_24	93	596
2020	42	ald15_24	94	419
2020	42	ald15_24	96	96
2020	42	ald25_54	00	256
2020	42	ald25_54	01	151
2020	42	ald25_54	02	12
2020	42	ald25_54	03	19
2020	42	ald25_54	11	1268
2020	42	ald25_54	12	1510
2020	42	ald25_54	13	2822
2020	42	ald25_54	14	1660
2020	42	ald25_54	21	1851
2020	42	ald25_54	22	6223
2020	42	ald25_54	23	8315
2020	42	ald25_54	24	3447
2020	42	ald25_54	25	1254
2020	42	ald25_54	26	1732
2020	42	ald25_54	31	4161
2020	42	ald25_54	32	1343
2020	42	ald25_54	33	4784
2020	42	ald25_54	34	1637
2020	42	ald25_54	35	663
2020	42	ald25_54	41	1953
2020	42	ald25_54	42	841
2020	42	ald25_54	43	2096
2020	42	ald25_54	44	126
2020	42	ald25_54	51	2314
2020	42	ald25_54	52	5379
2020	42	ald25_54	53	9753
2020	42	ald25_54	54	620
2020	42	ald25_54	61	278
2020	42	ald25_54	62	119
2020	42	ald25_54	71	4024
2020	42	ald25_54	72	2379
2020	42	ald25_54	73	126
2020	42	ald25_54	74	1506
2020	42	ald25_54	75	290
2020	42	ald25_54	81	2824
2020	42	ald25_54	82	209
2020	42	ald25_54	83	2859
2020	42	ald25_54	91	1997
2020	42	ald25_54	92	62
2020	42	ald25_54	93	1136
2020	42	ald25_54	94	450
2020	42	ald25_54	95	6
2020	42	ald25_54	96	360
2020	42	ald55_66	00	85
2020	42	ald55_66	01	41
2020	42	ald55_66	11	651
2020	42	ald55_66	12	774
2020	42	ald55_66	13	1242
2020	42	ald55_66	14	437
2020	42	ald55_66	21	481
2020	42	ald55_66	22	1431
2020	42	ald55_66	23	1797
2020	42	ald55_66	24	1187
2020	42	ald55_66	25	207
2020	42	ald55_66	26	508
2020	42	ald55_66	31	1241
2020	42	ald55_66	32	337
2020	42	ald55_66	33	1588
2020	42	ald55_66	34	317
2020	42	ald55_66	35	107
2020	42	ald55_66	41	921
2020	42	ald55_66	42	195
2020	42	ald55_66	43	630
2020	42	ald55_66	44	137
2020	42	ald55_66	51	589
2020	42	ald55_66	52	1138
2020	42	ald55_66	53	3427
2020	42	ald55_66	54	102
2020	42	ald55_66	61	62
2020	42	ald55_66	62	19
2020	42	ald55_66	71	688
2020	42	ald55_66	72	558
2020	42	ald55_66	73	41
2020	42	ald55_66	74	330
2020	42	ald55_66	75	63
2020	42	ald55_66	81	840
2020	42	ald55_66	82	111
2020	42	ald55_66	83	1040
2020	42	ald55_66	91	687
2020	42	ald55_66	92	25
2020	42	ald55_66	93	202
2020	42	ald55_66	94	132
2020	42	ald55_66	96	106
2020	42	ald67_74	00	22
2020	42	ald67_74	11	125
2020	42	ald67_74	12	56
2020	42	ald67_74	13	81
2020	42	ald67_74	14	44
2020	42	ald67_74	21	59
2020	42	ald67_74	22	134
2020	42	ald67_74	23	164
2020	42	ald67_74	24	87
2020	42	ald67_74	25	8
2020	42	ald67_74	26	67
2020	42	ald67_74	31	112
2020	42	ald67_74	32	25
2020	42	ald67_74	33	125
2020	42	ald67_74	34	39
2020	42	ald67_74	35	10
2020	42	ald67_74	41	99
2020	42	ald67_74	42	18
2020	42	ald67_74	43	69
2020	42	ald67_74	44	8
2020	42	ald67_74	51	121
2020	42	ald67_74	52	113
2020	42	ald67_74	53	442
2020	42	ald67_74	54	11
2020	42	ald67_74	61	24
2020	42	ald67_74	62	9
2020	42	ald67_74	71	54
2020	42	ald67_74	72	49
2020	42	ald67_74	73	10
2020	42	ald67_74	74	25
2020	42	ald67_74	75	4
2020	42	ald67_74	81	46
2020	42	ald67_74	83	264
2020	42	ald67_74	91	63
2020	42	ald67_74	93	50
2020	42	ald67_74	94	10
2020	42	ald67_74	96	24
2020	46	ald15_24	00	223
2020	46	ald15_24	01	36
2020	46	ald15_24	02	56
2020	46	ald15_24	03	1406
2020	46	ald15_24	11	52
2020	46	ald15_24	12	21
2020	46	ald15_24	13	43
2020	46	ald15_24	14	134
2020	46	ald15_24	21	87
2020	46	ald15_24	22	783
2020	46	ald15_24	23	1207
2020	46	ald15_24	24	280
2020	46	ald15_24	25	145
2020	46	ald15_24	26	173
2020	46	ald15_24	31	414
2020	46	ald15_24	32	250
2020	46	ald15_24	33	600
2020	46	ald15_24	34	797
2020	46	ald15_24	35	215
2020	46	ald15_24	41	669
2020	46	ald15_24	42	689
2020	46	ald15_24	43	761
2020	46	ald15_24	44	75
2020	46	ald15_24	51	1951
2020	46	ald15_24	52	9423
2020	46	ald15_24	53	7670
2020	46	ald15_24	54	340
2020	46	ald15_24	61	517
2020	46	ald15_24	62	454
2020	46	ald15_24	71	2049
2020	46	ald15_24	72	1739
2020	46	ald15_24	73	24
2020	46	ald15_24	74	1928
2020	46	ald15_24	75	129
2020	46	ald15_24	81	1340
2020	46	ald15_24	82	40
2020	46	ald15_24	83	1068
2020	46	ald15_24	91	1032
2020	46	ald15_24	92	79
2020	46	ald15_24	93	1234
2020	46	ald15_24	94	516
2020	46	ald15_24	96	278
2020	46	ald25_54	00	501
2020	46	ald25_54	01	1379
2020	46	ald25_54	02	84
2020	46	ald25_54	03	182
2020	46	ald25_54	11	2496
2020	46	ald25_54	12	3193
2020	46	ald25_54	13	7029
2020	46	ald25_54	14	3350
2020	46	ald25_54	21	7244
2020	46	ald25_54	22	13955
2020	46	ald25_54	23	18084
2020	46	ald25_54	24	10925
2020	46	ald25_54	25	3534
2020	46	ald25_54	26	4067
2020	46	ald25_54	31	11876
2020	46	ald25_54	32	3244
2020	46	ald25_54	33	10982
2020	46	ald25_54	34	2465
2020	46	ald25_54	35	1619
2020	46	ald25_54	41	4018
2020	46	ald25_54	42	1846
2020	46	ald25_54	43	4182
2020	46	ald25_54	44	281
2020	46	ald25_54	51	5682
2020	46	ald25_54	52	9436
2020	46	ald25_54	53	19646
2020	46	ald25_54	54	1303
2020	46	ald25_54	61	652
2020	46	ald25_54	62	1093
2020	46	ald25_54	71	8505
2020	46	ald25_54	72	5488
2020	46	ald25_54	73	332
2020	46	ald25_54	74	3671
2020	46	ald25_54	75	763
2020	46	ald25_54	81	6117
2020	46	ald25_54	82	345
2020	46	ald25_54	83	6256
2020	46	ald25_54	91	4951
2020	46	ald25_54	92	172
2020	46	ald25_54	93	2740
2020	46	ald25_54	94	807
2020	46	ald25_54	95	17
2020	46	ald25_54	96	752
2020	46	ald55_66	00	182
2020	46	ald55_66	01	118
2020	46	ald55_66	03	10
2020	46	ald55_66	11	1388
2020	46	ald55_66	12	1405
2020	46	ald55_66	13	3218
2020	46	ald55_66	14	839
2020	46	ald55_66	21	2086
2020	46	ald55_66	22	3245
2020	46	ald55_66	23	4121
2020	46	ald55_66	24	3524
2020	46	ald55_66	25	593
2020	46	ald55_66	26	981
2020	46	ald55_66	31	3381
2020	46	ald55_66	32	907
2020	46	ald55_66	33	3413
2020	46	ald55_66	34	461
2020	46	ald55_66	35	293
2020	46	ald55_66	41	1610
2020	46	ald55_66	42	380
2020	46	ald55_66	43	1403
2020	46	ald55_66	44	264
2020	46	ald55_66	51	1489
2020	46	ald55_66	52	1860
2020	46	ald55_66	53	6773
2020	46	ald55_66	54	210
2020	46	ald55_66	61	190
2020	46	ald55_66	62	217
2020	46	ald55_66	71	1766
2020	46	ald55_66	72	1330
2020	46	ald55_66	73	115
2020	46	ald55_66	74	832
2020	46	ald55_66	75	174
2020	46	ald55_66	81	1602
2020	46	ald55_66	82	101
2020	46	ald55_66	83	2416
2020	46	ald55_66	91	1333
2020	46	ald55_66	92	33
2020	46	ald55_66	93	529
2020	46	ald55_66	94	229
2020	46	ald55_66	96	188
2020	46	ald67_74	00	34
2020	46	ald67_74	11	226
2020	46	ald67_74	12	142
2020	46	ald67_74	13	214
2020	46	ald67_74	14	84
2020	46	ald67_74	21	200
2020	46	ald67_74	22	286
2020	46	ald67_74	23	349
2020	46	ald67_74	24	306
2020	46	ald67_74	25	24
2020	46	ald67_74	26	135
2020	46	ald67_74	31	233
2020	46	ald67_74	32	68
2020	46	ald67_74	33	270
2020	46	ald67_74	34	56
2020	46	ald67_74	35	16
2020	46	ald67_74	41	194
2020	46	ald67_74	42	36
2020	46	ald67_74	43	141
2020	46	ald67_74	44	22
2020	46	ald67_74	51	233
2020	46	ald67_74	52	226
2020	46	ald67_74	53	1051
2020	46	ald67_74	54	19
2020	46	ald67_74	61	122
2020	46	ald67_74	62	13
2020	46	ald67_74	71	104
2020	46	ald67_74	72	103
2020	46	ald67_74	73	18
2020	46	ald67_74	74	61
2020	46	ald67_74	75	16
2020	46	ald67_74	81	90
2020	46	ald67_74	82	10
2020	46	ald67_74	83	533
2020	46	ald67_74	91	131
2020	46	ald67_74	93	58
2020	46	ald67_74	94	36
2020	46	ald67_74	96	62
2020	50	ald15_24	00	95
2020	50	ald15_24	01	27
2020	50	ald15_24	02	52
2020	50	ald15_24	03	1260
2020	50	ald15_24	11	31
2020	50	ald15_24	12	15
2020	50	ald15_24	13	21
2020	50	ald15_24	14	72
2020	50	ald15_24	21	99
2020	50	ald15_24	22	729
2020	50	ald15_24	23	2553
2020	50	ald15_24	24	134
2020	50	ald15_24	25	161
2020	50	ald15_24	26	108
2020	50	ald15_24	31	271
2020	50	ald15_24	32	245
2020	50	ald15_24	33	699
2020	50	ald15_24	34	567
2020	50	ald15_24	35	278
2020	50	ald15_24	41	377
2020	50	ald15_24	42	621
2020	50	ald15_24	43	551
2020	50	ald15_24	44	60
2020	50	ald15_24	51	1912
2020	50	ald15_24	52	6806
2020	50	ald15_24	53	4846
2020	50	ald15_24	54	204
2020	50	ald15_24	61	711
2020	50	ald15_24	62	425
2020	50	ald15_24	71	1633
2020	50	ald15_24	72	1215
2020	50	ald15_24	73	39
2020	50	ald15_24	74	1216
2020	50	ald15_24	75	161
2020	50	ald15_24	81	905
2020	50	ald15_24	82	47
2020	50	ald15_24	83	833
2020	50	ald15_24	91	677
2020	50	ald15_24	92	79
2020	50	ald15_24	93	907
2020	50	ald15_24	94	557
2020	50	ald15_24	96	245
2020	50	ald25_54	00	386
2020	50	ald25_54	01	693
2020	50	ald25_54	02	52
2020	50	ald25_54	03	88
2020	50	ald25_54	11	1951
2020	50	ald25_54	12	2545
2020	50	ald25_54	13	4484
2020	50	ald25_54	14	2339
2020	50	ald25_54	21	5917
2020	50	ald25_54	22	11384
2020	50	ald25_54	23	15244
2020	50	ald25_54	24	7509
2020	50	ald25_54	25	3154
2020	50	ald25_54	26	2890
2020	50	ald25_54	31	6455
2020	50	ald25_54	32	2468
2020	50	ald25_54	33	8193
2020	50	ald25_54	34	1847
2020	50	ald25_54	35	1339
2020	50	ald25_54	41	2918
2020	50	ald25_54	42	1500
2020	50	ald25_54	43	2927
2020	50	ald25_54	44	228
2020	50	ald25_54	51	4624
2020	50	ald25_54	52	7708
2020	50	ald25_54	53	13201
2020	50	ald25_54	54	817
2020	50	ald25_54	61	889
2020	50	ald25_54	62	769
2020	50	ald25_54	71	6285
2020	50	ald25_54	72	3725
2020	50	ald25_54	73	208
2020	50	ald25_54	74	2171
2020	50	ald25_54	75	789
2020	50	ald25_54	81	4407
2020	50	ald25_54	82	291
2020	50	ald25_54	83	4954
2020	50	ald25_54	91	3541
2020	50	ald25_54	92	97
2020	50	ald25_54	93	1779
2020	50	ald25_54	94	777
2020	50	ald25_54	95	9
2020	50	ald25_54	96	724
2020	50	ald55_66	00	136
2020	50	ald55_66	01	66
2020	50	ald55_66	03	5
2020	50	ald55_66	11	936
2020	50	ald55_66	12	1082
2020	50	ald55_66	13	2178
2020	50	ald55_66	14	632
2020	50	ald55_66	21	1346
2020	50	ald55_66	22	2497
2020	50	ald55_66	23	3130
2020	50	ald55_66	24	2746
2020	50	ald55_66	25	487
2020	50	ald55_66	26	667
2020	50	ald55_66	31	2049
2020	50	ald55_66	32	608
2020	50	ald55_66	33	2476
2020	50	ald55_66	34	343
2020	50	ald55_66	35	243
2020	50	ald55_66	41	1286
2020	50	ald55_66	42	267
2020	50	ald55_66	43	955
2020	50	ald55_66	44	194
2020	50	ald55_66	51	1254
2020	50	ald55_66	52	1641
2020	50	ald55_66	53	4427
2020	50	ald55_66	54	205
2020	50	ald55_66	61	271
2020	50	ald55_66	62	162
2020	50	ald55_66	71	1167
2020	50	ald55_66	72	969
2020	50	ald55_66	73	111
2020	50	ald55_66	74	497
2020	50	ald55_66	75	141
2020	50	ald55_66	81	1173
2020	50	ald55_66	82	85
2020	50	ald55_66	83	2073
2020	50	ald55_66	91	1184
2020	50	ald55_66	92	25
2020	50	ald55_66	93	371
2020	50	ald55_66	94	198
2020	50	ald55_66	96	208
2020	50	ald67_74	00	40
2020	50	ald67_74	11	168
2020	50	ald67_74	12	88
2020	50	ald67_74	13	157
2020	50	ald67_74	14	57
2020	50	ald67_74	21	197
2020	50	ald67_74	22	223
2020	50	ald67_74	23	254
2020	50	ald67_74	24	219
2020	50	ald67_74	25	26
2020	50	ald67_74	26	81
2020	50	ald67_74	31	164
2020	50	ald67_74	32	37
2020	50	ald67_74	33	168
2020	50	ald67_74	34	40
2020	50	ald67_74	35	17
2020	50	ald67_74	41	130
2020	50	ald67_74	42	33
2020	50	ald67_74	43	70
2020	50	ald67_74	44	17
2020	50	ald67_74	51	184
2020	50	ald67_74	52	179
2020	50	ald67_74	53	623
2020	50	ald67_74	54	16
2020	50	ald67_74	61	118
2020	50	ald67_74	62	22
2020	50	ald67_74	71	88
2020	50	ald67_74	72	67
2020	50	ald67_74	73	9
2020	50	ald67_74	74	35
2020	50	ald67_74	75	18
2020	50	ald67_74	81	66
2020	50	ald67_74	83	449
2020	50	ald67_74	91	132
2020	50	ald67_74	92	5
2020	50	ald67_74	93	71
2020	50	ald67_74	94	36
2020	50	ald67_74	96	61
2020	54	ald15_24	00	84
2020	54	ald15_24	01	61
2020	54	ald15_24	02	113
2020	54	ald15_24	03	919
2020	54	ald15_24	11	17
2020	54	ald15_24	12	8
2020	54	ald15_24	13	19
2020	54	ald15_24	14	55
2020	54	ald15_24	21	34
2020	54	ald15_24	22	346
2020	54	ald15_24	23	345
2020	54	ald15_24	24	79
2020	54	ald15_24	25	39
2020	54	ald15_24	26	111
2020	54	ald15_24	31	124
2020	54	ald15_24	32	188
2020	54	ald15_24	33	188
2020	54	ald15_24	34	178
2020	54	ald15_24	35	90
2020	54	ald15_24	41	194
2020	54	ald15_24	42	254
2020	54	ald15_24	43	291
2020	54	ald15_24	44	33
2020	54	ald15_24	51	859
2020	54	ald15_24	52	3929
2020	54	ald15_24	53	3113
2020	54	ald15_24	54	173
2020	54	ald15_24	61	141
2020	54	ald15_24	62	309
2020	54	ald15_24	71	703
2020	54	ald15_24	72	692
2020	54	ald15_24	73	13
2020	54	ald15_24	74	657
2020	54	ald15_24	75	96
2020	54	ald15_24	81	471
2020	54	ald15_24	82	4
2020	54	ald15_24	83	528
2020	54	ald15_24	91	399
2020	54	ald15_24	92	37
2020	54	ald15_24	93	565
2020	54	ald15_24	94	357
2020	54	ald15_24	96	166
2020	54	ald25_54	00	253
2020	54	ald25_54	01	1042
2020	54	ald25_54	02	91
2020	54	ald25_54	03	185
2020	54	ald25_54	11	1229
2020	54	ald25_54	12	1150
2020	54	ald25_54	13	2720
2020	54	ald25_54	14	1335
2020	54	ald25_54	21	1885
2020	54	ald25_54	22	6121
2020	54	ald25_54	23	7508
2020	54	ald25_54	24	4309
2020	54	ald25_54	25	643
2020	54	ald25_54	26	2130
2020	54	ald25_54	31	2940
2020	54	ald25_54	32	1673
2020	54	ald25_54	33	3338
2020	54	ald25_54	34	902
2020	54	ald25_54	35	386
2020	54	ald25_54	41	1405
2020	54	ald25_54	42	749
2020	54	ald25_54	43	1401
2020	54	ald25_54	44	139
2020	54	ald25_54	51	2242
2020	54	ald25_54	52	3880
2020	54	ald25_54	53	8062
2020	54	ald25_54	54	644
2020	54	ald25_54	61	179
2020	54	ald25_54	62	895
2020	54	ald25_54	71	2470
2020	54	ald25_54	72	1698
2020	54	ald25_54	73	91
2020	54	ald25_54	74	1058
2020	54	ald25_54	75	302
2020	54	ald25_54	81	2192
2020	54	ald25_54	82	28
2020	54	ald25_54	83	2644
2020	54	ald25_54	91	2065
2020	54	ald25_54	92	42
2020	54	ald25_54	93	1159
2020	54	ald25_54	94	452
2020	54	ald25_54	95	7
2020	54	ald25_54	96	534
2020	54	ald55_66	00	92
2020	54	ald55_66	01	122
2020	54	ald55_66	03	5
2020	54	ald55_66	11	622
2020	54	ald55_66	12	588
2020	54	ald55_66	13	1225
2020	54	ald55_66	14	361
2020	54	ald55_66	21	510
2020	54	ald55_66	22	1540
2020	54	ald55_66	23	2109
2020	54	ald55_66	24	1577
2020	54	ald55_66	25	131
2020	54	ald55_66	26	511
2020	54	ald55_66	31	961
2020	54	ald55_66	32	403
2020	54	ald55_66	33	1134
2020	54	ald55_66	34	217
2020	54	ald55_66	35	96
2020	54	ald55_66	41	657
2020	54	ald55_66	42	179
2020	54	ald55_66	43	464
2020	54	ald55_66	44	109
2020	54	ald55_66	51	611
2020	54	ald55_66	52	685
2020	54	ald55_66	53	2679
2020	54	ald55_66	54	146
2020	54	ald55_66	61	51
2020	54	ald55_66	62	154
2020	54	ald55_66	71	471
2020	54	ald55_66	72	363
2020	54	ald55_66	73	41
2020	54	ald55_66	74	206
2020	54	ald55_66	75	45
2020	54	ald55_66	81	472
2020	54	ald55_66	82	7
2020	54	ald55_66	83	976
2020	54	ald55_66	91	618
2020	54	ald55_66	92	12
2020	54	ald55_66	93	176
2020	54	ald55_66	94	119
2020	54	ald55_66	96	159
2020	54	ald67_74	00	61
2020	54	ald67_74	11	105
2020	54	ald67_74	12	56
2020	54	ald67_74	13	78
2020	54	ald67_74	14	47
2020	54	ald67_74	21	59
2020	54	ald67_74	22	156
2020	54	ald67_74	23	157
2020	54	ald67_74	24	116
2020	54	ald67_74	25	6
2020	54	ald67_74	26	51
2020	54	ald67_74	31	80
2020	54	ald67_74	32	27
2020	54	ald67_74	33	94
2020	54	ald67_74	34	16
2020	54	ald67_74	41	85
2020	54	ald67_74	42	23
2020	54	ald67_74	43	46
2020	54	ald67_74	44	19
2020	54	ald67_74	51	119
2020	54	ald67_74	52	95
2020	54	ald67_74	53	530
2020	54	ald67_74	54	14
2020	54	ald67_74	61	20
2020	54	ald67_74	62	15
2020	54	ald67_74	71	54
2020	54	ald67_74	72	31
2020	54	ald67_74	73	6
2020	54	ald67_74	74	26
2020	54	ald67_74	75	15
2020	54	ald67_74	81	56
2020	54	ald67_74	83	214
2020	54	ald67_74	91	97
2020	54	ald67_74	92	13
2020	54	ald67_74	93	39
2020	54	ald67_74	94	29
2020	54	ald67_74	96	25
