STATISTIKKAAR	BOSTEDSFYLKE	ALDERSGRUPPE	YRKE_2	ANTALL
2016	01	ald15_24	00	122
2016	01	ald15_24	01	33
2016	01	ald15_24	02	38
2016	01	ald15_24	03	505
2016	01	ald15_24	11	24
2016	01	ald15_24	12	10
2016	01	ald15_24	13	7
2016	01	ald15_24	14	55
2016	01	ald15_24	21	28
2016	01	ald15_24	22	258
2016	01	ald15_24	23	317
2016	01	ald15_24	24	73
2016	01	ald15_24	25	35
2016	01	ald15_24	26	94
2016	01	ald15_24	31	98
2016	01	ald15_24	32	116
2016	01	ald15_24	33	430
2016	01	ald15_24	34	325
2016	01	ald15_24	35	82
2016	01	ald15_24	41	356
2016	01	ald15_24	42	265
2016	01	ald15_24	43	416
2016	01	ald15_24	44	41
2016	01	ald15_24	51	835
2016	01	ald15_24	52	4213
2016	01	ald15_24	53	2479
2016	01	ald15_24	54	180
2016	01	ald15_24	61	172
2016	01	ald15_24	62	7
2016	01	ald15_24	71	787
2016	01	ald15_24	72	545
2016	01	ald15_24	73	23
2016	01	ald15_24	74	533
2016	01	ald15_24	75	50
2016	01	ald15_24	81	554
2016	01	ald15_24	82	25
2016	01	ald15_24	83	256
2016	01	ald15_24	91	437
2016	01	ald15_24	92	58
2016	01	ald15_24	93	500
2016	01	ald15_24	94	366
2016	01	ald15_24	96	266
2016	01	ald25_54	00	313
2016	01	ald25_54	01	395
2016	01	ald25_54	02	6
2016	01	ald25_54	03	33
2016	01	ald25_54	11	1314
2016	01	ald25_54	12	1580
2016	01	ald25_54	13	2706
2016	01	ald25_54	14	1420
2016	01	ald25_54	21	1682
2016	01	ald25_54	22	5096
2016	01	ald25_54	23	6348
2016	01	ald25_54	24	3282
2016	01	ald25_54	25	1337
2016	01	ald25_54	26	1470
2016	01	ald25_54	31	3443
2016	01	ald25_54	32	1377
2016	01	ald25_54	33	5979
2016	01	ald25_54	34	1101
2016	01	ald25_54	35	662
2016	01	ald25_54	41	2304
2016	01	ald25_54	42	883
2016	01	ald25_54	43	3184
2016	01	ald25_54	44	186
2016	01	ald25_54	51	2300
2016	01	ald25_54	52	5153
2016	01	ald25_54	53	9276
2016	01	ald25_54	54	899
2016	01	ald25_54	61	366
2016	01	ald25_54	62	22
2016	01	ald25_54	71	3829
2016	01	ald25_54	72	2361
2016	01	ald25_54	73	238
2016	01	ald25_54	74	1281
2016	01	ald25_54	75	359
2016	01	ald25_54	81	3430
2016	01	ald25_54	82	508
2016	01	ald25_54	83	2736
2016	01	ald25_54	91	2012
2016	01	ald25_54	92	70
2016	01	ald25_54	93	1041
2016	01	ald25_54	94	473
2016	01	ald25_54	95	15
2016	01	ald25_54	96	375
2016	01	ald55_66	00	168
2016	01	ald55_66	01	50
2016	01	ald55_66	03	4
2016	01	ald55_66	11	648
2016	01	ald55_66	12	616
2016	01	ald55_66	13	1156
2016	01	ald55_66	14	329
2016	01	ald55_66	21	422
2016	01	ald55_66	22	1184
2016	01	ald55_66	23	1655
2016	01	ald55_66	24	1241
2016	01	ald55_66	25	215
2016	01	ald55_66	26	396
2016	01	ald55_66	31	1045
2016	01	ald55_66	32	379
2016	01	ald55_66	33	1805
2016	01	ald55_66	34	209
2016	01	ald55_66	35	134
2016	01	ald55_66	41	883
2016	01	ald55_66	42	222
2016	01	ald55_66	43	918
2016	01	ald55_66	44	116
2016	01	ald55_66	51	574
2016	01	ald55_66	52	1118
2016	01	ald55_66	53	2803
2016	01	ald55_66	54	114
2016	01	ald55_66	61	90
2016	01	ald55_66	62	6
2016	01	ald55_66	71	580
2016	01	ald55_66	72	606
2016	01	ald55_66	73	76
2016	01	ald55_66	74	308
2016	01	ald55_66	75	64
2016	01	ald55_66	81	985
2016	01	ald55_66	82	92
2016	01	ald55_66	83	1028
2016	01	ald55_66	91	642
2016	01	ald55_66	92	19
2016	01	ald55_66	93	198
2016	01	ald55_66	94	118
2016	01	ald55_66	96	84
2016	01	ald67_74	00	119
2016	01	ald67_74	11	103
2016	01	ald67_74	12	52
2016	01	ald67_74	13	74
2016	01	ald67_74	14	32
2016	01	ald67_74	21	46
2016	01	ald67_74	22	93
2016	01	ald67_74	23	127
2016	01	ald67_74	24	98
2016	01	ald67_74	25	11
2016	01	ald67_74	26	55
2016	01	ald67_74	31	77
2016	01	ald67_74	32	26
2016	01	ald67_74	33	157
2016	01	ald67_74	34	33
2016	01	ald67_74	35	11
2016	01	ald67_74	41	131
2016	01	ald67_74	42	21
2016	01	ald67_74	43	110
2016	01	ald67_74	44	8
2016	01	ald67_74	51	150
2016	01	ald67_74	52	174
2016	01	ald67_74	53	333
2016	01	ald67_74	54	7
2016	01	ald67_74	61	36
2016	01	ald67_74	71	40
2016	01	ald67_74	72	52
2016	01	ald67_74	73	7
2016	01	ald67_74	74	7
2016	01	ald67_74	75	4
2016	01	ald67_74	81	44
2016	01	ald67_74	83	176
2016	01	ald67_74	91	73
2016	01	ald67_74	92	8
2016	01	ald67_74	93	31
2016	01	ald67_74	94	22
2016	01	ald67_74	96	26
2016	02	ald15_24	00	261
2016	02	ald15_24	01	46
2016	02	ald15_24	02	101
2016	02	ald15_24	03	1365
2016	02	ald15_24	11	35
2016	02	ald15_24	12	27
2016	02	ald15_24	13	15
2016	02	ald15_24	14	126
2016	02	ald15_24	21	66
2016	02	ald15_24	22	369
2016	02	ald15_24	23	792
2016	02	ald15_24	24	260
2016	02	ald15_24	25	129
2016	02	ald15_24	26	135
2016	02	ald15_24	31	190
2016	02	ald15_24	32	147
2016	02	ald15_24	33	1016
2016	02	ald15_24	34	934
2016	02	ald15_24	35	298
2016	02	ald15_24	41	863
2016	02	ald15_24	42	685
2016	02	ald15_24	43	1022
2016	02	ald15_24	44	58
2016	02	ald15_24	51	1900
2016	02	ald15_24	52	9862
2016	02	ald15_24	53	4550
2016	02	ald15_24	54	562
2016	02	ald15_24	61	233
2016	02	ald15_24	62	12
2016	02	ald15_24	71	1218
2016	02	ald15_24	72	878
2016	02	ald15_24	73	50
2016	02	ald15_24	74	1151
2016	02	ald15_24	75	96
2016	02	ald15_24	81	305
2016	02	ald15_24	82	23
2016	02	ald15_24	83	396
2016	02	ald15_24	91	840
2016	02	ald15_24	92	94
2016	02	ald15_24	93	705
2016	02	ald15_24	94	703
2016	02	ald15_24	96	307
2016	02	ald25_54	00	1030
2016	02	ald25_54	01	1027
2016	02	ald25_54	02	31
2016	02	ald25_54	03	94
2016	02	ald25_54	11	4479
2016	02	ald25_54	12	7736
2016	02	ald25_54	13	8047
2016	02	ald25_54	14	3310
2016	02	ald25_54	21	7394
2016	02	ald25_54	22	9821
2016	02	ald25_54	23	12237
2016	02	ald25_54	24	15827
2016	02	ald25_54	25	6526
2016	02	ald25_54	26	4438
2016	02	ald25_54	31	8455
2016	02	ald25_54	32	2877
2016	02	ald25_54	33	19510
2016	02	ald25_54	34	2326
2016	02	ald25_54	35	2634
2016	02	ald25_54	41	5883
2016	02	ald25_54	42	2552
2016	02	ald25_54	43	8326
2016	02	ald25_54	44	395
2016	02	ald25_54	51	5362
2016	02	ald25_54	52	9133
2016	02	ald25_54	53	15604
2016	02	ald25_54	54	1880
2016	02	ald25_54	61	476
2016	02	ald25_54	62	33
2016	02	ald25_54	71	6664
2016	02	ald25_54	72	3263
2016	02	ald25_54	73	449
2016	02	ald25_54	74	2684
2016	02	ald25_54	75	591
2016	02	ald25_54	81	1771
2016	02	ald25_54	82	175
2016	02	ald25_54	83	4907
2016	02	ald25_54	91	3867
2016	02	ald25_54	92	100
2016	02	ald25_54	93	1777
2016	02	ald25_54	94	1151
2016	02	ald25_54	95	25
2016	02	ald25_54	96	802
2016	02	ald55_66	00	257
2016	02	ald55_66	01	123
2016	02	ald55_66	03	6
2016	02	ald55_66	11	1995
2016	02	ald55_66	12	2505
2016	02	ald55_66	13	3118
2016	02	ald55_66	14	711
2016	02	ald55_66	21	2135
2016	02	ald55_66	22	2622
2016	02	ald55_66	23	3630
2016	02	ald55_66	24	4656
2016	02	ald55_66	25	1261
2016	02	ald55_66	26	1156
2016	02	ald55_66	31	2389
2016	02	ald55_66	32	913
2016	02	ald55_66	33	4916
2016	02	ald55_66	34	485
2016	02	ald55_66	35	510
2016	02	ald55_66	41	2003
2016	02	ald55_66	42	562
2016	02	ald55_66	43	2129
2016	02	ald55_66	44	166
2016	02	ald55_66	51	1229
2016	02	ald55_66	52	1599
2016	02	ald55_66	53	4550
2016	02	ald55_66	54	289
2016	02	ald55_66	61	110
2016	02	ald55_66	62	12
2016	02	ald55_66	71	879
2016	02	ald55_66	72	652
2016	02	ald55_66	73	174
2016	02	ald55_66	74	516
2016	02	ald55_66	75	108
2016	02	ald55_66	81	490
2016	02	ald55_66	82	46
2016	02	ald55_66	83	1610
2016	02	ald55_66	91	747
2016	02	ald55_66	92	14
2016	02	ald55_66	93	247
2016	02	ald55_66	94	190
2016	02	ald55_66	95	6
2016	02	ald55_66	96	143
2016	02	ald67_74	00	179
2016	02	ald67_74	03	5
2016	02	ald67_74	11	253
2016	02	ald67_74	12	138
2016	02	ald67_74	13	197
2016	02	ald67_74	14	76
2016	02	ald67_74	21	254
2016	02	ald67_74	22	235
2016	02	ald67_74	23	321
2016	02	ald67_74	24	348
2016	02	ald67_74	25	30
2016	02	ald67_74	26	119
2016	02	ald67_74	31	211
2016	02	ald67_74	32	66
2016	02	ald67_74	33	350
2016	02	ald67_74	34	45
2016	02	ald67_74	35	29
2016	02	ald67_74	41	266
2016	02	ald67_74	42	47
2016	02	ald67_74	43	181
2016	02	ald67_74	44	6
2016	02	ald67_74	51	205
2016	02	ald67_74	52	238
2016	02	ald67_74	53	579
2016	02	ald67_74	54	47
2016	02	ald67_74	61	42
2016	02	ald67_74	71	50
2016	02	ald67_74	72	65
2016	02	ald67_74	73	19
2016	02	ald67_74	74	37
2016	02	ald67_74	75	8
2016	02	ald67_74	81	40
2016	02	ald67_74	82	5
2016	02	ald67_74	83	337
2016	02	ald67_74	91	79
2016	02	ald67_74	93	36
2016	02	ald67_74	94	33
2016	02	ald67_74	96	67
2016	03	ald15_24	00	333
2016	03	ald15_24	01	95
2016	03	ald15_24	02	80
2016	03	ald15_24	03	774
2016	03	ald15_24	11	97
2016	03	ald15_24	12	56
2016	03	ald15_24	13	33
2016	03	ald15_24	14	229
2016	03	ald15_24	21	181
2016	03	ald15_24	22	689
2016	03	ald15_24	23	1207
2016	03	ald15_24	24	569
2016	03	ald15_24	25	310
2016	03	ald15_24	26	409
2016	03	ald15_24	31	212
2016	03	ald15_24	32	333
2016	03	ald15_24	33	1768
2016	03	ald15_24	34	994
2016	03	ald15_24	35	351
2016	03	ald15_24	41	1256
2016	03	ald15_24	42	1177
2016	03	ald15_24	43	972
2016	03	ald15_24	44	73
2016	03	ald15_24	51	2861
2016	03	ald15_24	52	10047
2016	03	ald15_24	53	5167
2016	03	ald15_24	54	659
2016	03	ald15_24	61	51
2016	03	ald15_24	71	742
2016	03	ald15_24	72	303
2016	03	ald15_24	73	42
2016	03	ald15_24	74	809
2016	03	ald15_24	75	105
2016	03	ald15_24	81	159
2016	03	ald15_24	82	6
2016	03	ald15_24	83	404
2016	03	ald15_24	91	705
2016	03	ald15_24	92	52
2016	03	ald15_24	93	353
2016	03	ald15_24	94	771
2016	03	ald15_24	95	8
2016	03	ald15_24	96	319
2016	03	ald25_54	00	1352
2016	03	ald25_54	01	971
2016	03	ald25_54	02	23
2016	03	ald25_54	03	115
2016	03	ald25_54	11	4992
2016	03	ald25_54	12	8317
2016	03	ald25_54	13	6884
2016	03	ald25_54	14	3714
2016	03	ald25_54	21	11508
2016	03	ald25_54	22	14044
2016	03	ald25_54	23	16530
2016	03	ald25_54	24	27933
2016	03	ald25_54	25	10852
2016	03	ald25_54	26	11860
2016	03	ald25_54	31	8058
2016	03	ald25_54	32	3103
2016	03	ald25_54	33	23280
2016	03	ald25_54	34	3902
2016	03	ald25_54	35	4337
2016	03	ald25_54	41	6608
2016	03	ald25_54	42	3484
2016	03	ald25_54	43	7095
2016	03	ald25_54	44	515
2016	03	ald25_54	51	9601
2016	03	ald25_54	52	11391
2016	03	ald25_54	53	16177
2016	03	ald25_54	54	2121
2016	03	ald25_54	61	175
2016	03	ald25_54	62	21
2016	03	ald25_54	71	6102
2016	03	ald25_54	72	1484
2016	03	ald25_54	73	440
2016	03	ald25_54	74	1852
2016	03	ald25_54	75	675
2016	03	ald25_54	81	1374
2016	03	ald25_54	82	88
2016	03	ald25_54	83	4394
2016	03	ald25_54	91	5861
2016	03	ald25_54	92	47
2016	03	ald25_54	93	1621
2016	03	ald25_54	94	2458
2016	03	ald25_54	95	34
2016	03	ald25_54	96	831
2016	03	ald55_66	00	209
2016	03	ald55_66	01	53
2016	03	ald55_66	03	6
2016	03	ald55_66	11	1820
2016	03	ald55_66	12	2296
2016	03	ald55_66	13	2416
2016	03	ald55_66	14	567
2016	03	ald55_66	21	1721
2016	03	ald55_66	22	2691
2016	03	ald55_66	23	3426
2016	03	ald55_66	24	5406
2016	03	ald55_66	25	1105
2016	03	ald55_66	26	1761
2016	03	ald55_66	31	1421
2016	03	ald55_66	32	660
2016	03	ald55_66	33	3851
2016	03	ald55_66	34	555
2016	03	ald55_66	35	491
2016	03	ald55_66	41	1541
2016	03	ald55_66	42	555
2016	03	ald55_66	43	1418
2016	03	ald55_66	44	157
2016	03	ald55_66	51	1232
2016	03	ald55_66	52	891
2016	03	ald55_66	53	2849
2016	03	ald55_66	54	196
2016	03	ald55_66	61	42
2016	03	ald55_66	62	4
2016	03	ald55_66	71	698
2016	03	ald55_66	72	275
2016	03	ald55_66	73	143
2016	03	ald55_66	74	313
2016	03	ald55_66	75	79
2016	03	ald55_66	81	337
2016	03	ald55_66	82	18
2016	03	ald55_66	83	886
2016	03	ald55_66	91	905
2016	03	ald55_66	93	169
2016	03	ald55_66	94	291
2016	03	ald55_66	96	173
2016	03	ald67_74	00	252
2016	03	ald67_74	11	282
2016	03	ald67_74	12	189
2016	03	ald67_74	13	192
2016	03	ald67_74	14	85
2016	03	ald67_74	21	235
2016	03	ald67_74	22	300
2016	03	ald67_74	23	402
2016	03	ald67_74	24	406
2016	03	ald67_74	25	33
2016	03	ald67_74	26	215
2016	03	ald67_74	31	138
2016	03	ald67_74	32	54
2016	03	ald67_74	33	328
2016	03	ald67_74	34	59
2016	03	ald67_74	35	24
2016	03	ald67_74	41	219
2016	03	ald67_74	42	49
2016	03	ald67_74	43	125
2016	03	ald67_74	44	6
2016	03	ald67_74	51	170
2016	03	ald67_74	52	148
2016	03	ald67_74	53	235
2016	03	ald67_74	54	18
2016	03	ald67_74	61	6
2016	03	ald67_74	71	33
2016	03	ald67_74	72	22
2016	03	ald67_74	73	12
2016	03	ald67_74	74	18
2016	03	ald67_74	75	14
2016	03	ald67_74	81	19
2016	03	ald67_74	83	140
2016	03	ald67_74	91	64
2016	03	ald67_74	93	19
2016	03	ald67_74	94	18
2016	03	ald67_74	96	62
2016	04	ald15_24	00	79
2016	04	ald15_24	01	16
2016	04	ald15_24	02	36
2016	04	ald15_24	03	395
2016	04	ald15_24	11	13
2016	04	ald15_24	12	8
2016	04	ald15_24	13	6
2016	04	ald15_24	14	44
2016	04	ald15_24	21	17
2016	04	ald15_24	22	234
2016	04	ald15_24	23	226
2016	04	ald15_24	24	60
2016	04	ald15_24	25	19
2016	04	ald15_24	26	46
2016	04	ald15_24	31	79
2016	04	ald15_24	32	120
2016	04	ald15_24	33	192
2016	04	ald15_24	34	136
2016	04	ald15_24	35	58
2016	04	ald15_24	41	141
2016	04	ald15_24	42	205
2016	04	ald15_24	43	211
2016	04	ald15_24	44	23
2016	04	ald15_24	51	625
2016	04	ald15_24	52	2874
2016	04	ald15_24	53	1944
2016	04	ald15_24	54	132
2016	04	ald15_24	61	243
2016	04	ald15_24	62	29
2016	04	ald15_24	71	581
2016	04	ald15_24	72	475
2016	04	ald15_24	73	11
2016	04	ald15_24	74	380
2016	04	ald15_24	75	42
2016	04	ald15_24	81	332
2016	04	ald15_24	82	6
2016	04	ald15_24	83	288
2016	04	ald15_24	91	267
2016	04	ald15_24	92	44
2016	04	ald15_24	93	275
2016	04	ald15_24	94	237
2016	04	ald15_24	96	133
2016	04	ald25_54	00	272
2016	04	ald25_54	01	765
2016	04	ald25_54	02	37
2016	04	ald25_54	03	85
2016	04	ald25_54	11	815
2016	04	ald25_54	12	1009
2016	04	ald25_54	13	1814
2016	04	ald25_54	14	1098
2016	04	ald25_54	21	964
2016	04	ald25_54	22	3777
2016	04	ald25_54	23	4234
2016	04	ald25_54	24	2622
2016	04	ald25_54	25	643
2016	04	ald25_54	26	915
2016	04	ald25_54	31	1860
2016	04	ald25_54	32	1047
2016	04	ald25_54	33	3154
2016	04	ald25_54	34	788
2016	04	ald25_54	35	363
2016	04	ald25_54	41	1110
2016	04	ald25_54	42	643
2016	04	ald25_54	43	1283
2016	04	ald25_54	44	131
2016	04	ald25_54	51	1661
2016	04	ald25_54	52	3428
2016	04	ald25_54	53	6450
2016	04	ald25_54	54	465
2016	04	ald25_54	61	412
2016	04	ald25_54	62	70
2016	04	ald25_54	71	2301
2016	04	ald25_54	72	1542
2016	04	ald25_54	73	88
2016	04	ald25_54	74	902
2016	04	ald25_54	75	240
2016	04	ald25_54	81	2124
2016	04	ald25_54	82	56
2016	04	ald25_54	83	2496
2016	04	ald25_54	91	1468
2016	04	ald25_54	92	79
2016	04	ald25_54	93	563
2016	04	ald25_54	94	352
2016	04	ald25_54	95	7
2016	04	ald25_54	96	367
2016	04	ald55_66	00	119
2016	04	ald55_66	01	46
2016	04	ald55_66	11	354
2016	04	ald55_66	12	446
2016	04	ald55_66	13	904
2016	04	ald55_66	14	245
2016	04	ald55_66	21	368
2016	04	ald55_66	22	978
2016	04	ald55_66	23	1267
2016	04	ald55_66	24	1050
2016	04	ald55_66	25	149
2016	04	ald55_66	26	250
2016	04	ald55_66	31	672
2016	04	ald55_66	32	313
2016	04	ald55_66	33	1218
2016	04	ald55_66	34	171
2016	04	ald55_66	35	72
2016	04	ald55_66	41	540
2016	04	ald55_66	42	161
2016	04	ald55_66	43	501
2016	04	ald55_66	44	130
2016	04	ald55_66	51	505
2016	04	ald55_66	52	880
2016	04	ald55_66	53	2513
2016	04	ald55_66	54	95
2016	04	ald55_66	61	117
2016	04	ald55_66	62	24
2016	04	ald55_66	71	469
2016	04	ald55_66	72	390
2016	04	ald55_66	73	39
2016	04	ald55_66	74	259
2016	04	ald55_66	75	44
2016	04	ald55_66	81	734
2016	04	ald55_66	82	9
2016	04	ald55_66	83	934
2016	04	ald55_66	91	625
2016	04	ald55_66	92	23
2016	04	ald55_66	93	133
2016	04	ald55_66	94	157
2016	04	ald55_66	96	130
2016	04	ald67_74	00	80
2016	04	ald67_74	11	63
2016	04	ald67_74	12	32
2016	04	ald67_74	13	56
2016	04	ald67_74	14	25
2016	04	ald67_74	21	54
2016	04	ald67_74	22	88
2016	04	ald67_74	23	86
2016	04	ald67_74	24	82
2016	04	ald67_74	26	21
2016	04	ald67_74	31	47
2016	04	ald67_74	32	25
2016	04	ald67_74	33	86
2016	04	ald67_74	34	12
2016	04	ald67_74	41	68
2016	04	ald67_74	42	15
2016	04	ald67_74	43	46
2016	04	ald67_74	44	10
2016	04	ald67_74	51	117
2016	04	ald67_74	52	125
2016	04	ald67_74	53	330
2016	04	ald67_74	61	52
2016	04	ald67_74	62	9
2016	04	ald67_74	71	38
2016	04	ald67_74	72	32
2016	04	ald67_74	73	6
2016	04	ald67_74	74	19
2016	04	ald67_74	81	56
2016	04	ald67_74	83	193
2016	04	ald67_74	91	99
2016	04	ald67_74	92	11
2016	04	ald67_74	93	28
2016	04	ald67_74	94	20
2016	04	ald67_74	96	30
2016	05	ald15_24	00	103
2016	05	ald15_24	01	17
2016	05	ald15_24	02	36
2016	05	ald15_24	03	370
2016	05	ald15_24	11	10
2016	05	ald15_24	13	4
2016	05	ald15_24	14	46
2016	05	ald15_24	21	8
2016	05	ald15_24	22	194
2016	05	ald15_24	23	237
2016	05	ald15_24	24	50
2016	05	ald15_24	25	27
2016	05	ald15_24	26	39
2016	05	ald15_24	31	47
2016	05	ald15_24	32	101
2016	05	ald15_24	33	224
2016	05	ald15_24	34	131
2016	05	ald15_24	35	107
2016	05	ald15_24	41	140
2016	05	ald15_24	42	391
2016	05	ald15_24	43	187
2016	05	ald15_24	44	20
2016	05	ald15_24	51	656
2016	05	ald15_24	52	2887
2016	05	ald15_24	53	1959
2016	05	ald15_24	54	80
2016	05	ald15_24	61	360
2016	05	ald15_24	62	13
2016	05	ald15_24	71	626
2016	05	ald15_24	72	490
2016	05	ald15_24	73	17
2016	05	ald15_24	74	479
2016	05	ald15_24	75	70
2016	05	ald15_24	81	382
2016	05	ald15_24	82	16
2016	05	ald15_24	83	375
2016	05	ald15_24	91	215
2016	05	ald15_24	92	35
2016	05	ald15_24	93	302
2016	05	ald15_24	94	338
2016	05	ald15_24	96	117
2016	05	ald25_54	00	280
2016	05	ald25_54	01	250
2016	05	ald25_54	02	11
2016	05	ald25_54	03	29
2016	05	ald25_54	11	813
2016	05	ald25_54	12	834
2016	05	ald25_54	13	1821
2016	05	ald25_54	14	1058
2016	05	ald25_54	21	1084
2016	05	ald25_54	22	3745
2016	05	ald25_54	23	4276
2016	05	ald25_54	24	2150
2016	05	ald25_54	25	629
2016	05	ald25_54	26	864
2016	05	ald25_54	31	2051
2016	05	ald25_54	32	955
2016	05	ald25_54	33	3197
2016	05	ald25_54	34	722
2016	05	ald25_54	35	373
2016	05	ald25_54	41	1119
2016	05	ald25_54	42	767
2016	05	ald25_54	43	1291
2016	05	ald25_54	44	121
2016	05	ald25_54	51	1787
2016	05	ald25_54	52	3572
2016	05	ald25_54	53	6107
2016	05	ald25_54	54	288
2016	05	ald25_54	61	475
2016	05	ald25_54	62	28
2016	05	ald25_54	71	2453
2016	05	ald25_54	72	1460
2016	05	ald25_54	73	110
2016	05	ald25_54	74	904
2016	05	ald25_54	75	308
2016	05	ald25_54	81	2350
2016	05	ald25_54	82	131
2016	05	ald25_54	83	2501
2016	05	ald25_54	91	1528
2016	05	ald25_54	92	47
2016	05	ald25_54	93	663
2016	05	ald25_54	94	379
2016	05	ald25_54	96	309
2016	05	ald55_66	00	142
2016	05	ald55_66	01	29
2016	05	ald55_66	11	385
2016	05	ald55_66	12	384
2016	05	ald55_66	13	819
2016	05	ald55_66	14	270
2016	05	ald55_66	21	336
2016	05	ald55_66	22	988
2016	05	ald55_66	23	1228
2016	05	ald55_66	24	800
2016	05	ald55_66	25	119
2016	05	ald55_66	26	267
2016	05	ald55_66	31	651
2016	05	ald55_66	32	296
2016	05	ald55_66	33	1146
2016	05	ald55_66	34	172
2016	05	ald55_66	35	82
2016	05	ald55_66	41	547
2016	05	ald55_66	42	173
2016	05	ald55_66	43	478
2016	05	ald55_66	44	124
2016	05	ald55_66	51	639
2016	05	ald55_66	52	927
2016	05	ald55_66	53	2403
2016	05	ald55_66	54	50
2016	05	ald55_66	61	141
2016	05	ald55_66	62	14
2016	05	ald55_66	71	470
2016	05	ald55_66	72	323
2016	05	ald55_66	73	48
2016	05	ald55_66	74	186
2016	05	ald55_66	75	74
2016	05	ald55_66	81	695
2016	05	ald55_66	82	49
2016	05	ald55_66	83	888
2016	05	ald55_66	91	603
2016	05	ald55_66	92	14
2016	05	ald55_66	93	141
2016	05	ald55_66	94	122
2016	05	ald55_66	96	102
2016	05	ald67_74	00	114
2016	05	ald67_74	11	58
2016	05	ald67_74	12	27
2016	05	ald67_74	13	50
2016	05	ald67_74	14	25
2016	05	ald67_74	21	46
2016	05	ald67_74	22	97
2016	05	ald67_74	23	116
2016	05	ald67_74	24	57
2016	05	ald67_74	26	31
2016	05	ald67_74	31	37
2016	05	ald67_74	32	17
2016	05	ald67_74	33	79
2016	05	ald67_74	34	9
2016	05	ald67_74	35	5
2016	05	ald67_74	41	78
2016	05	ald67_74	42	15
2016	05	ald67_74	43	42
2016	05	ald67_74	44	8
2016	05	ald67_74	51	97
2016	05	ald67_74	52	106
2016	05	ald67_74	53	391
2016	05	ald67_74	54	10
2016	05	ald67_74	61	80
2016	05	ald67_74	71	43
2016	05	ald67_74	72	39
2016	05	ald67_74	74	15
2016	05	ald67_74	75	14
2016	05	ald67_74	81	36
2016	05	ald67_74	83	218
2016	05	ald67_74	91	88
2016	05	ald67_74	93	14
2016	05	ald67_74	94	26
2016	05	ald67_74	96	21
2016	06	ald15_24	00	131
2016	06	ald15_24	01	23
2016	06	ald15_24	02	41
2016	06	ald15_24	03	519
2016	06	ald15_24	11	20
2016	06	ald15_24	12	10
2016	06	ald15_24	13	14
2016	06	ald15_24	14	62
2016	06	ald15_24	21	31
2016	06	ald15_24	22	270
2016	06	ald15_24	23	338
2016	06	ald15_24	24	124
2016	06	ald15_24	25	51
2016	06	ald15_24	26	46
2016	06	ald15_24	31	122
2016	06	ald15_24	32	84
2016	06	ald15_24	33	387
2016	06	ald15_24	34	290
2016	06	ald15_24	35	122
2016	06	ald15_24	41	342
2016	06	ald15_24	42	298
2016	06	ald15_24	43	333
2016	06	ald15_24	44	33
2016	06	ald15_24	51	884
2016	06	ald15_24	52	4461
2016	06	ald15_24	53	2242
2016	06	ald15_24	54	179
2016	06	ald15_24	61	107
2016	06	ald15_24	62	6
2016	06	ald15_24	71	703
2016	06	ald15_24	72	546
2016	06	ald15_24	73	29
2016	06	ald15_24	74	721
2016	06	ald15_24	75	68
2016	06	ald15_24	81	234
2016	06	ald15_24	82	19
2016	06	ald15_24	83	288
2016	06	ald15_24	91	349
2016	06	ald15_24	92	40
2016	06	ald15_24	93	538
2016	06	ald15_24	94	439
2016	06	ald15_24	96	183
2016	06	ald25_54	00	487
2016	06	ald25_54	01	213
2016	06	ald25_54	02	8
2016	06	ald25_54	03	39
2016	06	ald25_54	11	1567
2016	06	ald25_54	12	1948
2016	06	ald25_54	13	3108
2016	06	ald25_54	14	1655
2016	06	ald25_54	21	2432
2016	06	ald25_54	22	4647
2016	06	ald25_54	23	5882
2016	06	ald25_54	24	4429
2016	06	ald25_54	25	1613
2016	06	ald25_54	26	1430
2016	06	ald25_54	31	5235
2016	06	ald25_54	32	1364
2016	06	ald25_54	33	6198
2016	06	ald25_54	34	1151
2016	06	ald25_54	35	880
2016	06	ald25_54	41	2353
2016	06	ald25_54	42	997
2016	06	ald25_54	43	2686
2016	06	ald25_54	44	190
2016	06	ald25_54	51	2605
2016	06	ald25_54	52	4956
2016	06	ald25_54	53	9115
2016	06	ald25_54	54	668
2016	06	ald25_54	61	416
2016	06	ald25_54	62	36
2016	06	ald25_54	71	3773
2016	06	ald25_54	72	2221
2016	06	ald25_54	73	160
2016	06	ald25_54	74	1382
2016	06	ald25_54	75	315
2016	06	ald25_54	81	1983
2016	06	ald25_54	82	369
2016	06	ald25_54	83	2931
2016	06	ald25_54	91	2117
2016	06	ald25_54	92	111
2016	06	ald25_54	93	1345
2016	06	ald25_54	94	617
2016	06	ald25_54	96	343
2016	06	ald55_66	00	168
2016	06	ald55_66	01	39
2016	06	ald55_66	03	5
2016	06	ald55_66	11	681
2016	06	ald55_66	12	764
2016	06	ald55_66	13	1353
2016	06	ald55_66	14	355
2016	06	ald55_66	21	695
2016	06	ald55_66	22	1240
2016	06	ald55_66	23	1541
2016	06	ald55_66	24	1314
2016	06	ald55_66	25	301
2016	06	ald55_66	26	363
2016	06	ald55_66	31	1486
2016	06	ald55_66	32	347
2016	06	ald55_66	33	1909
2016	06	ald55_66	34	235
2016	06	ald55_66	35	152
2016	06	ald55_66	41	902
2016	06	ald55_66	42	213
2016	06	ald55_66	43	838
2016	06	ald55_66	44	129
2016	06	ald55_66	51	653
2016	06	ald55_66	52	1012
2016	06	ald55_66	53	3152
2016	06	ald55_66	54	85
2016	06	ald55_66	61	70
2016	06	ald55_66	62	7
2016	06	ald55_66	71	595
2016	06	ald55_66	72	559
2016	06	ald55_66	73	56
2016	06	ald55_66	74	311
2016	06	ald55_66	75	52
2016	06	ald55_66	81	540
2016	06	ald55_66	82	104
2016	06	ald55_66	83	1006
2016	06	ald55_66	91	586
2016	06	ald55_66	92	19
2016	06	ald55_66	93	215
2016	06	ald55_66	94	166
2016	06	ald55_66	96	93
2016	06	ald67_74	00	73
2016	06	ald67_74	11	124
2016	06	ald67_74	12	53
2016	06	ald67_74	13	82
2016	06	ald67_74	14	43
2016	06	ald67_74	21	85
2016	06	ald67_74	22	106
2016	06	ald67_74	23	133
2016	06	ald67_74	24	97
2016	06	ald67_74	25	10
2016	06	ald67_74	26	41
2016	06	ald67_74	31	101
2016	06	ald67_74	32	24
2016	06	ald67_74	33	155
2016	06	ald67_74	34	25
2016	06	ald67_74	35	7
2016	06	ald67_74	41	136
2016	06	ald67_74	42	29
2016	06	ald67_74	43	100
2016	06	ald67_74	44	8
2016	06	ald67_74	51	133
2016	06	ald67_74	52	183
2016	06	ald67_74	53	433
2016	06	ald67_74	54	9
2016	06	ald67_74	61	24
2016	06	ald67_74	62	4
2016	06	ald67_74	71	45
2016	06	ald67_74	72	42
2016	06	ald67_74	73	8
2016	06	ald67_74	74	18
2016	06	ald67_74	75	11
2016	06	ald67_74	81	42
2016	06	ald67_74	82	8
2016	06	ald67_74	83	202
2016	06	ald67_74	91	67
2016	06	ald67_74	93	33
2016	06	ald67_74	94	32
2016	06	ald67_74	96	22
2016	07	ald15_24	00	85
2016	07	ald15_24	01	10
2016	07	ald15_24	02	32
2016	07	ald15_24	03	462
2016	07	ald15_24	11	17
2016	07	ald15_24	13	11
2016	07	ald15_24	14	54
2016	07	ald15_24	21	20
2016	07	ald15_24	22	184
2016	07	ald15_24	23	276
2016	07	ald15_24	24	235
2016	07	ald15_24	25	43
2016	07	ald15_24	26	74
2016	07	ald15_24	31	88
2016	07	ald15_24	32	60
2016	07	ald15_24	33	391
2016	07	ald15_24	34	230
2016	07	ald15_24	35	103
2016	07	ald15_24	41	276
2016	07	ald15_24	42	269
2016	07	ald15_24	43	339
2016	07	ald15_24	44	33
2016	07	ald15_24	51	784
2016	07	ald15_24	52	4198
2016	07	ald15_24	53	1978
2016	07	ald15_24	54	134
2016	07	ald15_24	61	152
2016	07	ald15_24	71	569
2016	07	ald15_24	72	451
2016	07	ald15_24	73	23
2016	07	ald15_24	74	435
2016	07	ald15_24	75	68
2016	07	ald15_24	81	338
2016	07	ald15_24	82	31
2016	07	ald15_24	83	253
2016	07	ald15_24	91	433
2016	07	ald15_24	92	72
2016	07	ald15_24	93	411
2016	07	ald15_24	94	338
2016	07	ald15_24	96	162
2016	07	ald25_54	00	279
2016	07	ald25_54	01	223
2016	07	ald25_54	02	14
2016	07	ald25_54	03	36
2016	07	ald25_54	11	1228
2016	07	ald25_54	12	1612
2016	07	ald25_54	13	2436
2016	07	ald25_54	14	1353
2016	07	ald25_54	21	1636
2016	07	ald25_54	22	4371
2016	07	ald25_54	23	5413
2016	07	ald25_54	24	3305
2016	07	ald25_54	25	1272
2016	07	ald25_54	26	1277
2016	07	ald25_54	31	3794
2016	07	ald25_54	32	1272
2016	07	ald25_54	33	5139
2016	07	ald25_54	34	989
2016	07	ald25_54	35	658
2016	07	ald25_54	41	1669
2016	07	ald25_54	42	815
2016	07	ald25_54	43	2309
2016	07	ald25_54	44	155
2016	07	ald25_54	51	2104
2016	07	ald25_54	52	4246
2016	07	ald25_54	53	7832
2016	07	ald25_54	54	684
2016	07	ald25_54	61	384
2016	07	ald25_54	62	15
2016	07	ald25_54	71	2975
2016	07	ald25_54	72	1741
2016	07	ald25_54	73	186
2016	07	ald25_54	74	1103
2016	07	ald25_54	75	335
2016	07	ald25_54	81	2356
2016	07	ald25_54	82	384
2016	07	ald25_54	83	2084
2016	07	ald25_54	91	1820
2016	07	ald25_54	92	92
2016	07	ald25_54	93	1131
2016	07	ald25_54	94	392
2016	07	ald25_54	96	277
2016	07	ald55_66	00	114
2016	07	ald55_66	01	35
2016	07	ald55_66	03	5
2016	07	ald55_66	11	602
2016	07	ald55_66	12	674
2016	07	ald55_66	13	1146
2016	07	ald55_66	14	336
2016	07	ald55_66	21	490
2016	07	ald55_66	22	1237
2016	07	ald55_66	23	1620
2016	07	ald55_66	24	1217
2016	07	ald55_66	25	225
2016	07	ald55_66	26	398
2016	07	ald55_66	31	1198
2016	07	ald55_66	32	408
2016	07	ald55_66	33	1486
2016	07	ald55_66	34	180
2016	07	ald55_66	35	115
2016	07	ald55_66	41	758
2016	07	ald55_66	42	199
2016	07	ald55_66	43	710
2016	07	ald55_66	44	86
2016	07	ald55_66	51	528
2016	07	ald55_66	52	1003
2016	07	ald55_66	53	2875
2016	07	ald55_66	54	120
2016	07	ald55_66	61	102
2016	07	ald55_66	71	528
2016	07	ald55_66	72	441
2016	07	ald55_66	73	52
2016	07	ald55_66	74	309
2016	07	ald55_66	75	64
2016	07	ald55_66	81	611
2016	07	ald55_66	82	95
2016	07	ald55_66	83	772
2016	07	ald55_66	91	568
2016	07	ald55_66	92	22
2016	07	ald55_66	93	172
2016	07	ald55_66	94	103
2016	07	ald55_66	96	51
2016	07	ald67_74	00	94
2016	07	ald67_74	03	7
2016	07	ald67_74	11	77
2016	07	ald67_74	12	54
2016	07	ald67_74	13	77
2016	07	ald67_74	14	32
2016	07	ald67_74	21	48
2016	07	ald67_74	22	97
2016	07	ald67_74	23	103
2016	07	ald67_74	24	80
2016	07	ald67_74	25	8
2016	07	ald67_74	26	37
2016	07	ald67_74	31	83
2016	07	ald67_74	32	19
2016	07	ald67_74	33	121
2016	07	ald67_74	34	24
2016	07	ald67_74	35	8
2016	07	ald67_74	41	100
2016	07	ald67_74	42	17
2016	07	ald67_74	43	78
2016	07	ald67_74	44	5
2016	07	ald67_74	51	114
2016	07	ald67_74	52	160
2016	07	ald67_74	53	339
2016	07	ald67_74	54	16
2016	07	ald67_74	61	17
2016	07	ald67_74	71	51
2016	07	ald67_74	72	47
2016	07	ald67_74	73	10
2016	07	ald67_74	74	18
2016	07	ald67_74	81	40
2016	07	ald67_74	82	4
2016	07	ald67_74	83	160
2016	07	ald67_74	91	54
2016	07	ald67_74	92	6
2016	07	ald67_74	93	25
2016	07	ald67_74	94	15
2016	07	ald67_74	96	31
2016	08	ald15_24	00	65
2016	08	ald15_24	01	8
2016	08	ald15_24	02	18
2016	08	ald15_24	03	311
2016	08	ald15_24	11	10
2016	08	ald15_24	14	31
2016	08	ald15_24	21	14
2016	08	ald15_24	22	180
2016	08	ald15_24	23	279
2016	08	ald15_24	24	48
2016	08	ald15_24	25	14
2016	08	ald15_24	26	27
2016	08	ald15_24	31	84
2016	08	ald15_24	32	67
2016	08	ald15_24	33	151
2016	08	ald15_24	34	108
2016	08	ald15_24	35	65
2016	08	ald15_24	41	118
2016	08	ald15_24	42	126
2016	08	ald15_24	43	94
2016	08	ald15_24	44	20
2016	08	ald15_24	51	544
2016	08	ald15_24	52	2853
2016	08	ald15_24	53	1343
2016	08	ald15_24	54	95
2016	08	ald15_24	61	86
2016	08	ald15_24	62	7
2016	08	ald15_24	71	458
2016	08	ald15_24	72	431
2016	08	ald15_24	73	11
2016	08	ald15_24	74	455
2016	08	ald15_24	75	36
2016	08	ald15_24	81	410
2016	08	ald15_24	82	50
2016	08	ald15_24	83	252
2016	08	ald15_24	91	205
2016	08	ald15_24	92	17
2016	08	ald15_24	93	314
2016	08	ald15_24	94	246
2016	08	ald15_24	96	139
2016	08	ald25_54	00	224
2016	08	ald25_54	01	42
2016	08	ald25_54	03	11
2016	08	ald25_54	11	739
2016	08	ald25_54	12	753
2016	08	ald25_54	13	1625
2016	08	ald25_54	14	927
2016	08	ald25_54	21	1062
2016	08	ald25_54	22	3296
2016	08	ald25_54	23	4112
2016	08	ald25_54	24	1594
2016	08	ald25_54	25	487
2016	08	ald25_54	26	812
2016	08	ald25_54	31	2606
2016	08	ald25_54	32	732
2016	08	ald25_54	33	2925
2016	08	ald25_54	34	666
2016	08	ald25_54	35	347
2016	08	ald25_54	41	999
2016	08	ald25_54	42	418
2016	08	ald25_54	43	913
2016	08	ald25_54	44	134
2016	08	ald25_54	51	1402
2016	08	ald25_54	52	3352
2016	08	ald25_54	53	5750
2016	08	ald25_54	54	419
2016	08	ald25_54	61	176
2016	08	ald25_54	62	30
2016	08	ald25_54	71	2294
2016	08	ald25_54	72	1554
2016	08	ald25_54	73	141
2016	08	ald25_54	74	1055
2016	08	ald25_54	75	185
2016	08	ald25_54	81	2284
2016	08	ald25_54	82	325
2016	08	ald25_54	83	1938
2016	08	ald25_54	91	1215
2016	08	ald25_54	92	57
2016	08	ald25_54	93	576
2016	08	ald25_54	94	270
2016	08	ald25_54	96	282
2016	08	ald55_66	00	60
2016	08	ald55_66	01	4
2016	08	ald55_66	11	387
2016	08	ald55_66	12	326
2016	08	ald55_66	13	856
2016	08	ald55_66	14	230
2016	08	ald55_66	21	400
2016	08	ald55_66	22	812
2016	08	ald55_66	23	1107
2016	08	ald55_66	24	746
2016	08	ald55_66	25	94
2016	08	ald55_66	26	259
2016	08	ald55_66	31	891
2016	08	ald55_66	32	225
2016	08	ald55_66	33	1044
2016	08	ald55_66	34	139
2016	08	ald55_66	35	55
2016	08	ald55_66	41	517
2016	08	ald55_66	42	105
2016	08	ald55_66	43	409
2016	08	ald55_66	44	123
2016	08	ald55_66	51	366
2016	08	ald55_66	52	707
2016	08	ald55_66	53	2253
2016	08	ald55_66	54	92
2016	08	ald55_66	61	40
2016	08	ald55_66	62	9
2016	08	ald55_66	71	353
2016	08	ald55_66	72	404
2016	08	ald55_66	73	47
2016	08	ald55_66	74	272
2016	08	ald55_66	75	36
2016	08	ald55_66	81	643
2016	08	ald55_66	82	89
2016	08	ald55_66	83	653
2016	08	ald55_66	91	459
2016	08	ald55_66	92	7
2016	08	ald55_66	93	107
2016	08	ald55_66	94	95
2016	08	ald55_66	96	49
2016	08	ald67_74	00	45
2016	08	ald67_74	11	70
2016	08	ald67_74	12	34
2016	08	ald67_74	13	46
2016	08	ald67_74	14	27
2016	08	ald67_74	21	34
2016	08	ald67_74	22	74
2016	08	ald67_74	23	69
2016	08	ald67_74	24	48
2016	08	ald67_74	26	17
2016	08	ald67_74	31	50
2016	08	ald67_74	32	19
2016	08	ald67_74	33	69
2016	08	ald67_74	34	12
2016	08	ald67_74	35	8
2016	08	ald67_74	41	66
2016	08	ald67_74	42	6
2016	08	ald67_74	43	44
2016	08	ald67_74	44	4
2016	08	ald67_74	51	64
2016	08	ald67_74	52	86
2016	08	ald67_74	53	324
2016	08	ald67_74	61	18
2016	08	ald67_74	71	31
2016	08	ald67_74	72	31
2016	08	ald67_74	74	15
2016	08	ald67_74	75	4
2016	08	ald67_74	81	20
2016	08	ald67_74	82	6
2016	08	ald67_74	83	167
2016	08	ald67_74	91	47
2016	08	ald67_74	92	4
2016	08	ald67_74	93	26
2016	08	ald67_74	94	11
2016	08	ald67_74	96	18
2016	09	ald15_24	00	41
2016	09	ald15_24	01	5
2016	09	ald15_24	02	6
2016	09	ald15_24	03	219
2016	09	ald15_24	11	13
2016	09	ald15_24	13	4
2016	09	ald15_24	14	21
2016	09	ald15_24	21	5
2016	09	ald15_24	22	107
2016	09	ald15_24	23	143
2016	09	ald15_24	24	25
2016	09	ald15_24	25	14
2016	09	ald15_24	26	27
2016	09	ald15_24	31	36
2016	09	ald15_24	32	36
2016	09	ald15_24	33	96
2016	09	ald15_24	34	108
2016	09	ald15_24	35	41
2016	09	ald15_24	41	83
2016	09	ald15_24	42	77
2016	09	ald15_24	43	119
2016	09	ald15_24	44	17
2016	09	ald15_24	51	415
2016	09	ald15_24	52	1957
2016	09	ald15_24	53	1051
2016	09	ald15_24	54	50
2016	09	ald15_24	61	76
2016	09	ald15_24	62	7
2016	09	ald15_24	71	411
2016	09	ald15_24	72	289
2016	09	ald15_24	73	10
2016	09	ald15_24	74	217
2016	09	ald15_24	75	28
2016	09	ald15_24	81	175
2016	09	ald15_24	82	5
2016	09	ald15_24	83	136
2016	09	ald15_24	91	195
2016	09	ald15_24	92	23
2016	09	ald15_24	93	171
2016	09	ald15_24	94	199
2016	09	ald15_24	96	76
2016	09	ald25_54	00	112
2016	09	ald25_54	01	53
2016	09	ald25_54	02	4
2016	09	ald25_54	03	7
2016	09	ald25_54	11	558
2016	09	ald25_54	12	531
2016	09	ald25_54	13	1015
2016	09	ald25_54	14	575
2016	09	ald25_54	21	672
2016	09	ald25_54	22	2243
2016	09	ald25_54	23	2797
2016	09	ald25_54	24	1273
2016	09	ald25_54	25	510
2016	09	ald25_54	26	574
2016	09	ald25_54	31	1807
2016	09	ald25_54	32	484
2016	09	ald25_54	33	1777
2016	09	ald25_54	34	428
2016	09	ald25_54	35	260
2016	09	ald25_54	41	897
2016	09	ald25_54	42	277
2016	09	ald25_54	43	758
2016	09	ald25_54	44	83
2016	09	ald25_54	51	873
2016	09	ald25_54	52	2139
2016	09	ald25_54	53	3766
2016	09	ald25_54	54	224
2016	09	ald25_54	61	155
2016	09	ald25_54	62	17
2016	09	ald25_54	71	1671
2016	09	ald25_54	72	923
2016	09	ald25_54	73	83
2016	09	ald25_54	74	641
2016	09	ald25_54	75	167
2016	09	ald25_54	81	1191
2016	09	ald25_54	82	146
2016	09	ald25_54	83	1111
2016	09	ald25_54	91	791
2016	09	ald25_54	92	35
2016	09	ald25_54	93	334
2016	09	ald25_54	94	158
2016	09	ald25_54	96	190
2016	09	ald55_66	00	58
2016	09	ald55_66	01	6
2016	09	ald55_66	11	254
2016	09	ald55_66	12	268
2016	09	ald55_66	13	436
2016	09	ald55_66	14	156
2016	09	ald55_66	21	200
2016	09	ald55_66	22	590
2016	09	ald55_66	23	788
2016	09	ald55_66	24	464
2016	09	ald55_66	25	62
2016	09	ald55_66	26	160
2016	09	ald55_66	31	544
2016	09	ald55_66	32	154
2016	09	ald55_66	33	565
2016	09	ald55_66	34	91
2016	09	ald55_66	35	47
2016	09	ald55_66	41	380
2016	09	ald55_66	42	65
2016	09	ald55_66	43	197
2016	09	ald55_66	44	72
2016	09	ald55_66	51	225
2016	09	ald55_66	52	463
2016	09	ald55_66	53	1357
2016	09	ald55_66	54	39
2016	09	ald55_66	61	23
2016	09	ald55_66	62	4
2016	09	ald55_66	71	252
2016	09	ald55_66	72	163
2016	09	ald55_66	73	23
2016	09	ald55_66	74	161
2016	09	ald55_66	75	17
2016	09	ald55_66	81	297
2016	09	ald55_66	82	97
2016	09	ald55_66	83	435
2016	09	ald55_66	91	256
2016	09	ald55_66	92	14
2016	09	ald55_66	93	68
2016	09	ald55_66	94	47
2016	09	ald55_66	96	49
2016	09	ald67_74	00	43
2016	09	ald67_74	11	29
2016	09	ald67_74	12	11
2016	09	ald67_74	13	25
2016	09	ald67_74	14	13
2016	09	ald67_74	21	29
2016	09	ald67_74	22	55
2016	09	ald67_74	23	66
2016	09	ald67_74	24	35
2016	09	ald67_74	26	25
2016	09	ald67_74	31	35
2016	09	ald67_74	32	7
2016	09	ald67_74	33	44
2016	09	ald67_74	34	11
2016	09	ald67_74	41	41
2016	09	ald67_74	42	8
2016	09	ald67_74	43	19
2016	09	ald67_74	51	44
2016	09	ald67_74	52	43
2016	09	ald67_74	53	161
2016	09	ald67_74	61	11
2016	09	ald67_74	71	19
2016	09	ald67_74	72	29
2016	09	ald67_74	73	4
2016	09	ald67_74	74	9
2016	09	ald67_74	81	19
2016	09	ald67_74	83	109
2016	09	ald67_74	91	36
2016	09	ald67_74	93	8
2016	09	ald67_74	94	14
2016	09	ald67_74	96	12
2016	10	ald15_24	00	71
2016	10	ald15_24	01	12
2016	10	ald15_24	02	20
2016	10	ald15_24	03	317
2016	10	ald15_24	11	19
2016	10	ald15_24	12	7
2016	10	ald15_24	14	45
2016	10	ald15_24	21	17
2016	10	ald15_24	22	215
2016	10	ald15_24	23	257
2016	10	ald15_24	24	61
2016	10	ald15_24	25	20
2016	10	ald15_24	26	68
2016	10	ald15_24	31	64
2016	10	ald15_24	32	71
2016	10	ald15_24	33	191
2016	10	ald15_24	34	203
2016	10	ald15_24	35	90
2016	10	ald15_24	41	154
2016	10	ald15_24	42	152
2016	10	ald15_24	43	259
2016	10	ald15_24	44	35
2016	10	ald15_24	51	855
2016	10	ald15_24	52	3330
2016	10	ald15_24	53	1556
2016	10	ald15_24	54	120
2016	10	ald15_24	61	147
2016	10	ald15_24	62	22
2016	10	ald15_24	71	757
2016	10	ald15_24	72	422
2016	10	ald15_24	73	22
2016	10	ald15_24	74	455
2016	10	ald15_24	75	58
2016	10	ald15_24	81	417
2016	10	ald15_24	82	7
2016	10	ald15_24	83	227
2016	10	ald15_24	91	365
2016	10	ald15_24	92	42
2016	10	ald15_24	93	361
2016	10	ald15_24	94	258
2016	10	ald15_24	96	90
2016	10	ald25_54	00	203
2016	10	ald25_54	01	161
2016	10	ald25_54	02	6
2016	10	ald25_54	03	21
2016	10	ald25_54	11	879
2016	10	ald25_54	12	992
2016	10	ald25_54	13	1848
2016	10	ald25_54	14	1024
2016	10	ald25_54	21	1125
2016	10	ald25_54	22	3400
2016	10	ald25_54	23	4733
2016	10	ald25_54	24	1910
2016	10	ald25_54	25	616
2016	10	ald25_54	26	1091
2016	10	ald25_54	31	3144
2016	10	ald25_54	32	815
2016	10	ald25_54	33	3407
2016	10	ald25_54	34	1025
2016	10	ald25_54	35	419
2016	10	ald25_54	41	1353
2016	10	ald25_54	42	549
2016	10	ald25_54	43	1401
2016	10	ald25_54	44	119
2016	10	ald25_54	51	1558
2016	10	ald25_54	52	3522
2016	10	ald25_54	53	6061
2016	10	ald25_54	54	359
2016	10	ald25_54	61	148
2016	10	ald25_54	62	72
2016	10	ald25_54	71	2435
2016	10	ald25_54	72	1527
2016	10	ald25_54	73	75
2016	10	ald25_54	74	963
2016	10	ald25_54	75	234
2016	10	ald25_54	81	2167
2016	10	ald25_54	82	54
2016	10	ald25_54	83	1755
2016	10	ald25_54	91	1373
2016	10	ald25_54	92	26
2016	10	ald25_54	93	616
2016	10	ald25_54	94	311
2016	10	ald25_54	95	5
2016	10	ald25_54	96	199
2016	10	ald55_66	00	82
2016	10	ald55_66	01	20
2016	10	ald55_66	03	4
2016	10	ald55_66	11	330
2016	10	ald55_66	12	418
2016	10	ald55_66	13	834
2016	10	ald55_66	14	215
2016	10	ald55_66	21	268
2016	10	ald55_66	22	804
2016	10	ald55_66	23	1148
2016	10	ald55_66	24	608
2016	10	ald55_66	25	82
2016	10	ald55_66	26	305
2016	10	ald55_66	31	796
2016	10	ald55_66	32	175
2016	10	ald55_66	33	1061
2016	10	ald55_66	34	208
2016	10	ald55_66	35	44
2016	10	ald55_66	41	552
2016	10	ald55_66	42	143
2016	10	ald55_66	43	390
2016	10	ald55_66	44	88
2016	10	ald55_66	51	381
2016	10	ald55_66	52	638
2016	10	ald55_66	53	2045
2016	10	ald55_66	54	77
2016	10	ald55_66	61	32
2016	10	ald55_66	62	12
2016	10	ald55_66	71	326
2016	10	ald55_66	72	363
2016	10	ald55_66	73	19
2016	10	ald55_66	74	219
2016	10	ald55_66	75	43
2016	10	ald55_66	81	597
2016	10	ald55_66	82	14
2016	10	ald55_66	83	540
2016	10	ald55_66	91	450
2016	10	ald55_66	92	7
2016	10	ald55_66	93	111
2016	10	ald55_66	94	98
2016	10	ald55_66	96	50
2016	10	ald67_74	00	36
2016	10	ald67_74	11	57
2016	10	ald67_74	12	30
2016	10	ald67_74	13	30
2016	10	ald67_74	14	25
2016	10	ald67_74	21	29
2016	10	ald67_74	22	82
2016	10	ald67_74	23	107
2016	10	ald67_74	24	39
2016	10	ald67_74	26	34
2016	10	ald67_74	31	63
2016	10	ald67_74	32	11
2016	10	ald67_74	33	78
2016	10	ald67_74	34	19
2016	10	ald67_74	41	60
2016	10	ald67_74	42	6
2016	10	ald67_74	43	47
2016	10	ald67_74	44	5
2016	10	ald67_74	51	80
2016	10	ald67_74	52	88
2016	10	ald67_74	53	245
2016	10	ald67_74	54	7
2016	10	ald67_74	61	9
2016	10	ald67_74	71	20
2016	10	ald67_74	72	26
2016	10	ald67_74	73	10
2016	10	ald67_74	74	19
2016	10	ald67_74	75	5
2016	10	ald67_74	81	25
2016	10	ald67_74	83	129
2016	10	ald67_74	91	48
2016	10	ald67_74	93	21
2016	10	ald67_74	94	7
2016	10	ald67_74	96	27
2016	11	ald15_24	00	145
2016	11	ald15_24	01	33
2016	11	ald15_24	02	41
2016	11	ald15_24	03	739
2016	11	ald15_24	11	38
2016	11	ald15_24	12	10
2016	11	ald15_24	13	20
2016	11	ald15_24	14	126
2016	11	ald15_24	21	43
2016	11	ald15_24	22	425
2016	11	ald15_24	23	676
2016	11	ald15_24	24	137
2016	11	ald15_24	25	69
2016	11	ald15_24	26	141
2016	11	ald15_24	31	311
2016	11	ald15_24	32	134
2016	11	ald15_24	33	498
2016	11	ald15_24	34	557
2016	11	ald15_24	35	109
2016	11	ald15_24	41	481
2016	11	ald15_24	42	553
2016	11	ald15_24	43	715
2016	11	ald15_24	44	75
2016	11	ald15_24	51	2064
2016	11	ald15_24	52	7421
2016	11	ald15_24	53	4453
2016	11	ald15_24	54	492
2016	11	ald15_24	61	1124
2016	11	ald15_24	62	121
2016	11	ald15_24	71	1418
2016	11	ald15_24	72	1455
2016	11	ald15_24	73	34
2016	11	ald15_24	74	1199
2016	11	ald15_24	75	148
2016	11	ald15_24	81	1028
2016	11	ald15_24	82	38
2016	11	ald15_24	83	715
2016	11	ald15_24	91	758
2016	11	ald15_24	92	53
2016	11	ald15_24	93	744
2016	11	ald15_24	94	528
2016	11	ald15_24	96	245
2016	11	ald25_54	00	590
2016	11	ald25_54	01	238
2016	11	ald25_54	02	11
2016	11	ald25_54	03	36
2016	11	ald25_54	11	2296
2016	11	ald25_54	12	2754
2016	11	ald25_54	13	6044
2016	11	ald25_54	14	2286
2016	11	ald25_54	21	7308
2016	11	ald25_54	22	8437
2016	11	ald25_54	23	11451
2016	11	ald25_54	24	6726
2016	11	ald25_54	25	3029
2016	11	ald25_54	26	2797
2016	11	ald25_54	31	11802
2016	11	ald25_54	32	2036
2016	11	ald25_54	33	8922
2016	11	ald25_54	34	1913
2016	11	ald25_54	35	1117
2016	11	ald25_54	41	3533
2016	11	ald25_54	42	1443
2016	11	ald25_54	43	4303
2016	11	ald25_54	44	318
2016	11	ald25_54	51	4404
2016	11	ald25_54	52	7565
2016	11	ald25_54	53	14389
2016	11	ald25_54	54	1157
2016	11	ald25_54	61	1050
2016	11	ald25_54	62	272
2016	11	ald25_54	71	6462
2016	11	ald25_54	72	5183
2016	11	ald25_54	73	307
2016	11	ald25_54	74	2394
2016	11	ald25_54	75	732
2016	11	ald25_54	81	5659
2016	11	ald25_54	82	339
2016	11	ald25_54	83	4636
2016	11	ald25_54	91	3963
2016	11	ald25_54	92	104
2016	11	ald25_54	93	1995
2016	11	ald25_54	94	856
2016	11	ald25_54	95	20
2016	11	ald25_54	96	575
2016	11	ald55_66	00	161
2016	11	ald55_66	01	31
2016	11	ald55_66	03	6
2016	11	ald55_66	11	972
2016	11	ald55_66	12	1016
2016	11	ald55_66	13	2364
2016	11	ald55_66	14	478
2016	11	ald55_66	21	1754
2016	11	ald55_66	22	1764
2016	11	ald55_66	23	2889
2016	11	ald55_66	24	2029
2016	11	ald55_66	25	393
2016	11	ald55_66	26	607
2016	11	ald55_66	31	2470
2016	11	ald55_66	32	509
2016	11	ald55_66	33	2337
2016	11	ald55_66	34	335
2016	11	ald55_66	35	140
2016	11	ald55_66	41	1198
2016	11	ald55_66	42	287
2016	11	ald55_66	43	1103
2016	11	ald55_66	44	170
2016	11	ald55_66	51	819
2016	11	ald55_66	52	1693
2016	11	ald55_66	53	4382
2016	11	ald55_66	54	164
2016	11	ald55_66	61	269
2016	11	ald55_66	62	37
2016	11	ald55_66	71	963
2016	11	ald55_66	72	914
2016	11	ald55_66	73	84
2016	11	ald55_66	74	415
2016	11	ald55_66	75	127
2016	11	ald55_66	81	1235
2016	11	ald55_66	82	63
2016	11	ald55_66	83	1364
2016	11	ald55_66	91	963
2016	11	ald55_66	92	20
2016	11	ald55_66	93	329
2016	11	ald55_66	94	219
2016	11	ald55_66	96	128
2016	11	ald67_74	00	93
2016	11	ald67_74	03	5
2016	11	ald67_74	11	131
2016	11	ald67_74	12	55
2016	11	ald67_74	13	95
2016	11	ald67_74	14	44
2016	11	ald67_74	21	98
2016	11	ald67_74	22	168
2016	11	ald67_74	23	180
2016	11	ald67_74	24	116
2016	11	ald67_74	25	4
2016	11	ald67_74	26	67
2016	11	ald67_74	31	151
2016	11	ald67_74	32	29
2016	11	ald67_74	33	150
2016	11	ald67_74	34	49
2016	11	ald67_74	35	9
2016	11	ald67_74	41	132
2016	11	ald67_74	42	24
2016	11	ald67_74	43	78
2016	11	ald67_74	44	13
2016	11	ald67_74	51	161
2016	11	ald67_74	52	187
2016	11	ald67_74	53	571
2016	11	ald67_74	54	10
2016	11	ald67_74	61	124
2016	11	ald67_74	71	58
2016	11	ald67_74	72	59
2016	11	ald67_74	73	13
2016	11	ald67_74	74	14
2016	11	ald67_74	75	12
2016	11	ald67_74	81	49
2016	11	ald67_74	83	258
2016	11	ald67_74	91	68
2016	11	ald67_74	92	6
2016	11	ald67_74	93	29
2016	11	ald67_74	94	38
2016	11	ald67_74	96	28
2016	12	ald15_24	00	201
2016	12	ald15_24	01	131
2016	12	ald15_24	02	74
2016	12	ald15_24	03	1004
2016	12	ald15_24	11	45
2016	12	ald15_24	12	9
2016	12	ald15_24	13	19
2016	12	ald15_24	14	144
2016	12	ald15_24	21	57
2016	12	ald15_24	22	534
2016	12	ald15_24	23	738
2016	12	ald15_24	24	148
2016	12	ald15_24	25	69
2016	12	ald15_24	26	121
2016	12	ald15_24	31	290
2016	12	ald15_24	32	141
2016	12	ald15_24	33	761
2016	12	ald15_24	34	516
2016	12	ald15_24	35	138
2016	12	ald15_24	41	550
2016	12	ald15_24	42	566
2016	12	ald15_24	43	686
2016	12	ald15_24	44	83
2016	12	ald15_24	51	2116
2016	12	ald15_24	52	8836
2016	12	ald15_24	53	5184
2016	12	ald15_24	54	466
2016	12	ald15_24	61	308
2016	12	ald15_24	62	291
2016	12	ald15_24	71	1651
2016	12	ald15_24	72	1361
2016	12	ald15_24	73	16
2016	12	ald15_24	74	1507
2016	12	ald15_24	75	108
2016	12	ald15_24	81	748
2016	12	ald15_24	82	34
2016	12	ald15_24	83	859
2016	12	ald15_24	91	1011
2016	12	ald15_24	92	61
2016	12	ald15_24	93	911
2016	12	ald15_24	94	507
2016	12	ald15_24	96	263
2016	12	ald25_54	00	703
2016	12	ald25_54	01	1397
2016	12	ald25_54	02	56
2016	12	ald25_54	03	130
2016	12	ald25_54	11	2334
2016	12	ald25_54	12	2836
2016	12	ald25_54	13	6140
2016	12	ald25_54	14	2736
2016	12	ald25_54	21	6424
2016	12	ald25_54	22	10747
2016	12	ald25_54	23	13896
2016	12	ald25_54	24	8574
2016	12	ald25_54	25	2714
2016	12	ald25_54	26	3362
2016	12	ald25_54	31	10684
2016	12	ald25_54	32	2568
2016	12	ald25_54	33	10799
2016	12	ald25_54	34	2036
2016	12	ald25_54	35	1359
2016	12	ald25_54	41	3776
2016	12	ald25_54	42	1627
2016	12	ald25_54	43	4186
2016	12	ald25_54	44	281
2016	12	ald25_54	51	5458
2016	12	ald25_54	52	8117
2016	12	ald25_54	53	15839
2016	12	ald25_54	54	1305
2016	12	ald25_54	61	458
2016	12	ald25_54	62	672
2016	12	ald25_54	71	7493
2016	12	ald25_54	72	4710
2016	12	ald25_54	73	237
2016	12	ald25_54	74	3057
2016	12	ald25_54	75	582
2016	12	ald25_54	81	4798
2016	12	ald25_54	82	349
2016	12	ald25_54	83	5357
2016	12	ald25_54	91	4334
2016	12	ald25_54	92	131
2016	12	ald25_54	93	2206
2016	12	ald25_54	94	830
2016	12	ald25_54	95	10
2016	12	ald25_54	96	579
2016	12	ald55_66	00	231
2016	12	ald55_66	01	92
2016	12	ald55_66	03	4
2016	12	ald55_66	11	1042
2016	12	ald55_66	12	1037
2016	12	ald55_66	13	2606
2016	12	ald55_66	14	586
2016	12	ald55_66	21	1586
2016	12	ald55_66	22	2416
2016	12	ald55_66	23	3755
2016	12	ald55_66	24	2660
2016	12	ald55_66	25	469
2016	12	ald55_66	26	760
2016	12	ald55_66	31	2516
2016	12	ald55_66	32	762
2016	12	ald55_66	33	2800
2016	12	ald55_66	34	338
2016	12	ald55_66	35	221
2016	12	ald55_66	41	1316
2016	12	ald55_66	42	309
2016	12	ald55_66	43	1212
2016	12	ald55_66	44	190
2016	12	ald55_66	51	1225
2016	12	ald55_66	52	1497
2016	12	ald55_66	53	5314
2016	12	ald55_66	54	203
2016	12	ald55_66	61	108
2016	12	ald55_66	62	116
2016	12	ald55_66	71	1106
2016	12	ald55_66	72	1005
2016	12	ald55_66	73	99
2016	12	ald55_66	74	612
2016	12	ald55_66	75	108
2016	12	ald55_66	81	1133
2016	12	ald55_66	82	86
2016	12	ald55_66	83	1708
2016	12	ald55_66	91	1003
2016	12	ald55_66	92	31
2016	12	ald55_66	93	352
2016	12	ald55_66	94	176
2016	12	ald55_66	96	145
2016	12	ald67_74	00	118
2016	12	ald67_74	03	5
2016	12	ald67_74	11	162
2016	12	ald67_74	12	103
2016	12	ald67_74	13	127
2016	12	ald67_74	14	62
2016	12	ald67_74	21	109
2016	12	ald67_74	22	216
2016	12	ald67_74	23	282
2016	12	ald67_74	24	230
2016	12	ald67_74	25	16
2016	12	ald67_74	26	85
2016	12	ald67_74	31	156
2016	12	ald67_74	32	39
2016	12	ald67_74	33	175
2016	12	ald67_74	34	40
2016	12	ald67_74	35	18
2016	12	ald67_74	41	176
2016	12	ald67_74	42	36
2016	12	ald67_74	43	129
2016	12	ald67_74	44	14
2016	12	ald67_74	51	195
2016	12	ald67_74	52	206
2016	12	ald67_74	53	799
2016	12	ald67_74	54	26
2016	12	ald67_74	61	39
2016	12	ald67_74	62	6
2016	12	ald67_74	71	75
2016	12	ald67_74	72	48
2016	12	ald67_74	73	16
2016	12	ald67_74	74	38
2016	12	ald67_74	75	13
2016	12	ald67_74	81	41
2016	12	ald67_74	83	295
2016	12	ald67_74	91	115
2016	12	ald67_74	93	41
2016	12	ald67_74	94	28
2016	12	ald67_74	96	39
2016	14	ald15_24	00	77
2016	14	ald15_24	02	9
2016	14	ald15_24	03	164
2016	14	ald15_24	11	5
2016	14	ald15_24	13	7
2016	14	ald15_24	14	14
2016	14	ald15_24	21	10
2016	14	ald15_24	22	114
2016	14	ald15_24	23	179
2016	14	ald15_24	24	24
2016	14	ald15_24	25	19
2016	14	ald15_24	26	40
2016	14	ald15_24	31	74
2016	14	ald15_24	32	40
2016	14	ald15_24	33	122
2016	14	ald15_24	34	71
2016	14	ald15_24	35	47
2016	14	ald15_24	41	95
2016	14	ald15_24	42	133
2016	14	ald15_24	43	92
2016	14	ald15_24	44	20
2016	14	ald15_24	51	376
2016	14	ald15_24	52	1601
2016	14	ald15_24	53	1150
2016	14	ald15_24	54	65
2016	14	ald15_24	61	209
2016	14	ald15_24	62	87
2016	14	ald15_24	71	402
2016	14	ald15_24	72	337
2016	14	ald15_24	73	10
2016	14	ald15_24	74	343
2016	14	ald15_24	75	30
2016	14	ald15_24	81	463
2016	14	ald15_24	82	4
2016	14	ald15_24	83	285
2016	14	ald15_24	91	181
2016	14	ald15_24	92	20
2016	14	ald15_24	93	244
2016	14	ald15_24	94	174
2016	14	ald15_24	96	41
2016	14	ald25_54	00	201
2016	14	ald25_54	01	19
2016	14	ald25_54	03	7
2016	14	ald25_54	11	451
2016	14	ald25_54	12	461
2016	14	ald25_54	13	1147
2016	14	ald25_54	14	601
2016	14	ald25_54	21	592
2016	14	ald25_54	22	2137
2016	14	ald25_54	23	2859
2016	14	ald25_54	24	1267
2016	14	ald25_54	25	275
2016	14	ald25_54	26	505
2016	14	ald25_54	31	1705
2016	14	ald25_54	32	514
2016	14	ald25_54	33	1328
2016	14	ald25_54	34	296
2016	14	ald25_54	35	203
2016	14	ald25_54	41	734
2016	14	ald25_54	42	301
2016	14	ald25_54	43	628
2016	14	ald25_54	44	123
2016	14	ald25_54	51	883
2016	14	ald25_54	52	1594
2016	14	ald25_54	53	3673
2016	14	ald25_54	54	174
2016	14	ald25_54	61	215
2016	14	ald25_54	62	273
2016	14	ald25_54	71	1490
2016	14	ald25_54	72	940
2016	14	ald25_54	73	116
2016	14	ald25_54	74	645
2016	14	ald25_54	75	217
2016	14	ald25_54	81	2275
2016	14	ald25_54	82	16
2016	14	ald25_54	83	1474
2016	14	ald25_54	91	914
2016	14	ald25_54	92	21
2016	14	ald25_54	93	473
2016	14	ald25_54	94	164
2016	14	ald25_54	96	121
2016	14	ald55_66	00	95
2016	14	ald55_66	11	219
2016	14	ald55_66	12	209
2016	14	ald55_66	13	593
2016	14	ald55_66	14	192
2016	14	ald55_66	21	219
2016	14	ald55_66	22	550
2016	14	ald55_66	23	948
2016	14	ald55_66	24	512
2016	14	ald55_66	25	26
2016	14	ald55_66	26	171
2016	14	ald55_66	31	529
2016	14	ald55_66	32	148
2016	14	ald55_66	33	540
2016	14	ald55_66	34	60
2016	14	ald55_66	35	26
2016	14	ald55_66	41	372
2016	14	ald55_66	42	60
2016	14	ald55_66	43	231
2016	14	ald55_66	44	103
2016	14	ald55_66	51	293
2016	14	ald55_66	52	455
2016	14	ald55_66	53	1648
2016	14	ald55_66	54	37
2016	14	ald55_66	61	66
2016	14	ald55_66	62	63
2016	14	ald55_66	71	335
2016	14	ald55_66	72	272
2016	14	ald55_66	73	23
2016	14	ald55_66	74	175
2016	14	ald55_66	75	48
2016	14	ald55_66	81	651
2016	14	ald55_66	82	6
2016	14	ald55_66	83	616
2016	14	ald55_66	91	368
2016	14	ald55_66	92	7
2016	14	ald55_66	93	75
2016	14	ald55_66	94	75
2016	14	ald55_66	96	32
2016	14	ald67_74	00	45
2016	14	ald67_74	11	22
2016	14	ald67_74	12	23
2016	14	ald67_74	13	28
2016	14	ald67_74	14	18
2016	14	ald67_74	21	23
2016	14	ald67_74	22	57
2016	14	ald67_74	23	63
2016	14	ald67_74	24	41
2016	14	ald67_74	26	19
2016	14	ald67_74	31	55
2016	14	ald67_74	32	6
2016	14	ald67_74	33	52
2016	14	ald67_74	34	7
2016	14	ald67_74	35	4
2016	14	ald67_74	41	44
2016	14	ald67_74	42	6
2016	14	ald67_74	43	17
2016	14	ald67_74	44	10
2016	14	ald67_74	51	55
2016	14	ald67_74	52	84
2016	14	ald67_74	53	300
2016	14	ald67_74	61	48
2016	14	ald67_74	62	6
2016	14	ald67_74	71	24
2016	14	ald67_74	72	27
2016	14	ald67_74	73	4
2016	14	ald67_74	74	18
2016	14	ald67_74	75	9
2016	14	ald67_74	81	21
2016	14	ald67_74	83	155
2016	14	ald67_74	91	47
2016	14	ald67_74	93	11
2016	14	ald67_74	94	10
2016	14	ald67_74	96	11
2016	15	ald15_24	00	191
2016	15	ald15_24	01	8
2016	15	ald15_24	02	10
2016	15	ald15_24	03	422
2016	15	ald15_24	11	17
2016	15	ald15_24	12	11
2016	15	ald15_24	13	11
2016	15	ald15_24	14	67
2016	15	ald15_24	21	16
2016	15	ald15_24	22	252
2016	15	ald15_24	23	288
2016	15	ald15_24	24	51
2016	15	ald15_24	25	23
2016	15	ald15_24	26	52
2016	15	ald15_24	31	187
2016	15	ald15_24	32	105
2016	15	ald15_24	33	257
2016	15	ald15_24	34	208
2016	15	ald15_24	35	70
2016	15	ald15_24	41	208
2016	15	ald15_24	42	252
2016	15	ald15_24	43	366
2016	15	ald15_24	44	39
2016	15	ald15_24	51	926
2016	15	ald15_24	52	3991
2016	15	ald15_24	53	2726
2016	15	ald15_24	54	161
2016	15	ald15_24	61	259
2016	15	ald15_24	62	142
2016	15	ald15_24	71	596
2016	15	ald15_24	72	877
2016	15	ald15_24	73	14
2016	15	ald15_24	74	701
2016	15	ald15_24	75	71
2016	15	ald15_24	81	608
2016	15	ald15_24	82	17
2016	15	ald15_24	83	460
2016	15	ald15_24	91	511
2016	15	ald15_24	92	12
2016	15	ald15_24	93	377
2016	15	ald15_24	94	319
2016	15	ald15_24	96	200
2016	15	ald25_54	00	485
2016	15	ald25_54	01	70
2016	15	ald25_54	02	4
2016	15	ald25_54	03	27
2016	15	ald25_54	11	1137
2016	15	ald25_54	12	1459
2016	15	ald25_54	13	2905
2016	15	ald25_54	14	1422
2016	15	ald25_54	21	1569
2016	15	ald25_54	22	5134
2016	15	ald25_54	23	6184
2016	15	ald25_54	24	2573
2016	15	ald25_54	25	778
2016	15	ald25_54	26	1168
2016	15	ald25_54	31	5903
2016	15	ald25_54	32	1242
2016	15	ald25_54	33	4312
2016	15	ald25_54	34	889
2016	15	ald25_54	35	516
2016	15	ald25_54	41	1696
2016	15	ald25_54	42	762
2016	15	ald25_54	43	2201
2016	15	ald25_54	44	161
2016	15	ald25_54	51	2132
2016	15	ald25_54	52	4183
2016	15	ald25_54	53	8346
2016	15	ald25_54	54	555
2016	15	ald25_54	61	267
2016	15	ald25_54	62	477
2016	15	ald25_54	71	3770
2016	15	ald25_54	72	2928
2016	15	ald25_54	73	94
2016	15	ald25_54	74	1614
2016	15	ald25_54	75	513
2016	15	ald25_54	81	4420
2016	15	ald25_54	82	126
2016	15	ald25_54	83	3259
2016	15	ald25_54	91	2041
2016	15	ald25_54	92	31
2016	15	ald25_54	93	992
2016	15	ald25_54	94	383
2016	15	ald25_54	95	14
2016	15	ald25_54	96	414
2016	15	ald55_66	00	189
2016	15	ald55_66	01	7
2016	15	ald55_66	03	6
2016	15	ald55_66	11	616
2016	15	ald55_66	12	615
2016	15	ald55_66	13	1416
2016	15	ald55_66	14	425
2016	15	ald55_66	21	401
2016	15	ald55_66	22	1353
2016	15	ald55_66	23	1819
2016	15	ald55_66	24	963
2016	15	ald55_66	25	121
2016	15	ald55_66	26	296
2016	15	ald55_66	31	1714
2016	15	ald55_66	32	316
2016	15	ald55_66	33	1517
2016	15	ald55_66	34	183
2016	15	ald55_66	35	71
2016	15	ald55_66	41	836
2016	15	ald55_66	42	172
2016	15	ald55_66	43	710
2016	15	ald55_66	44	159
2016	15	ald55_66	51	622
2016	15	ald55_66	52	1142
2016	15	ald55_66	53	3577
2016	15	ald55_66	54	110
2016	15	ald55_66	61	91
2016	15	ald55_66	62	85
2016	15	ald55_66	71	765
2016	15	ald55_66	72	732
2016	15	ald55_66	73	30
2016	15	ald55_66	74	440
2016	15	ald55_66	75	138
2016	15	ald55_66	81	1271
2016	15	ald55_66	82	29
2016	15	ald55_66	83	1212
2016	15	ald55_66	91	671
2016	15	ald55_66	92	9
2016	15	ald55_66	93	215
2016	15	ald55_66	94	150
2016	15	ald55_66	96	89
2016	15	ald67_74	00	102
2016	15	ald67_74	11	108
2016	15	ald67_74	12	49
2016	15	ald67_74	13	105
2016	15	ald67_74	14	30
2016	15	ald67_74	21	53
2016	15	ald67_74	22	105
2016	15	ald67_74	23	138
2016	15	ald67_74	24	62
2016	15	ald67_74	25	7
2016	15	ald67_74	26	39
2016	15	ald67_74	31	134
2016	15	ald67_74	32	19
2016	15	ald67_74	33	117
2016	15	ald67_74	34	17
2016	15	ald67_74	41	90
2016	15	ald67_74	42	15
2016	15	ald67_74	43	73
2016	15	ald67_74	44	7
2016	15	ald67_74	51	138
2016	15	ald67_74	52	153
2016	15	ald67_74	53	553
2016	15	ald67_74	54	16
2016	15	ald67_74	61	49
2016	15	ald67_74	62	7
2016	15	ald67_74	71	45
2016	15	ald67_74	72	75
2016	15	ald67_74	74	29
2016	15	ald67_74	75	20
2016	15	ald67_74	81	82
2016	15	ald67_74	82	4
2016	15	ald67_74	83	243
2016	15	ald67_74	91	111
2016	15	ald67_74	93	34
2016	15	ald67_74	94	26
2016	15	ald67_74	96	32
2016	16	ald15_24	00	118
2016	16	ald15_24	01	67
2016	16	ald15_24	02	85
2016	16	ald15_24	03	688
2016	16	ald15_24	11	32
2016	16	ald15_24	12	9
2016	16	ald15_24	13	12
2016	16	ald15_24	14	75
2016	16	ald15_24	21	48
2016	16	ald15_24	22	387
2016	16	ald15_24	23	736
2016	16	ald15_24	24	107
2016	16	ald15_24	25	92
2016	16	ald15_24	26	89
2016	16	ald15_24	31	169
2016	16	ald15_24	32	158
2016	16	ald15_24	33	872
2016	16	ald15_24	34	316
2016	16	ald15_24	35	115
2016	16	ald15_24	41	347
2016	16	ald15_24	42	420
2016	16	ald15_24	43	485
2016	16	ald15_24	44	160
2016	16	ald15_24	51	1721
2016	16	ald15_24	52	5014
2016	16	ald15_24	53	2653
2016	16	ald15_24	54	227
2016	16	ald15_24	61	358
2016	16	ald15_24	62	182
2016	16	ald15_24	71	1023
2016	16	ald15_24	72	685
2016	16	ald15_24	73	23
2016	16	ald15_24	74	753
2016	16	ald15_24	75	102
2016	16	ald15_24	81	529
2016	16	ald15_24	82	34
2016	16	ald15_24	83	492
2016	16	ald15_24	91	493
2016	16	ald15_24	92	44
2016	16	ald15_24	93	515
2016	16	ald15_24	94	388
2016	16	ald15_24	96	258
2016	16	ald25_54	00	365
2016	16	ald25_54	01	596
2016	16	ald25_54	02	19
2016	16	ald25_54	03	52
2016	16	ald25_54	11	1459
2016	16	ald25_54	12	1794
2016	16	ald25_54	13	3341
2016	16	ald25_54	14	1622
2016	16	ald25_54	21	5050
2016	16	ald25_54	22	7028
2016	16	ald25_54	23	9996
2016	16	ald25_54	24	5779
2016	16	ald25_54	25	2242
2016	16	ald25_54	26	2268
2016	16	ald25_54	31	5168
2016	16	ald25_54	32	1706
2016	16	ald25_54	33	6896
2016	16	ald25_54	34	1278
2016	16	ald25_54	35	1037
2016	16	ald25_54	41	2323
2016	16	ald25_54	42	1035
2016	16	ald25_54	43	2459
2016	16	ald25_54	44	320
2016	16	ald25_54	51	3402
2016	16	ald25_54	52	5588
2016	16	ald25_54	53	8585
2016	16	ald25_54	54	638
2016	16	ald25_54	61	472
2016	16	ald25_54	62	409
2016	16	ald25_54	71	4385
2016	16	ald25_54	72	2165
2016	16	ald25_54	73	189
2016	16	ald25_54	74	1506
2016	16	ald25_54	75	519
2016	16	ald25_54	81	3214
2016	16	ald25_54	82	180
2016	16	ald25_54	83	3451
2016	16	ald25_54	91	2600
2016	16	ald25_54	92	36
2016	16	ald25_54	93	1092
2016	16	ald25_54	94	559
2016	16	ald25_54	95	11
2016	16	ald25_54	96	476
2016	16	ald55_66	00	129
2016	16	ald55_66	01	49
2016	16	ald55_66	11	636
2016	16	ald55_66	12	735
2016	16	ald55_66	13	1408
2016	16	ald55_66	14	364
2016	16	ald55_66	21	1003
2016	16	ald55_66	22	1442
2016	16	ald55_66	23	2327
2016	16	ald55_66	24	1826
2016	16	ald55_66	25	318
2016	16	ald55_66	26	491
2016	16	ald55_66	31	1408
2016	16	ald55_66	32	373
2016	16	ald55_66	33	1713
2016	16	ald55_66	34	245
2016	16	ald55_66	35	179
2016	16	ald55_66	41	882
2016	16	ald55_66	42	182
2016	16	ald55_66	43	760
2016	16	ald55_66	44	110
2016	16	ald55_66	51	763
2016	16	ald55_66	52	1003
2016	16	ald55_66	53	2754
2016	16	ald55_66	54	102
2016	16	ald55_66	61	106
2016	16	ald55_66	62	58
2016	16	ald55_66	71	683
2016	16	ald55_66	72	462
2016	16	ald55_66	73	86
2016	16	ald55_66	74	344
2016	16	ald55_66	75	89
2016	16	ald55_66	81	681
2016	16	ald55_66	82	50
2016	16	ald55_66	83	1159
2016	16	ald55_66	91	784
2016	16	ald55_66	92	8
2016	16	ald55_66	93	201
2016	16	ald55_66	94	133
2016	16	ald55_66	96	115
2016	16	ald67_74	00	61
2016	16	ald67_74	11	115
2016	16	ald67_74	12	61
2016	16	ald67_74	13	94
2016	16	ald67_74	14	31
2016	16	ald67_74	21	108
2016	16	ald67_74	22	111
2016	16	ald67_74	23	210
2016	16	ald67_74	24	111
2016	16	ald67_74	25	10
2016	16	ald67_74	26	44
2016	16	ald67_74	31	114
2016	16	ald67_74	32	16
2016	16	ald67_74	33	125
2016	16	ald67_74	34	19
2016	16	ald67_74	35	11
2016	16	ald67_74	41	75
2016	16	ald67_74	42	13
2016	16	ald67_74	43	61
2016	16	ald67_74	44	12
2016	16	ald67_74	51	151
2016	16	ald67_74	52	114
2016	16	ald67_74	53	321
2016	16	ald67_74	54	7
2016	16	ald67_74	61	49
2016	16	ald67_74	62	9
2016	16	ald67_74	71	49
2016	16	ald67_74	72	27
2016	16	ald67_74	73	6
2016	16	ald67_74	74	21
2016	16	ald67_74	75	14
2016	16	ald67_74	81	43
2016	16	ald67_74	83	199
2016	16	ald67_74	91	80
2016	16	ald67_74	93	32
2016	16	ald67_74	94	22
2016	16	ald67_74	96	47
2016	17	ald15_24	00	151
2016	17	ald15_24	01	12
2016	17	ald15_24	02	22
2016	17	ald15_24	03	322
2016	17	ald15_24	11	17
2016	17	ald15_24	14	31
2016	17	ald15_24	21	6
2016	17	ald15_24	22	158
2016	17	ald15_24	23	200
2016	17	ald15_24	24	19
2016	17	ald15_24	25	11
2016	17	ald15_24	26	29
2016	17	ald15_24	31	64
2016	17	ald15_24	32	82
2016	17	ald15_24	33	165
2016	17	ald15_24	34	78
2016	17	ald15_24	35	35
2016	17	ald15_24	41	111
2016	17	ald15_24	42	155
2016	17	ald15_24	43	141
2016	17	ald15_24	44	20
2016	17	ald15_24	51	496
2016	17	ald15_24	52	2001
2016	17	ald15_24	53	1362
2016	17	ald15_24	54	85
2016	17	ald15_24	61	456
2016	17	ald15_24	62	100
2016	17	ald15_24	71	627
2016	17	ald15_24	72	478
2016	17	ald15_24	73	12
2016	17	ald15_24	74	259
2016	17	ald15_24	75	61
2016	17	ald15_24	81	297
2016	17	ald15_24	82	7
2016	17	ald15_24	83	274
2016	17	ald15_24	91	265
2016	17	ald15_24	92	24
2016	17	ald15_24	93	297
2016	17	ald15_24	94	164
2016	17	ald15_24	96	113
2016	17	ald25_54	00	197
2016	17	ald25_54	01	108
2016	17	ald25_54	02	4
2016	17	ald25_54	03	17
2016	17	ald25_54	11	531
2016	17	ald25_54	12	521
2016	17	ald25_54	13	1352
2016	17	ald25_54	14	676
2016	17	ald25_54	21	706
2016	17	ald25_54	22	3169
2016	17	ald25_54	23	3574
2016	17	ald25_54	24	1367
2016	17	ald25_54	25	298
2016	17	ald25_54	26	612
2016	17	ald25_54	31	1656
2016	17	ald25_54	32	732
2016	17	ald25_54	33	1933
2016	17	ald25_54	34	418
2016	17	ald25_54	35	181
2016	17	ald25_54	41	925
2016	17	ald25_54	42	422
2016	17	ald25_54	43	640
2016	17	ald25_54	44	87
2016	17	ald25_54	51	1197
2016	17	ald25_54	52	2462
2016	17	ald25_54	53	4368
2016	17	ald25_54	54	266
2016	17	ald25_54	61	501
2016	17	ald25_54	62	232
2016	17	ald25_54	71	2036
2016	17	ald25_54	72	1379
2016	17	ald25_54	73	62
2016	17	ald25_54	74	651
2016	17	ald25_54	75	315
2016	17	ald25_54	81	1412
2016	17	ald25_54	82	76
2016	17	ald25_54	83	1725
2016	17	ald25_54	91	957
2016	17	ald25_54	92	36
2016	17	ald25_54	93	572
2016	17	ald25_54	94	227
2016	17	ald25_54	96	202
2016	17	ald55_66	00	103
2016	17	ald55_66	01	7
2016	17	ald55_66	11	268
2016	17	ald55_66	12	265
2016	17	ald55_66	13	625
2016	17	ald55_66	14	187
2016	17	ald55_66	21	225
2016	17	ald55_66	22	784
2016	17	ald55_66	23	963
2016	17	ald55_66	24	563
2016	17	ald55_66	25	40
2016	17	ald55_66	26	155
2016	17	ald55_66	31	566
2016	17	ald55_66	32	189
2016	17	ald55_66	33	655
2016	17	ald55_66	34	96
2016	17	ald55_66	35	35
2016	17	ald55_66	41	443
2016	17	ald55_66	42	107
2016	17	ald55_66	43	232
2016	17	ald55_66	44	113
2016	17	ald55_66	51	382
2016	17	ald55_66	52	640
2016	17	ald55_66	53	1702
2016	17	ald55_66	54	60
2016	17	ald55_66	61	154
2016	17	ald55_66	62	70
2016	17	ald55_66	71	382
2016	17	ald55_66	72	356
2016	17	ald55_66	73	30
2016	17	ald55_66	74	146
2016	17	ald55_66	75	55
2016	17	ald55_66	81	410
2016	17	ald55_66	82	25
2016	17	ald55_66	83	666
2016	17	ald55_66	91	390
2016	17	ald55_66	92	6
2016	17	ald55_66	93	111
2016	17	ald55_66	94	73
2016	17	ald55_66	96	75
2016	17	ald67_74	00	75
2016	17	ald67_74	11	41
2016	17	ald67_74	12	24
2016	17	ald67_74	13	38
2016	17	ald67_74	14	18
2016	17	ald67_74	21	23
2016	17	ald67_74	22	62
2016	17	ald67_74	23	58
2016	17	ald67_74	24	40
2016	17	ald67_74	25	4
2016	17	ald67_74	26	20
2016	17	ald67_74	31	38
2016	17	ald67_74	32	14
2016	17	ald67_74	33	51
2016	17	ald67_74	34	13
2016	17	ald67_74	41	43
2016	17	ald67_74	42	14
2016	17	ald67_74	43	17
2016	17	ald67_74	44	16
2016	17	ald67_74	51	77
2016	17	ald67_74	52	81
2016	17	ald67_74	53	220
2016	17	ald67_74	54	6
2016	17	ald67_74	61	63
2016	17	ald67_74	71	32
2016	17	ald67_74	72	22
2016	17	ald67_74	74	7
2016	17	ald67_74	75	5
2016	17	ald67_74	81	10
2016	17	ald67_74	83	159
2016	17	ald67_74	91	60
2016	17	ald67_74	93	16
2016	17	ald67_74	94	20
2016	17	ald67_74	96	40
2016	18	ald15_24	00	124
2016	18	ald15_24	01	31
2016	18	ald15_24	02	63
2016	18	ald15_24	03	453
2016	18	ald15_24	11	14
2016	18	ald15_24	13	5
2016	18	ald15_24	14	47
2016	18	ald15_24	21	26
2016	18	ald15_24	22	223
2016	18	ald15_24	23	356
2016	18	ald15_24	24	49
2016	18	ald15_24	25	28
2016	18	ald15_24	26	66
2016	18	ald15_24	31	148
2016	18	ald15_24	32	126
2016	18	ald15_24	33	235
2016	18	ald15_24	34	138
2016	18	ald15_24	35	52
2016	18	ald15_24	41	193
2016	18	ald15_24	42	265
2016	18	ald15_24	43	265
2016	18	ald15_24	44	42
2016	18	ald15_24	51	1001
2016	18	ald15_24	52	3949
2016	18	ald15_24	53	2608
2016	18	ald15_24	54	151
2016	18	ald15_24	61	235
2016	18	ald15_24	62	254
2016	18	ald15_24	71	696
2016	18	ald15_24	72	722
2016	18	ald15_24	73	12
2016	18	ald15_24	74	685
2016	18	ald15_24	75	55
2016	18	ald15_24	81	608
2016	18	ald15_24	82	5
2016	18	ald15_24	83	492
2016	18	ald15_24	91	424
2016	18	ald15_24	92	27
2016	18	ald15_24	93	550
2016	18	ald15_24	94	299
2016	18	ald15_24	96	124
2016	18	ald25_54	00	436
2016	18	ald25_54	01	669
2016	18	ald25_54	02	14
2016	18	ald25_54	03	50
2016	18	ald25_54	11	1043
2016	18	ald25_54	12	1084
2016	18	ald25_54	13	2531
2016	18	ald25_54	14	1326
2016	18	ald25_54	21	1063
2016	18	ald25_54	22	5080
2016	18	ald25_54	23	5869
2016	18	ald25_54	24	3145
2016	18	ald25_54	25	545
2016	18	ald25_54	26	1415
2016	18	ald25_54	31	3134
2016	18	ald25_54	32	1338
2016	18	ald25_54	33	3463
2016	18	ald25_54	34	752
2016	18	ald25_54	35	386
2016	18	ald25_54	41	1615
2016	18	ald25_54	42	751
2016	18	ald25_54	43	1719
2016	18	ald25_54	44	258
2016	18	ald25_54	51	2062
2016	18	ald25_54	52	4128
2016	18	ald25_54	53	8297
2016	18	ald25_54	54	648
2016	18	ald25_54	61	330
2016	18	ald25_54	62	589
2016	18	ald25_54	71	2618
2016	18	ald25_54	72	2211
2016	18	ald25_54	73	90
2016	18	ald25_54	74	1244
2016	18	ald25_54	75	328
2016	18	ald25_54	81	3080
2016	18	ald25_54	82	87
2016	18	ald25_54	83	2941
2016	18	ald25_54	91	1934
2016	18	ald25_54	92	45
2016	18	ald25_54	93	1252
2016	18	ald25_54	94	375
2016	18	ald25_54	96	437
2016	18	ald55_66	00	186
2016	18	ald55_66	01	86
2016	18	ald55_66	03	12
2016	18	ald55_66	11	530
2016	18	ald55_66	12	527
2016	18	ald55_66	13	1204
2016	18	ald55_66	14	351
2016	18	ald55_66	21	374
2016	18	ald55_66	22	1165
2016	18	ald55_66	23	1862
2016	18	ald55_66	24	1261
2016	18	ald55_66	25	84
2016	18	ald55_66	26	428
2016	18	ald55_66	31	1208
2016	18	ald55_66	32	315
2016	18	ald55_66	33	1203
2016	18	ald55_66	34	219
2016	18	ald55_66	35	81
2016	18	ald55_66	41	742
2016	18	ald55_66	42	149
2016	18	ald55_66	43	502
2016	18	ald55_66	44	195
2016	18	ald55_66	51	603
2016	18	ald55_66	52	883
2016	18	ald55_66	53	3075
2016	18	ald55_66	54	134
2016	18	ald55_66	61	76
2016	18	ald55_66	62	108
2016	18	ald55_66	71	487
2016	18	ald55_66	72	525
2016	18	ald55_66	73	28
2016	18	ald55_66	74	285
2016	18	ald55_66	75	79
2016	18	ald55_66	81	720
2016	18	ald55_66	82	7
2016	18	ald55_66	83	985
2016	18	ald55_66	91	626
2016	18	ald55_66	92	25
2016	18	ald55_66	93	273
2016	18	ald55_66	94	126
2016	18	ald55_66	96	124
2016	18	ald67_74	00	119
2016	18	ald67_74	03	17
2016	18	ald67_74	11	69
2016	18	ald67_74	12	34
2016	18	ald67_74	13	69
2016	18	ald67_74	14	36
2016	18	ald67_74	21	38
2016	18	ald67_74	22	87
2016	18	ald67_74	23	128
2016	18	ald67_74	24	72
2016	18	ald67_74	25	5
2016	18	ald67_74	26	31
2016	18	ald67_74	31	119
2016	18	ald67_74	32	22
2016	18	ald67_74	33	79
2016	18	ald67_74	34	23
2016	18	ald67_74	41	75
2016	18	ald67_74	42	16
2016	18	ald67_74	43	50
2016	18	ald67_74	44	13
2016	18	ald67_74	51	117
2016	18	ald67_74	52	145
2016	18	ald67_74	53	541
2016	18	ald67_74	54	9
2016	18	ald67_74	61	32
2016	18	ald67_74	62	10
2016	18	ald67_74	71	36
2016	18	ald67_74	72	32
2016	18	ald67_74	73	6
2016	18	ald67_74	74	11
2016	18	ald67_74	75	16
2016	18	ald67_74	81	34
2016	18	ald67_74	83	206
2016	18	ald67_74	91	77
2016	18	ald67_74	92	5
2016	18	ald67_74	93	35
2016	18	ald67_74	94	14
2016	18	ald67_74	96	30
2016	19	ald15_24	00	77
2016	19	ald15_24	01	109
2016	19	ald15_24	02	128
2016	19	ald15_24	03	482
2016	19	ald15_24	11	22
2016	19	ald15_24	12	6
2016	19	ald15_24	13	10
2016	19	ald15_24	14	55
2016	19	ald15_24	21	5
2016	19	ald15_24	22	178
2016	19	ald15_24	23	249
2016	19	ald15_24	24	57
2016	19	ald15_24	25	15
2016	19	ald15_24	26	38
2016	19	ald15_24	31	81
2016	19	ald15_24	32	96
2016	19	ald15_24	33	157
2016	19	ald15_24	34	113
2016	19	ald15_24	35	67
2016	19	ald15_24	41	141
2016	19	ald15_24	42	231
2016	19	ald15_24	43	247
2016	19	ald15_24	44	32
2016	19	ald15_24	51	829
2016	19	ald15_24	52	3061
2016	19	ald15_24	53	2001
2016	19	ald15_24	54	143
2016	19	ald15_24	61	108
2016	19	ald15_24	62	143
2016	19	ald15_24	71	412
2016	19	ald15_24	72	460
2016	19	ald15_24	73	6
2016	19	ald15_24	74	448
2016	19	ald15_24	75	52
2016	19	ald15_24	81	267
2016	19	ald15_24	83	341
2016	19	ald15_24	91	359
2016	19	ald15_24	92	29
2016	19	ald15_24	93	284
2016	19	ald15_24	94	286
2016	19	ald15_24	96	110
2016	19	ald25_54	00	321
2016	19	ald25_54	01	984
2016	19	ald25_54	02	36
2016	19	ald25_54	03	105
2016	19	ald25_54	11	911
2016	19	ald25_54	12	793
2016	19	ald25_54	13	1772
2016	19	ald25_54	14	951
2016	19	ald25_54	21	1353
2016	19	ald25_54	22	4254
2016	19	ald25_54	23	5120
2016	19	ald25_54	24	2856
2016	19	ald25_54	25	526
2016	19	ald25_54	26	1308
2016	19	ald25_54	31	2081
2016	19	ald25_54	32	1207
2016	19	ald25_54	33	2594
2016	19	ald25_54	34	669
2016	19	ald25_54	35	370
2016	19	ald25_54	41	973
2016	19	ald25_54	42	552
2016	19	ald25_54	43	1065
2016	19	ald25_54	44	112
2016	19	ald25_54	51	1601
2016	19	ald25_54	52	2858
2016	19	ald25_54	53	5607
2016	19	ald25_54	54	388
2016	19	ald25_54	61	150
2016	19	ald25_54	62	349
2016	19	ald25_54	71	1762
2016	19	ald25_54	72	1177
2016	19	ald25_54	73	73
2016	19	ald25_54	74	726
2016	19	ald25_54	75	232
2016	19	ald25_54	81	1275
2016	19	ald25_54	82	15
2016	19	ald25_54	83	1927
2016	19	ald25_54	91	1320
2016	19	ald25_54	92	24
2016	19	ald25_54	93	697
2016	19	ald25_54	94	341
2016	19	ald25_54	95	6
2016	19	ald25_54	96	344
2016	19	ald55_66	00	105
2016	19	ald55_66	01	66
2016	19	ald55_66	11	416
2016	19	ald55_66	12	311
2016	19	ald55_66	13	791
2016	19	ald55_66	14	219
2016	19	ald55_66	21	320
2016	19	ald55_66	22	910
2016	19	ald55_66	23	1402
2016	19	ald55_66	24	954
2016	19	ald55_66	25	77
2016	19	ald55_66	26	282
2016	19	ald55_66	31	645
2016	19	ald55_66	32	304
2016	19	ald55_66	33	848
2016	19	ald55_66	34	133
2016	19	ald55_66	35	73
2016	19	ald55_66	41	466
2016	19	ald55_66	42	135
2016	19	ald55_66	43	299
2016	19	ald55_66	44	106
2016	19	ald55_66	51	424
2016	19	ald55_66	52	515
2016	19	ald55_66	53	1864
2016	19	ald55_66	54	62
2016	19	ald55_66	61	29
2016	19	ald55_66	62	56
2016	19	ald55_66	71	253
2016	19	ald55_66	72	270
2016	19	ald55_66	73	15
2016	19	ald55_66	74	164
2016	19	ald55_66	75	32
2016	19	ald55_66	81	253
2016	19	ald55_66	83	689
2016	19	ald55_66	91	398
2016	19	ald55_66	92	14
2016	19	ald55_66	93	116
2016	19	ald55_66	94	91
2016	19	ald55_66	96	113
2016	19	ald67_74	00	51
2016	19	ald67_74	11	59
2016	19	ald67_74	12	32
2016	19	ald67_74	13	59
2016	19	ald67_74	14	30
2016	19	ald67_74	21	34
2016	19	ald67_74	22	84
2016	19	ald67_74	23	122
2016	19	ald67_74	24	76
2016	19	ald67_74	26	36
2016	19	ald67_74	31	71
2016	19	ald67_74	32	20
2016	19	ald67_74	33	69
2016	19	ald67_74	34	15
2016	19	ald67_74	35	4
2016	19	ald67_74	41	51
2016	19	ald67_74	42	19
2016	19	ald67_74	43	17
2016	19	ald67_74	44	5
2016	19	ald67_74	51	99
2016	19	ald67_74	52	86
2016	19	ald67_74	53	413
2016	19	ald67_74	54	10
2016	19	ald67_74	61	20
2016	19	ald67_74	62	8
2016	19	ald67_74	71	20
2016	19	ald67_74	72	24
2016	19	ald67_74	74	9
2016	19	ald67_74	75	7
2016	19	ald67_74	81	37
2016	19	ald67_74	83	132
2016	19	ald67_74	91	64
2016	19	ald67_74	93	30
2016	19	ald67_74	94	36
2016	19	ald67_74	96	26
2016	20	ald15_24	00	36
2016	20	ald15_24	01	21
2016	20	ald15_24	02	37
2016	20	ald15_24	03	137
2016	20	ald15_24	11	5
2016	20	ald15_24	13	5
2016	20	ald15_24	14	31
2016	20	ald15_24	21	4
2016	20	ald15_24	22	75
2016	20	ald15_24	23	100
2016	20	ald15_24	24	22
2016	20	ald15_24	26	28
2016	20	ald15_24	31	42
2016	20	ald15_24	32	44
2016	20	ald15_24	33	63
2016	20	ald15_24	34	35
2016	20	ald15_24	35	22
2016	20	ald15_24	41	78
2016	20	ald15_24	42	117
2016	20	ald15_24	43	60
2016	20	ald15_24	44	12
2016	20	ald15_24	51	340
2016	20	ald15_24	52	1259
2016	20	ald15_24	53	846
2016	20	ald15_24	54	77
2016	20	ald15_24	61	47
2016	20	ald15_24	62	106
2016	20	ald15_24	71	256
2016	20	ald15_24	72	230
2016	20	ald15_24	73	10
2016	20	ald15_24	74	227
2016	20	ald15_24	75	26
2016	20	ald15_24	81	238
2016	20	ald15_24	83	186
2016	20	ald15_24	91	199
2016	20	ald15_24	92	8
2016	20	ald15_24	93	210
2016	20	ald15_24	94	86
2016	20	ald15_24	96	68
2016	20	ald25_54	00	95
2016	20	ald25_54	01	126
2016	20	ald25_54	02	5
2016	20	ald25_54	03	71
2016	20	ald25_54	11	413
2016	20	ald25_54	12	355
2016	20	ald25_54	13	853
2016	20	ald25_54	14	457
2016	20	ald25_54	21	406
2016	20	ald25_54	22	1475
2016	20	ald25_54	23	2155
2016	20	ald25_54	24	1249
2016	20	ald25_54	25	106
2016	20	ald25_54	26	627
2016	20	ald25_54	31	879
2016	20	ald25_54	32	398
2016	20	ald25_54	33	1020
2016	20	ald25_54	34	272
2016	20	ald25_54	35	113
2016	20	ald25_54	41	601
2016	20	ald25_54	42	278
2016	20	ald25_54	43	474
2016	20	ald25_54	44	72
2016	20	ald25_54	51	727
2016	20	ald25_54	52	1195
2016	20	ald25_54	53	2720
2016	20	ald25_54	54	323
2016	20	ald25_54	61	81
2016	20	ald25_54	62	336
2016	20	ald25_54	71	734
2016	20	ald25_54	72	486
2016	20	ald25_54	73	28
2016	20	ald25_54	74	356
2016	20	ald25_54	75	118
2016	20	ald25_54	81	920
2016	20	ald25_54	82	9
2016	20	ald25_54	83	875
2016	20	ald25_54	91	726
2016	20	ald25_54	92	16
2016	20	ald25_54	93	388
2016	20	ald25_54	94	98
2016	20	ald25_54	96	147
2016	20	ald55_66	00	46
2016	20	ald55_66	01	13
2016	20	ald55_66	03	8
2016	20	ald55_66	11	159
2016	20	ald55_66	12	148
2016	20	ald55_66	13	301
2016	20	ald55_66	14	111
2016	20	ald55_66	21	91
2016	20	ald55_66	22	330
2016	20	ald55_66	23	670
2016	20	ald55_66	24	428
2016	20	ald55_66	25	15
2016	20	ald55_66	26	146
2016	20	ald55_66	31	254
2016	20	ald55_66	32	95
2016	20	ald55_66	33	262
2016	20	ald55_66	34	59
2016	20	ald55_66	35	22
2016	20	ald55_66	41	198
2016	20	ald55_66	42	61
2016	20	ald55_66	43	143
2016	20	ald55_66	44	41
2016	20	ald55_66	51	210
2016	20	ald55_66	52	194
2016	20	ald55_66	53	816
2016	20	ald55_66	54	56
2016	20	ald55_66	61	17
2016	20	ald55_66	62	47
2016	20	ald55_66	71	130
2016	20	ald55_66	72	78
2016	20	ald55_66	73	20
2016	20	ald55_66	74	57
2016	20	ald55_66	75	15
2016	20	ald55_66	81	201
2016	20	ald55_66	83	268
2016	20	ald55_66	91	229
2016	20	ald55_66	92	5
2016	20	ald55_66	93	58
2016	20	ald55_66	94	24
2016	20	ald55_66	96	40
2016	20	ald67_74	00	35
2016	20	ald67_74	11	19
2016	20	ald67_74	12	14
2016	20	ald67_74	13	23
2016	20	ald67_74	14	8
2016	20	ald67_74	21	9
2016	20	ald67_74	22	27
2016	20	ald67_74	23	44
2016	20	ald67_74	24	22
2016	20	ald67_74	26	13
2016	20	ald67_74	31	21
2016	20	ald67_74	32	4
2016	20	ald67_74	33	15
2016	20	ald67_74	34	5
2016	20	ald67_74	41	24
2016	20	ald67_74	43	8
2016	20	ald67_74	44	5
2016	20	ald67_74	51	33
2016	20	ald67_74	52	51
2016	20	ald67_74	53	152
2016	20	ald67_74	61	8
2016	20	ald67_74	62	5
2016	20	ald67_74	71	13
2016	20	ald67_74	72	6
2016	20	ald67_74	74	9
2016	20	ald67_74	81	24
2016	20	ald67_74	83	61
2016	20	ald67_74	91	46
2016	20	ald67_74	93	18
2016	20	ald67_74	94	13
2016	20	ald67_74	96	14
