STATISTIKKAAR	ARBEIDSFYLKE	ALDERSGRUPPE	YRKE_2	antall
2016	01	ald15_24	00	105
2016	01	ald15_24	01	33
2016	01	ald15_24	02	38
2016	01	ald15_24	03	506
2016	01	ald15_24	11	17
2016	01	ald15_24	12	11
2016	01	ald15_24	13	8
2016	01	ald15_24	14	46
2016	01	ald15_24	21	31
2016	01	ald15_24	22	239
2016	01	ald15_24	23	241
2016	01	ald15_24	24	37
2016	01	ald15_24	25	21
2016	01	ald15_24	26	63
2016	01	ald15_24	31	83
2016	01	ald15_24	32	114
2016	01	ald15_24	33	294
2016	01	ald15_24	34	295
2016	01	ald15_24	35	59
2016	01	ald15_24	41	275
2016	01	ald15_24	42	214
2016	01	ald15_24	43	282
2016	01	ald15_24	44	43
2016	01	ald15_24	51	659
2016	01	ald15_24	52	3700
2016	01	ald15_24	53	2325
2016	01	ald15_24	54	99
2016	01	ald15_24	61	166
2016	01	ald15_24	62	6
2016	01	ald15_24	71	723
2016	01	ald15_24	72	523
2016	01	ald15_24	73	22
2016	01	ald15_24	74	477
2016	01	ald15_24	75	41
2016	01	ald15_24	81	553
2016	01	ald15_24	82	25
2016	01	ald15_24	83	226
2016	01	ald15_24	91	419
2016	01	ald15_24	92	60
2016	01	ald15_24	93	458
2016	01	ald15_24	94	363
2016	01	ald15_24	96	105
2016	01	ald25_54	00	262
2016	01	ald25_54	01	394
2016	01	ald25_54	02	6
2016	01	ald25_54	03	35
2016	01	ald25_54	11	1154
2016	01	ald25_54	12	1163
2016	01	ald25_54	13	2308
2016	01	ald25_54	14	1263
2016	01	ald25_54	21	1370
2016	01	ald25_54	22	5042
2016	01	ald25_54	23	5908
2016	01	ald25_54	24	2378
2016	01	ald25_54	25	794
2016	01	ald25_54	26	1412
2016	01	ald25_54	31	2612
2016	01	ald25_54	32	1230
2016	01	ald25_54	33	4843
2016	01	ald25_54	34	995
2016	01	ald25_54	35	459
2016	01	ald25_54	41	1963
2016	01	ald25_54	42	726
2016	01	ald25_54	43	2028
2016	01	ald25_54	44	167
2016	01	ald25_54	51	1900
2016	01	ald25_54	52	4623
2016	01	ald25_54	53	8857
2016	01	ald25_54	54	692
2016	01	ald25_54	61	342
2016	01	ald25_54	62	22
2016	01	ald25_54	71	3591
2016	01	ald25_54	72	2143
2016	01	ald25_54	73	204
2016	01	ald25_54	74	1046
2016	01	ald25_54	75	314
2016	01	ald25_54	81	3186
2016	01	ald25_54	82	480
2016	01	ald25_54	83	2326
2016	01	ald25_54	91	1818
2016	01	ald25_54	92	70
2016	01	ald25_54	93	915
2016	01	ald25_54	94	406
2016	01	ald25_54	95	15
2016	01	ald25_54	96	344
2016	01	ald55_66	00	146
2016	01	ald55_66	01	50
2016	01	ald55_66	11	539
2016	01	ald55_66	12	472
2016	01	ald55_66	13	992
2016	01	ald55_66	14	301
2016	01	ald55_66	21	267
2016	01	ald55_66	22	1113
2016	01	ald55_66	23	1560
2016	01	ald55_66	24	879
2016	01	ald55_66	25	93
2016	01	ald55_66	26	350
2016	01	ald55_66	31	795
2016	01	ald55_66	32	329
2016	01	ald55_66	33	1407
2016	01	ald55_66	34	166
2016	01	ald55_66	35	93
2016	01	ald55_66	41	762
2016	01	ald55_66	42	179
2016	01	ald55_66	43	734
2016	01	ald55_66	44	109
2016	01	ald55_66	51	483
2016	01	ald55_66	52	1020
2016	01	ald55_66	53	2700
2016	01	ald55_66	54	92
2016	01	ald55_66	61	82
2016	01	ald55_66	62	6
2016	01	ald55_66	71	524
2016	01	ald55_66	72	547
2016	01	ald55_66	73	65
2016	01	ald55_66	74	245
2016	01	ald55_66	75	54
2016	01	ald55_66	81	895
2016	01	ald55_66	82	84
2016	01	ald55_66	83	898
2016	01	ald55_66	91	600
2016	01	ald55_66	92	16
2016	01	ald55_66	93	174
2016	01	ald55_66	94	108
2016	01	ald55_66	96	71
2016	01	ald67_74	00	112
2016	01	ald67_74	11	102
2016	01	ald67_74	12	51
2016	01	ald67_74	13	70
2016	01	ald67_74	14	30
2016	01	ald67_74	21	35
2016	01	ald67_74	22	101
2016	01	ald67_74	23	119
2016	01	ald67_74	24	75
2016	01	ald67_74	25	9
2016	01	ald67_74	26	43
2016	01	ald67_74	31	62
2016	01	ald67_74	32	20
2016	01	ald67_74	33	133
2016	01	ald67_74	34	26
2016	01	ald67_74	35	9
2016	01	ald67_74	41	111
2016	01	ald67_74	42	19
2016	01	ald67_74	43	91
2016	01	ald67_74	44	8
2016	01	ald67_74	51	144
2016	01	ald67_74	52	159
2016	01	ald67_74	53	326
2016	01	ald67_74	54	5
2016	01	ald67_74	61	36
2016	01	ald67_74	71	38
2016	01	ald67_74	72	49
2016	01	ald67_74	73	5
2016	01	ald67_74	74	6
2016	01	ald67_74	75	4
2016	01	ald67_74	81	44
2016	01	ald67_74	83	162
2016	01	ald67_74	91	70
2016	01	ald67_74	92	7
2016	01	ald67_74	93	33
2016	01	ald67_74	94	21
2016	01	ald67_74	96	24
2016	02	ald15_24	00	211
2016	02	ald15_24	01	46
2016	02	ald15_24	02	101
2016	02	ald15_24	03	1364
2016	02	ald15_24	11	30
2016	02	ald15_24	12	22
2016	02	ald15_24	13	14
2016	02	ald15_24	14	167
2016	02	ald15_24	21	65
2016	02	ald15_24	22	389
2016	02	ald15_24	23	632
2016	02	ald15_24	24	362
2016	02	ald15_24	25	115
2016	02	ald15_24	26	69
2016	02	ald15_24	31	189
2016	02	ald15_24	32	146
2016	02	ald15_24	33	807
2016	02	ald15_24	34	983
2016	02	ald15_24	35	198
2016	02	ald15_24	41	637
2016	02	ald15_24	42	559
2016	02	ald15_24	43	1168
2016	02	ald15_24	44	40
2016	02	ald15_24	51	1780
2016	02	ald15_24	52	10159
2016	02	ald15_24	53	4898
2016	02	ald15_24	54	561
2016	02	ald15_24	61	222
2016	02	ald15_24	62	10
2016	02	ald15_24	71	1135
2016	02	ald15_24	72	813
2016	02	ald15_24	73	43
2016	02	ald15_24	74	927
2016	02	ald15_24	75	103
2016	02	ald15_24	81	293
2016	02	ald15_24	82	22
2016	02	ald15_24	83	386
2016	02	ald15_24	91	803
2016	02	ald15_24	92	119
2016	02	ald15_24	93	788
2016	02	ald15_24	94	696
2016	02	ald15_24	96	170
2016	02	ald25_54	00	919
2016	02	ald25_54	01	1029
2016	02	ald25_54	02	30
2016	02	ald25_54	03	82
2016	02	ald25_54	11	3234
2016	02	ald25_54	12	5131
2016	02	ald25_54	13	6400
2016	02	ald25_54	14	3201
2016	02	ald25_54	21	6723
2016	02	ald25_54	22	9044
2016	02	ald25_54	23	12651
2016	02	ald25_54	24	8631
2016	02	ald25_54	25	5133
2016	02	ald25_54	26	2821
2016	02	ald25_54	31	9005
2016	02	ald25_54	32	2286
2016	02	ald25_54	33	15064
2016	02	ald25_54	34	2288
2016	02	ald25_54	35	1871
2016	02	ald25_54	41	4500
2016	02	ald25_54	42	1883
2016	02	ald25_54	43	8838
2016	02	ald25_54	44	321
2016	02	ald25_54	51	5628
2016	02	ald25_54	52	9634
2016	02	ald25_54	53	16899
2016	02	ald25_54	54	1836
2016	02	ald25_54	61	535
2016	02	ald25_54	62	15
2016	02	ald25_54	71	5602
2016	02	ald25_54	72	3129
2016	02	ald25_54	73	331
2016	02	ald25_54	74	2014
2016	02	ald25_54	75	586
2016	02	ald25_54	81	1807
2016	02	ald25_54	82	195
2016	02	ald25_54	83	4623
2016	02	ald25_54	91	3756
2016	02	ald25_54	92	113
2016	02	ald25_54	93	2055
2016	02	ald25_54	94	1109
2016	02	ald25_54	95	12
2016	02	ald25_54	96	766
2016	02	ald55_66	00	170
2016	02	ald55_66	01	124
2016	02	ald55_66	03	5
2016	02	ald55_66	11	1372
2016	02	ald55_66	12	1577
2016	02	ald55_66	13	2613
2016	02	ald55_66	14	670
2016	02	ald55_66	21	1783
2016	02	ald55_66	22	2217
2016	02	ald55_66	23	3334
2016	02	ald55_66	24	2366
2016	02	ald55_66	25	941
2016	02	ald55_66	26	622
2016	02	ald55_66	31	2242
2016	02	ald55_66	32	659
2016	02	ald55_66	33	3524
2016	02	ald55_66	34	439
2016	02	ald55_66	35	373
2016	02	ald55_66	41	1530
2016	02	ald55_66	42	337
2016	02	ald55_66	43	2073
2016	02	ald55_66	44	115
2016	02	ald55_66	51	1159
2016	02	ald55_66	52	1574
2016	02	ald55_66	53	4681
2016	02	ald55_66	54	231
2016	02	ald55_66	61	121
2016	02	ald55_66	62	9
2016	02	ald55_66	71	701
2016	02	ald55_66	72	665
2016	02	ald55_66	73	113
2016	02	ald55_66	74	330
2016	02	ald55_66	75	120
2016	02	ald55_66	81	559
2016	02	ald55_66	82	50
2016	02	ald55_66	83	1472
2016	02	ald55_66	91	730
2016	02	ald55_66	92	18
2016	02	ald55_66	93	273
2016	02	ald55_66	94	179
2016	02	ald55_66	95	5
2016	02	ald55_66	96	145
2016	02	ald67_74	00	98
2016	02	ald67_74	03	5
2016	02	ald67_74	11	202
2016	02	ald67_74	12	108
2016	02	ald67_74	13	162
2016	02	ald67_74	14	78
2016	02	ald67_74	21	178
2016	02	ald67_74	22	197
2016	02	ald67_74	23	257
2016	02	ald67_74	24	160
2016	02	ald67_74	25	22
2016	02	ald67_74	26	68
2016	02	ald67_74	31	174
2016	02	ald67_74	32	40
2016	02	ald67_74	33	277
2016	02	ald67_74	34	42
2016	02	ald67_74	35	28
2016	02	ald67_74	41	233
2016	02	ald67_74	42	31
2016	02	ald67_74	43	172
2016	02	ald67_74	51	198
2016	02	ald67_74	52	228
2016	02	ald67_74	53	617
2016	02	ald67_74	54	45
2016	02	ald67_74	61	40
2016	02	ald67_74	71	37
2016	02	ald67_74	72	60
2016	02	ald67_74	73	13
2016	02	ald67_74	74	25
2016	02	ald67_74	75	10
2016	02	ald67_74	81	41
2016	02	ald67_74	82	5
2016	02	ald67_74	83	286
2016	02	ald67_74	91	80
2016	02	ald67_74	92	4
2016	02	ald67_74	93	33
2016	02	ald67_74	94	32
2016	02	ald67_74	96	57
2016	03	ald15_24	00	563
2016	03	ald15_24	01	94
2016	03	ald15_24	02	80
2016	03	ald15_24	03	774
2016	03	ald15_24	11	145
2016	03	ald15_24	12	60
2016	03	ald15_24	13	37
2016	03	ald15_24	14	232
2016	03	ald15_24	21	218
2016	03	ald15_24	22	783
2016	03	ald15_24	23	1350
2016	03	ald15_24	24	1033
2016	03	ald15_24	25	430
2016	03	ald15_24	26	588
2016	03	ald15_24	31	336
2016	03	ald15_24	32	397
2016	03	ald15_24	33	2602
2016	03	ald15_24	34	1108
2016	03	ald15_24	35	567
2016	03	ald15_24	41	2001
2016	03	ald15_24	42	1602
2016	03	ald15_24	43	1095
2016	03	ald15_24	44	86
2016	03	ald15_24	51	3499
2016	03	ald15_24	52	12067
2016	03	ald15_24	53	5759
2016	03	ald15_24	54	905
2016	03	ald15_24	61	36
2016	03	ald15_24	62	8
2016	03	ald15_24	71	1045
2016	03	ald15_24	72	587
2016	03	ald15_24	73	62
2016	03	ald15_24	74	1322
2016	03	ald15_24	75	207
2016	03	ald15_24	81	205
2016	03	ald15_24	82	8
2016	03	ald15_24	83	562
2016	03	ald15_24	91	819
2016	03	ald15_24	92	39
2016	03	ald15_24	93	444
2016	03	ald15_24	94	892
2016	03	ald15_24	95	10
2016	03	ald15_24	96	411
2016	03	ald25_54	00	1697
2016	03	ald25_54	01	971
2016	03	ald25_54	02	25
2016	03	ald25_54	03	139
2016	03	ald25_54	11	6861
2016	03	ald25_54	12	12723
2016	03	ald25_54	13	10159
2016	03	ald25_54	14	4567
2016	03	ald25_54	21	13851
2016	03	ald25_54	22	14964
2016	03	ald25_54	23	17154
2016	03	ald25_54	24	39176
2016	03	ald25_54	25	14788
2016	03	ald25_54	26	13826
2016	03	ald25_54	31	11089
2016	03	ald25_54	32	4288
2016	03	ald25_54	33	34719
2016	03	ald25_54	34	4512
2016	03	ald25_54	35	6132
2016	03	ald25_54	41	9338
2016	03	ald25_54	42	4894
2016	03	ald25_54	43	9044
2016	03	ald25_54	44	670
2016	03	ald25_54	51	10899
2016	03	ald25_54	52	13368
2016	03	ald25_54	53	17440
2016	03	ald25_54	54	2893
2016	03	ald25_54	61	197
2016	03	ald25_54	62	32
2016	03	ald25_54	71	8097
2016	03	ald25_54	72	2508
2016	03	ald25_54	73	648
2016	03	ald25_54	74	3195
2016	03	ald25_54	75	1044
2016	03	ald25_54	81	1609
2016	03	ald25_54	82	109
2016	03	ald25_54	83	6418
2016	03	ald25_54	91	6669
2016	03	ald25_54	92	34
2016	03	ald25_54	93	1945
2016	03	ald25_54	94	2701
2016	03	ald25_54	95	60
2016	03	ald25_54	96	1019
2016	03	ald55_66	00	350
2016	03	ald55_66	01	52
2016	03	ald55_66	03	15
2016	03	ald55_66	11	2779
2016	03	ald55_66	12	3927
2016	03	ald55_66	13	3648
2016	03	ald55_66	14	792
2016	03	ald55_66	21	2743
2016	03	ald55_66	22	3277
2016	03	ald55_66	23	3914
2016	03	ald55_66	24	9081
2016	03	ald55_66	25	1967
2016	03	ald55_66	26	2434
2016	03	ald55_66	31	2719
2016	03	ald55_66	32	1071
2016	03	ald55_66	33	7311
2016	03	ald55_66	34	749
2016	03	ald55_66	35	839
2016	03	ald55_66	41	2472
2016	03	ald55_66	42	959
2016	03	ald55_66	43	2063
2016	03	ald55_66	44	243
2016	03	ald55_66	51	1633
2016	03	ald55_66	52	1329
2016	03	ald55_66	53	3287
2016	03	ald55_66	54	322
2016	03	ald55_66	61	50
2016	03	ald55_66	62	7
2016	03	ald55_66	71	1189
2016	03	ald55_66	72	491
2016	03	ald55_66	73	235
2016	03	ald55_66	74	661
2016	03	ald55_66	75	174
2016	03	ald55_66	81	377
2016	03	ald55_66	82	20
2016	03	ald55_66	83	1700
2016	03	ald55_66	91	1068
2016	03	ald55_66	92	4
2016	03	ald55_66	93	258
2016	03	ald55_66	94	350
2016	03	ald55_66	95	4
2016	03	ald55_66	96	215
2016	03	ald67_74	00	380
2016	03	ald67_74	11	351
2016	03	ald67_74	12	232
2016	03	ald67_74	13	252
2016	03	ald67_74	14	95
2016	03	ald67_74	21	369
2016	03	ald67_74	22	330
2016	03	ald67_74	23	480
2016	03	ald67_74	24	669
2016	03	ald67_74	25	55
2016	03	ald67_74	26	274
2016	03	ald67_74	31	249
2016	03	ald67_74	32	91
2016	03	ald67_74	33	497
2016	03	ald67_74	34	83
2016	03	ald67_74	35	33
2016	03	ald67_74	41	318
2016	03	ald67_74	42	89
2016	03	ald67_74	43	186
2016	03	ald67_74	44	10
2016	03	ald67_74	51	231
2016	03	ald67_74	52	224
2016	03	ald67_74	53	282
2016	03	ald67_74	54	25
2016	03	ald67_74	61	4
2016	03	ald67_74	71	54
2016	03	ald67_74	72	44
2016	03	ald67_74	73	22
2016	03	ald67_74	74	41
2016	03	ald67_74	75	16
2016	03	ald67_74	81	21
2016	03	ald67_74	83	288
2016	03	ald67_74	91	74
2016	03	ald67_74	92	7
2016	03	ald67_74	93	24
2016	03	ald67_74	94	25
2016	03	ald67_74	96	93
2016	04	ald15_24	00	71
2016	04	ald15_24	01	16
2016	04	ald15_24	02	36
2016	04	ald15_24	03	395
2016	04	ald15_24	11	11
2016	04	ald15_24	12	6
2016	04	ald15_24	13	4
2016	04	ald15_24	14	37
2016	04	ald15_24	21	13
2016	04	ald15_24	22	192
2016	04	ald15_24	23	130
2016	04	ald15_24	24	39
2016	04	ald15_24	25	19
2016	04	ald15_24	26	37
2016	04	ald15_24	31	59
2016	04	ald15_24	32	99
2016	04	ald15_24	33	166
2016	04	ald15_24	34	127
2016	04	ald15_24	35	40
2016	04	ald15_24	41	126
2016	04	ald15_24	42	155
2016	04	ald15_24	43	165
2016	04	ald15_24	44	21
2016	04	ald15_24	51	542
2016	04	ald15_24	52	2555
2016	04	ald15_24	53	1804
2016	04	ald15_24	54	76
2016	04	ald15_24	61	219
2016	04	ald15_24	62	25
2016	04	ald15_24	71	514
2016	04	ald15_24	72	417
2016	04	ald15_24	73	6
2016	04	ald15_24	74	349
2016	04	ald15_24	75	37
2016	04	ald15_24	81	336
2016	04	ald15_24	82	6
2016	04	ald15_24	83	251
2016	04	ald15_24	91	248
2016	04	ald15_24	92	54
2016	04	ald15_24	93	228
2016	04	ald15_24	94	226
2016	04	ald15_24	96	77
2016	04	ald25_54	00	247
2016	04	ald25_54	01	765
2016	04	ald25_54	02	36
2016	04	ald25_54	03	81
2016	04	ald25_54	11	775
2016	04	ald25_54	12	910
2016	04	ald25_54	13	1685
2016	04	ald25_54	14	1045
2016	04	ald25_54	21	908
2016	04	ald25_54	22	3704
2016	04	ald25_54	23	4003
2016	04	ald25_54	24	2412
2016	04	ald25_54	25	506
2016	04	ald25_54	26	891
2016	04	ald25_54	31	1528
2016	04	ald25_54	32	1008
2016	04	ald25_54	33	2791
2016	04	ald25_54	34	785
2016	04	ald25_54	35	272
2016	04	ald25_54	41	1015
2016	04	ald25_54	42	560
2016	04	ald25_54	43	1068
2016	04	ald25_54	44	122
2016	04	ald25_54	51	1417
2016	04	ald25_54	52	3229
2016	04	ald25_54	53	6225
2016	04	ald25_54	54	348
2016	04	ald25_54	61	413
2016	04	ald25_54	62	72
2016	04	ald25_54	71	2115
2016	04	ald25_54	72	1398
2016	04	ald25_54	73	76
2016	04	ald25_54	74	829
2016	04	ald25_54	75	246
2016	04	ald25_54	81	1983
2016	04	ald25_54	82	58
2016	04	ald25_54	83	2123
2016	04	ald25_54	91	1335
2016	04	ald25_54	92	82
2016	04	ald25_54	93	486
2016	04	ald25_54	94	318
2016	04	ald25_54	95	5
2016	04	ald25_54	96	336
2016	04	ald55_66	00	100
2016	04	ald55_66	01	46
2016	04	ald55_66	11	351
2016	04	ald55_66	12	402
2016	04	ald55_66	13	851
2016	04	ald55_66	14	230
2016	04	ald55_66	21	354
2016	04	ald55_66	22	955
2016	04	ald55_66	23	1244
2016	04	ald55_66	24	987
2016	04	ald55_66	25	108
2016	04	ald55_66	26	246
2016	04	ald55_66	31	581
2016	04	ald55_66	32	297
2016	04	ald55_66	33	1073
2016	04	ald55_66	34	165
2016	04	ald55_66	35	62
2016	04	ald55_66	41	500
2016	04	ald55_66	42	140
2016	04	ald55_66	43	425
2016	04	ald55_66	44	126
2016	04	ald55_66	51	467
2016	04	ald55_66	52	843
2016	04	ald55_66	53	2459
2016	04	ald55_66	54	71
2016	04	ald55_66	61	115
2016	04	ald55_66	62	21
2016	04	ald55_66	71	414
2016	04	ald55_66	72	359
2016	04	ald55_66	73	34
2016	04	ald55_66	74	233
2016	04	ald55_66	75	52
2016	04	ald55_66	81	702
2016	04	ald55_66	82	9
2016	04	ald55_66	83	793
2016	04	ald55_66	91	591
2016	04	ald55_66	92	21
2016	04	ald55_66	93	118
2016	04	ald55_66	94	154
2016	04	ald55_66	96	121
2016	04	ald67_74	00	67
2016	04	ald67_74	11	62
2016	04	ald67_74	12	41
2016	04	ald67_74	13	57
2016	04	ald67_74	14	24
2016	04	ald67_74	21	60
2016	04	ald67_74	22	92
2016	04	ald67_74	23	86
2016	04	ald67_74	24	74
2016	04	ald67_74	26	24
2016	04	ald67_74	31	41
2016	04	ald67_74	32	23
2016	04	ald67_74	33	85
2016	04	ald67_74	34	10
2016	04	ald67_74	41	63
2016	04	ald67_74	42	9
2016	04	ald67_74	43	47
2016	04	ald67_74	44	10
2016	04	ald67_74	51	110
2016	04	ald67_74	52	127
2016	04	ald67_74	53	322
2016	04	ald67_74	61	47
2016	04	ald67_74	62	8
2016	04	ald67_74	71	39
2016	04	ald67_74	72	29
2016	04	ald67_74	73	5
2016	04	ald67_74	74	19
2016	04	ald67_74	75	6
2016	04	ald67_74	81	55
2016	04	ald67_74	83	182
2016	04	ald67_74	91	99
2016	04	ald67_74	92	8
2016	04	ald67_74	93	28
2016	04	ald67_74	94	21
2016	04	ald67_74	96	29
2016	05	ald15_24	00	91
2016	05	ald15_24	01	17
2016	05	ald15_24	02	36
2016	05	ald15_24	03	371
2016	05	ald15_24	11	11
2016	05	ald15_24	12	7
2016	05	ald15_24	14	47
2016	05	ald15_24	21	6
2016	05	ald15_24	22	196
2016	05	ald15_24	23	174
2016	05	ald15_24	24	25
2016	05	ald15_24	25	14
2016	05	ald15_24	26	27
2016	05	ald15_24	31	41
2016	05	ald15_24	32	95
2016	05	ald15_24	33	143
2016	05	ald15_24	34	119
2016	05	ald15_24	35	101
2016	05	ald15_24	41	96
2016	05	ald15_24	42	380
2016	05	ald15_24	43	171
2016	05	ald15_24	44	23
2016	05	ald15_24	51	630
2016	05	ald15_24	52	2836
2016	05	ald15_24	53	1902
2016	05	ald15_24	54	36
2016	05	ald15_24	61	467
2016	05	ald15_24	62	13
2016	05	ald15_24	71	570
2016	05	ald15_24	72	462
2016	05	ald15_24	73	17
2016	05	ald15_24	74	448
2016	05	ald15_24	75	55
2016	05	ald15_24	81	373
2016	05	ald15_24	82	13
2016	05	ald15_24	83	338
2016	05	ald15_24	91	198
2016	05	ald15_24	92	36
2016	05	ald15_24	93	276
2016	05	ald15_24	94	327
2016	05	ald15_24	96	62
2016	05	ald25_54	00	260
2016	05	ald25_54	01	249
2016	05	ald25_54	02	11
2016	05	ald25_54	03	27
2016	05	ald25_54	11	760
2016	05	ald25_54	12	713
2016	05	ald25_54	13	1657
2016	05	ald25_54	14	994
2016	05	ald25_54	21	950
2016	05	ald25_54	22	3741
2016	05	ald25_54	23	4280
2016	05	ald25_54	24	1791
2016	05	ald25_54	25	465
2016	05	ald25_54	26	840
2016	05	ald25_54	31	1565
2016	05	ald25_54	32	904
2016	05	ald25_54	33	2645
2016	05	ald25_54	34	680
2016	05	ald25_54	35	306
2016	05	ald25_54	41	995
2016	05	ald25_54	42	712
2016	05	ald25_54	43	1032
2016	05	ald25_54	44	118
2016	05	ald25_54	51	1657
2016	05	ald25_54	52	3402
2016	05	ald25_54	53	5936
2016	05	ald25_54	54	179
2016	05	ald25_54	61	466
2016	05	ald25_54	62	24
2016	05	ald25_54	71	2294
2016	05	ald25_54	72	1277
2016	05	ald25_54	73	107
2016	05	ald25_54	74	855
2016	05	ald25_54	75	260
2016	05	ald25_54	81	2253
2016	05	ald25_54	82	90
2016	05	ald25_54	83	2454
2016	05	ald25_54	91	1466
2016	05	ald25_54	92	50
2016	05	ald25_54	93	547
2016	05	ald25_54	94	359
2016	05	ald25_54	95	4
2016	05	ald25_54	96	297
2016	05	ald55_66	00	148
2016	05	ald55_66	01	29
2016	05	ald55_66	11	371
2016	05	ald55_66	12	321
2016	05	ald55_66	13	747
2016	05	ald55_66	14	263
2016	05	ald55_66	21	286
2016	05	ald55_66	22	948
2016	05	ald55_66	23	1207
2016	05	ald55_66	24	691
2016	05	ald55_66	25	89
2016	05	ald55_66	26	254
2016	05	ald55_66	31	521
2016	05	ald55_66	32	286
2016	05	ald55_66	33	1005
2016	05	ald55_66	34	164
2016	05	ald55_66	35	53
2016	05	ald55_66	41	508
2016	05	ald55_66	42	150
2016	05	ald55_66	43	404
2016	05	ald55_66	44	131
2016	05	ald55_66	51	610
2016	05	ald55_66	52	883
2016	05	ald55_66	53	2354
2016	05	ald55_66	54	47
2016	05	ald55_66	61	135
2016	05	ald55_66	62	12
2016	05	ald55_66	71	413
2016	05	ald55_66	72	283
2016	05	ald55_66	73	42
2016	05	ald55_66	74	165
2016	05	ald55_66	75	46
2016	05	ald55_66	81	660
2016	05	ald55_66	82	43
2016	05	ald55_66	83	869
2016	05	ald55_66	91	576
2016	05	ald55_66	92	14
2016	05	ald55_66	93	117
2016	05	ald55_66	94	118
2016	05	ald55_66	96	103
2016	05	ald67_74	00	117
2016	05	ald67_74	11	51
2016	05	ald67_74	12	23
2016	05	ald67_74	13	49
2016	05	ald67_74	14	28
2016	05	ald67_74	21	45
2016	05	ald67_74	22	98
2016	05	ald67_74	23	125
2016	05	ald67_74	24	47
2016	05	ald67_74	26	28
2016	05	ald67_74	31	34
2016	05	ald67_74	32	16
2016	05	ald67_74	33	68
2016	05	ald67_74	34	11
2016	05	ald67_74	35	5
2016	05	ald67_74	41	66
2016	05	ald67_74	42	18
2016	05	ald67_74	43	39
2016	05	ald67_74	44	8
2016	05	ald67_74	51	87
2016	05	ald67_74	52	99
2016	05	ald67_74	53	387
2016	05	ald67_74	54	5
2016	05	ald67_74	61	84
2016	05	ald67_74	71	43
2016	05	ald67_74	72	34
2016	05	ald67_74	73	4
2016	05	ald67_74	74	11
2016	05	ald67_74	75	9
2016	05	ald67_74	81	34
2016	05	ald67_74	83	216
2016	05	ald67_74	91	83
2016	05	ald67_74	93	14
2016	05	ald67_74	94	23
2016	05	ald67_74	96	21
2016	06	ald15_24	00	116
2016	06	ald15_24	01	24
2016	06	ald15_24	02	41
2016	06	ald15_24	03	518
2016	06	ald15_24	11	21
2016	06	ald15_24	12	9
2016	06	ald15_24	13	14
2016	06	ald15_24	14	55
2016	06	ald15_24	21	17
2016	06	ald15_24	22	253
2016	06	ald15_24	23	232
2016	06	ald15_24	24	78
2016	06	ald15_24	25	27
2016	06	ald15_24	26	28
2016	06	ald15_24	31	132
2016	06	ald15_24	32	86
2016	06	ald15_24	33	292
2016	06	ald15_24	34	265
2016	06	ald15_24	35	80
2016	06	ald15_24	41	269
2016	06	ald15_24	42	224
2016	06	ald15_24	43	330
2016	06	ald15_24	44	29
2016	06	ald15_24	51	771
2016	06	ald15_24	52	4116
2016	06	ald15_24	53	1944
2016	06	ald15_24	54	114
2016	06	ald15_24	61	123
2016	06	ald15_24	62	7
2016	06	ald15_24	71	744
2016	06	ald15_24	72	562
2016	06	ald15_24	73	30
2016	06	ald15_24	74	731
2016	06	ald15_24	75	73
2016	06	ald15_24	81	229
2016	06	ald15_24	82	22
2016	06	ald15_24	83	348
2016	06	ald15_24	91	329
2016	06	ald15_24	92	37
2016	06	ald15_24	93	541
2016	06	ald15_24	94	429
2016	06	ald15_24	96	70
2016	06	ald25_54	00	450
2016	06	ald25_54	01	213
2016	06	ald25_54	02	8
2016	06	ald25_54	03	35
2016	06	ald25_54	11	1440
2016	06	ald25_54	12	1567
2016	06	ald25_54	13	2800
2016	06	ald25_54	14	1572
2016	06	ald25_54	21	2017
2016	06	ald25_54	22	4744
2016	06	ald25_54	23	5647
2016	06	ald25_54	24	3476
2016	06	ald25_54	25	759
2016	06	ald25_54	26	1224
2016	06	ald25_54	31	5036
2016	06	ald25_54	32	1269
2016	06	ald25_54	33	4806
2016	06	ald25_54	34	987
2016	06	ald25_54	35	562
2016	06	ald25_54	41	2005
2016	06	ald25_54	42	779
2016	06	ald25_54	43	2336
2016	06	ald25_54	44	161
2016	06	ald25_54	51	2167
2016	06	ald25_54	52	4524
2016	06	ald25_54	53	8061
2016	06	ald25_54	54	493
2016	06	ald25_54	61	385
2016	06	ald25_54	62	35
2016	06	ald25_54	71	3735
2016	06	ald25_54	72	2221
2016	06	ald25_54	73	140
2016	06	ald25_54	74	1416
2016	06	ald25_54	75	351
2016	06	ald25_54	81	1868
2016	06	ald25_54	82	440
2016	06	ald25_54	83	3011
2016	06	ald25_54	91	1983
2016	06	ald25_54	92	119
2016	06	ald25_54	93	1315
2016	06	ald25_54	94	556
2016	06	ald25_54	96	334
2016	06	ald55_66	00	162
2016	06	ald55_66	01	39
2016	06	ald55_66	03	4
2016	06	ald55_66	11	629
2016	06	ald55_66	12	589
2016	06	ald55_66	13	1193
2016	06	ald55_66	14	339
2016	06	ald55_66	21	524
2016	06	ald55_66	22	1250
2016	06	ald55_66	23	1525
2016	06	ald55_66	24	1060
2016	06	ald55_66	25	147
2016	06	ald55_66	26	341
2016	06	ald55_66	31	1308
2016	06	ald55_66	32	332
2016	06	ald55_66	33	1516
2016	06	ald55_66	34	193
2016	06	ald55_66	35	104
2016	06	ald55_66	41	786
2016	06	ald55_66	42	173
2016	06	ald55_66	43	703
2016	06	ald55_66	44	107
2016	06	ald55_66	51	538
2016	06	ald55_66	52	988
2016	06	ald55_66	53	2914
2016	06	ald55_66	54	64
2016	06	ald55_66	61	69
2016	06	ald55_66	62	11
2016	06	ald55_66	71	585
2016	06	ald55_66	72	532
2016	06	ald55_66	73	48
2016	06	ald55_66	74	300
2016	06	ald55_66	75	54
2016	06	ald55_66	81	506
2016	06	ald55_66	82	131
2016	06	ald55_66	83	984
2016	06	ald55_66	91	545
2016	06	ald55_66	92	20
2016	06	ald55_66	93	207
2016	06	ald55_66	94	152
2016	06	ald55_66	96	84
2016	06	ald67_74	00	67
2016	06	ald67_74	11	116
2016	06	ald67_74	12	48
2016	06	ald67_74	13	74
2016	06	ald67_74	14	39
2016	06	ald67_74	21	55
2016	06	ald67_74	22	101
2016	06	ald67_74	23	115
2016	06	ald67_74	24	90
2016	06	ald67_74	25	9
2016	06	ald67_74	26	43
2016	06	ald67_74	31	93
2016	06	ald67_74	32	23
2016	06	ald67_74	33	136
2016	06	ald67_74	34	22
2016	06	ald67_74	35	5
2016	06	ald67_74	41	130
2016	06	ald67_74	42	24
2016	06	ald67_74	43	100
2016	06	ald67_74	44	6
2016	06	ald67_74	51	127
2016	06	ald67_74	52	169
2016	06	ald67_74	53	387
2016	06	ald67_74	54	8
2016	06	ald67_74	61	23
2016	06	ald67_74	71	52
2016	06	ald67_74	72	38
2016	06	ald67_74	73	6
2016	06	ald67_74	74	21
2016	06	ald67_74	75	8
2016	06	ald67_74	81	41
2016	06	ald67_74	82	8
2016	06	ald67_74	83	202
2016	06	ald67_74	91	66
2016	06	ald67_74	93	36
2016	06	ald67_74	94	31
2016	06	ald67_74	96	17
2016	07	ald15_24	00	72
2016	07	ald15_24	01	10
2016	07	ald15_24	02	32
2016	07	ald15_24	03	463
2016	07	ald15_24	11	12
2016	07	ald15_24	13	14
2016	07	ald15_24	14	45
2016	07	ald15_24	21	19
2016	07	ald15_24	22	174
2016	07	ald15_24	23	175
2016	07	ald15_24	24	33
2016	07	ald15_24	25	26
2016	07	ald15_24	26	73
2016	07	ald15_24	31	88
2016	07	ald15_24	32	54
2016	07	ald15_24	33	285
2016	07	ald15_24	34	190
2016	07	ald15_24	35	98
2016	07	ald15_24	41	194
2016	07	ald15_24	42	214
2016	07	ald15_24	43	300
2016	07	ald15_24	44	28
2016	07	ald15_24	51	695
2016	07	ald15_24	52	3677
2016	07	ald15_24	53	1808
2016	07	ald15_24	54	122
2016	07	ald15_24	61	138
2016	07	ald15_24	71	573
2016	07	ald15_24	72	429
2016	07	ald15_24	73	21
2016	07	ald15_24	74	364
2016	07	ald15_24	75	76
2016	07	ald15_24	81	349
2016	07	ald15_24	82	32
2016	07	ald15_24	83	231
2016	07	ald15_24	91	424
2016	07	ald15_24	92	76
2016	07	ald15_24	93	425
2016	07	ald15_24	94	304
2016	07	ald15_24	96	126
2016	07	ald25_54	00	238
2016	07	ald25_54	01	223
2016	07	ald25_54	02	14
2016	07	ald25_54	03	33
2016	07	ald25_54	11	1082
2016	07	ald25_54	12	1267
2016	07	ald25_54	13	2137
2016	07	ald25_54	14	1220
2016	07	ald25_54	21	1384
2016	07	ald25_54	22	4128
2016	07	ald25_54	23	5176
2016	07	ald25_54	24	2665
2016	07	ald25_54	25	942
2016	07	ald25_54	26	1169
2016	07	ald25_54	31	3193
2016	07	ald25_54	32	1121
2016	07	ald25_54	33	4301
2016	07	ald25_54	34	915
2016	07	ald25_54	35	532
2016	07	ald25_54	41	1495
2016	07	ald25_54	42	721
2016	07	ald25_54	43	2084
2016	07	ald25_54	44	142
2016	07	ald25_54	51	1873
2016	07	ald25_54	52	3903
2016	07	ald25_54	53	7568
2016	07	ald25_54	54	608
2016	07	ald25_54	61	367
2016	07	ald25_54	62	8
2016	07	ald25_54	71	2989
2016	07	ald25_54	72	1629
2016	07	ald25_54	73	184
2016	07	ald25_54	74	933
2016	07	ald25_54	75	338
2016	07	ald25_54	81	2204
2016	07	ald25_54	82	359
2016	07	ald25_54	83	1676
2016	07	ald25_54	91	1749
2016	07	ald25_54	92	88
2016	07	ald25_54	93	1105
2016	07	ald25_54	94	370
2016	07	ald25_54	96	255
2016	07	ald55_66	00	88
2016	07	ald55_66	01	35
2016	07	ald55_66	03	4
2016	07	ald55_66	11	522
2016	07	ald55_66	12	563
2016	07	ald55_66	13	980
2016	07	ald55_66	14	309
2016	07	ald55_66	21	360
2016	07	ald55_66	22	1163
2016	07	ald55_66	23	1508
2016	07	ald55_66	24	984
2016	07	ald55_66	25	131
2016	07	ald55_66	26	345
2016	07	ald55_66	31	971
2016	07	ald55_66	32	373
2016	07	ald55_66	33	1204
2016	07	ald55_66	34	159
2016	07	ald55_66	35	80
2016	07	ald55_66	41	707
2016	07	ald55_66	42	183
2016	07	ald55_66	43	667
2016	07	ald55_66	44	83
2016	07	ald55_66	51	480
2016	07	ald55_66	52	938
2016	07	ald55_66	53	2809
2016	07	ald55_66	54	120
2016	07	ald55_66	61	94
2016	07	ald55_66	71	522
2016	07	ald55_66	72	395
2016	07	ald55_66	73	54
2016	07	ald55_66	74	255
2016	07	ald55_66	75	70
2016	07	ald55_66	81	541
2016	07	ald55_66	82	81
2016	07	ald55_66	83	620
2016	07	ald55_66	91	544
2016	07	ald55_66	92	22
2016	07	ald55_66	93	159
2016	07	ald55_66	94	93
2016	07	ald55_66	96	57
2016	07	ald67_74	00	78
2016	07	ald67_74	03	7
2016	07	ald67_74	11	70
2016	07	ald67_74	12	50
2016	07	ald67_74	13	74
2016	07	ald67_74	14	28
2016	07	ald67_74	21	44
2016	07	ald67_74	22	95
2016	07	ald67_74	23	98
2016	07	ald67_74	24	75
2016	07	ald67_74	25	6
2016	07	ald67_74	26	33
2016	07	ald67_74	31	67
2016	07	ald67_74	32	16
2016	07	ald67_74	33	102
2016	07	ald67_74	34	20
2016	07	ald67_74	35	6
2016	07	ald67_74	41	93
2016	07	ald67_74	42	14
2016	07	ald67_74	43	63
2016	07	ald67_74	44	5
2016	07	ald67_74	51	101
2016	07	ald67_74	52	152
2016	07	ald67_74	53	331
2016	07	ald67_74	54	16
2016	07	ald67_74	61	17
2016	07	ald67_74	71	47
2016	07	ald67_74	72	47
2016	07	ald67_74	73	10
2016	07	ald67_74	74	15
2016	07	ald67_74	75	6
2016	07	ald67_74	81	38
2016	07	ald67_74	82	4
2016	07	ald67_74	83	124
2016	07	ald67_74	91	49
2016	07	ald67_74	92	6
2016	07	ald67_74	93	25
2016	07	ald67_74	94	15
2016	07	ald67_74	96	29
2016	08	ald15_24	00	61
2016	08	ald15_24	01	8
2016	08	ald15_24	02	18
2016	08	ald15_24	03	311
2016	08	ald15_24	11	5
2016	08	ald15_24	14	27
2016	08	ald15_24	21	9
2016	08	ald15_24	22	151
2016	08	ald15_24	23	198
2016	08	ald15_24	24	9
2016	08	ald15_24	25	9
2016	08	ald15_24	26	17
2016	08	ald15_24	31	60
2016	08	ald15_24	32	56
2016	08	ald15_24	33	102
2016	08	ald15_24	34	97
2016	08	ald15_24	35	61
2016	08	ald15_24	41	94
2016	08	ald15_24	42	102
2016	08	ald15_24	43	79
2016	08	ald15_24	44	19
2016	08	ald15_24	51	473
2016	08	ald15_24	52	2593
2016	08	ald15_24	53	1254
2016	08	ald15_24	54	58
2016	08	ald15_24	61	83
2016	08	ald15_24	62	9
2016	08	ald15_24	71	429
2016	08	ald15_24	72	383
2016	08	ald15_24	73	8
2016	08	ald15_24	74	413
2016	08	ald15_24	75	21
2016	08	ald15_24	81	358
2016	08	ald15_24	82	48
2016	08	ald15_24	83	211
2016	08	ald15_24	91	210
2016	08	ald15_24	92	11
2016	08	ald15_24	93	264
2016	08	ald15_24	94	210
2016	08	ald15_24	96	62
2016	08	ald25_54	00	215
2016	08	ald25_54	01	41
2016	08	ald25_54	03	11
2016	08	ald25_54	11	710
2016	08	ald25_54	12	692
2016	08	ald25_54	13	1467
2016	08	ald25_54	14	912
2016	08	ald25_54	21	901
2016	08	ald25_54	22	3346
2016	08	ald25_54	23	4040
2016	08	ald25_54	24	1481
2016	08	ald25_54	25	377
2016	08	ald25_54	26	784
2016	08	ald25_54	31	1938
2016	08	ald25_54	32	708
2016	08	ald25_54	33	2598
2016	08	ald25_54	34	617
2016	08	ald25_54	35	284
2016	08	ald25_54	41	955
2016	08	ald25_54	42	383
2016	08	ald25_54	43	802
2016	08	ald25_54	44	130
2016	08	ald25_54	51	1324
2016	08	ald25_54	52	3217
2016	08	ald25_54	53	5639
2016	08	ald25_54	54	362
2016	08	ald25_54	61	179
2016	08	ald25_54	62	37
2016	08	ald25_54	71	2032
2016	08	ald25_54	72	1350
2016	08	ald25_54	73	126
2016	08	ald25_54	74	963
2016	08	ald25_54	75	125
2016	08	ald25_54	81	1664
2016	08	ald25_54	82	289
2016	08	ald25_54	83	1751
2016	08	ald25_54	91	1126
2016	08	ald25_54	92	55
2016	08	ald25_54	93	451
2016	08	ald25_54	94	261
2016	08	ald25_54	96	278
2016	08	ald55_66	00	69
2016	08	ald55_66	01	4
2016	08	ald55_66	11	363
2016	08	ald55_66	12	310
2016	08	ald55_66	13	774
2016	08	ald55_66	14	209
2016	08	ald55_66	21	334
2016	08	ald55_66	22	824
2016	08	ald55_66	23	1133
2016	08	ald55_66	24	691
2016	08	ald55_66	25	71
2016	08	ald55_66	26	258
2016	08	ald55_66	31	752
2016	08	ald55_66	32	218
2016	08	ald55_66	33	988
2016	08	ald55_66	34	133
2016	08	ald55_66	35	46
2016	08	ald55_66	41	493
2016	08	ald55_66	42	94
2016	08	ald55_66	43	363
2016	08	ald55_66	44	122
2016	08	ald55_66	51	350
2016	08	ald55_66	52	695
2016	08	ald55_66	53	2241
2016	08	ald55_66	54	86
2016	08	ald55_66	61	46
2016	08	ald55_66	62	10
2016	08	ald55_66	71	305
2016	08	ald55_66	72	354
2016	08	ald55_66	73	44
2016	08	ald55_66	74	271
2016	08	ald55_66	75	18
2016	08	ald55_66	81	452
2016	08	ald55_66	82	80
2016	08	ald55_66	83	607
2016	08	ald55_66	91	435
2016	08	ald55_66	92	7
2016	08	ald55_66	93	101
2016	08	ald55_66	94	95
2016	08	ald55_66	96	49
2016	08	ald67_74	00	50
2016	08	ald67_74	11	69
2016	08	ald67_74	12	33
2016	08	ald67_74	13	43
2016	08	ald67_74	14	26
2016	08	ald67_74	21	28
2016	08	ald67_74	22	74
2016	08	ald67_74	23	67
2016	08	ald67_74	24	45
2016	08	ald67_74	26	16
2016	08	ald67_74	31	50
2016	08	ald67_74	32	20
2016	08	ald67_74	33	70
2016	08	ald67_74	34	10
2016	08	ald67_74	35	7
2016	08	ald67_74	41	64
2016	08	ald67_74	42	5
2016	08	ald67_74	43	41
2016	08	ald67_74	44	4
2016	08	ald67_74	51	58
2016	08	ald67_74	52	83
2016	08	ald67_74	53	324
2016	08	ald67_74	61	18
2016	08	ald67_74	62	4
2016	08	ald67_74	71	29
2016	08	ald67_74	72	32
2016	08	ald67_74	74	14
2016	08	ald67_74	75	5
2016	08	ald67_74	81	20
2016	08	ald67_74	82	6
2016	08	ald67_74	83	161
2016	08	ald67_74	91	46
2016	08	ald67_74	93	23
2016	08	ald67_74	94	9
2016	08	ald67_74	96	18
2016	09	ald15_24	00	37
2016	09	ald15_24	01	5
2016	09	ald15_24	02	6
2016	09	ald15_24	03	216
2016	09	ald15_24	11	11
2016	09	ald15_24	14	15
2016	09	ald15_24	22	92
2016	09	ald15_24	23	128
2016	09	ald15_24	24	14
2016	09	ald15_24	25	9
2016	09	ald15_24	26	23
2016	09	ald15_24	31	28
2016	09	ald15_24	32	27
2016	09	ald15_24	33	59
2016	09	ald15_24	34	99
2016	09	ald15_24	35	39
2016	09	ald15_24	41	70
2016	09	ald15_24	42	54
2016	09	ald15_24	43	108
2016	09	ald15_24	44	14
2016	09	ald15_24	51	370
2016	09	ald15_24	52	1781
2016	09	ald15_24	53	974
2016	09	ald15_24	54	32
2016	09	ald15_24	61	45
2016	09	ald15_24	62	5
2016	09	ald15_24	71	378
2016	09	ald15_24	72	224
2016	09	ald15_24	73	9
2016	09	ald15_24	74	188
2016	09	ald15_24	75	24
2016	09	ald15_24	81	168
2016	09	ald15_24	82	5
2016	09	ald15_24	83	129
2016	09	ald15_24	91	185
2016	09	ald15_24	92	19
2016	09	ald15_24	93	151
2016	09	ald15_24	94	204
2016	09	ald15_24	96	39
2016	09	ald25_54	00	111
2016	09	ald25_54	01	54
2016	09	ald25_54	02	4
2016	09	ald25_54	03	8
2016	09	ald25_54	11	516
2016	09	ald25_54	12	475
2016	09	ald25_54	13	888
2016	09	ald25_54	14	512
2016	09	ald25_54	21	497
2016	09	ald25_54	22	2082
2016	09	ald25_54	23	2756
2016	09	ald25_54	24	1161
2016	09	ald25_54	25	428
2016	09	ald25_54	26	524
2016	09	ald25_54	31	1362
2016	09	ald25_54	32	437
2016	09	ald25_54	33	1438
2016	09	ald25_54	34	424
2016	09	ald25_54	35	224
2016	09	ald25_54	41	822
2016	09	ald25_54	42	247
2016	09	ald25_54	43	712
2016	09	ald25_54	44	79
2016	09	ald25_54	51	791
2016	09	ald25_54	52	1996
2016	09	ald25_54	53	3673
2016	09	ald25_54	54	153
2016	09	ald25_54	61	122
2016	09	ald25_54	62	11
2016	09	ald25_54	71	1421
2016	09	ald25_54	72	724
2016	09	ald25_54	73	65
2016	09	ald25_54	74	540
2016	09	ald25_54	75	127
2016	09	ald25_54	81	920
2016	09	ald25_54	82	137
2016	09	ald25_54	83	1077
2016	09	ald25_54	91	781
2016	09	ald25_54	92	29
2016	09	ald25_54	93	269
2016	09	ald25_54	94	146
2016	09	ald25_54	96	172
2016	09	ald55_66	00	41
2016	09	ald55_66	01	6
2016	09	ald55_66	11	247
2016	09	ald55_66	12	258
2016	09	ald55_66	13	362
2016	09	ald55_66	14	152
2016	09	ald55_66	21	160
2016	09	ald55_66	22	556
2016	09	ald55_66	23	707
2016	09	ald55_66	24	418
2016	09	ald55_66	25	62
2016	09	ald55_66	26	143
2016	09	ald55_66	31	398
2016	09	ald55_66	32	143
2016	09	ald55_66	33	474
2016	09	ald55_66	34	92
2016	09	ald55_66	35	43
2016	09	ald55_66	41	340
2016	09	ald55_66	42	57
2016	09	ald55_66	43	182
2016	09	ald55_66	44	64
2016	09	ald55_66	51	200
2016	09	ald55_66	52	425
2016	09	ald55_66	53	1328
2016	09	ald55_66	54	31
2016	09	ald55_66	61	15
2016	09	ald55_66	62	4
2016	09	ald55_66	71	203
2016	09	ald55_66	72	140
2016	09	ald55_66	73	21
2016	09	ald55_66	74	127
2016	09	ald55_66	75	17
2016	09	ald55_66	81	239
2016	09	ald55_66	82	100
2016	09	ald55_66	83	403
2016	09	ald55_66	91	237
2016	09	ald55_66	92	12
2016	09	ald55_66	93	55
2016	09	ald55_66	94	47
2016	09	ald55_66	96	43
2016	09	ald67_74	00	28
2016	09	ald67_74	11	31
2016	09	ald67_74	12	8
2016	09	ald67_74	13	23
2016	09	ald67_74	14	13
2016	09	ald67_74	21	20
2016	09	ald67_74	22	47
2016	09	ald67_74	23	63
2016	09	ald67_74	24	32
2016	09	ald67_74	26	22
2016	09	ald67_74	31	25
2016	09	ald67_74	32	7
2016	09	ald67_74	33	34
2016	09	ald67_74	34	11
2016	09	ald67_74	41	40
2016	09	ald67_74	42	6
2016	09	ald67_74	43	19
2016	09	ald67_74	51	42
2016	09	ald67_74	52	45
2016	09	ald67_74	53	158
2016	09	ald67_74	61	8
2016	09	ald67_74	71	15
2016	09	ald67_74	72	25
2016	09	ald67_74	74	7
2016	09	ald67_74	81	22
2016	09	ald67_74	83	109
2016	09	ald67_74	91	37
2016	09	ald67_74	93	6
2016	09	ald67_74	94	13
2016	09	ald67_74	96	12
2016	10	ald15_24	00	46
2016	10	ald15_24	01	12
2016	10	ald15_24	02	20
2016	10	ald15_24	03	318
2016	10	ald15_24	11	16
2016	10	ald15_24	12	5
2016	10	ald15_24	13	5
2016	10	ald15_24	14	51
2016	10	ald15_24	21	13
2016	10	ald15_24	22	202
2016	10	ald15_24	23	222
2016	10	ald15_24	24	29
2016	10	ald15_24	25	15
2016	10	ald15_24	26	65
2016	10	ald15_24	31	61
2016	10	ald15_24	32	78
2016	10	ald15_24	33	181
2016	10	ald15_24	34	209
2016	10	ald15_24	35	90
2016	10	ald15_24	41	171
2016	10	ald15_24	42	144
2016	10	ald15_24	43	260
2016	10	ald15_24	44	39
2016	10	ald15_24	51	839
2016	10	ald15_24	52	3332
2016	10	ald15_24	53	1563
2016	10	ald15_24	54	110
2016	10	ald15_24	61	167
2016	10	ald15_24	62	21
2016	10	ald15_24	71	765
2016	10	ald15_24	72	477
2016	10	ald15_24	73	23
2016	10	ald15_24	74	452
2016	10	ald15_24	75	49
2016	10	ald15_24	81	417
2016	10	ald15_24	82	9
2016	10	ald15_24	83	238
2016	10	ald15_24	91	374
2016	10	ald15_24	92	43
2016	10	ald15_24	93	370
2016	10	ald15_24	94	242
2016	10	ald15_24	96	69
2016	10	ald25_54	00	181
2016	10	ald25_54	01	161
2016	10	ald25_54	02	6
2016	10	ald25_54	03	21
2016	10	ald25_54	11	881
2016	10	ald25_54	12	984
2016	10	ald25_54	13	1859
2016	10	ald25_54	14	1047
2016	10	ald25_54	21	1162
2016	10	ald25_54	22	3505
2016	10	ald25_54	23	4710
2016	10	ald25_54	24	1849
2016	10	ald25_54	25	550
2016	10	ald25_54	26	1182
2016	10	ald25_54	31	3162
2016	10	ald25_54	32	854
2016	10	ald25_54	33	3410
2016	10	ald25_54	34	1010
2016	10	ald25_54	35	396
2016	10	ald25_54	41	1385
2016	10	ald25_54	42	575
2016	10	ald25_54	43	1390
2016	10	ald25_54	44	126
2016	10	ald25_54	51	1520
2016	10	ald25_54	52	3546
2016	10	ald25_54	53	6142
2016	10	ald25_54	54	353
2016	10	ald25_54	61	176
2016	10	ald25_54	62	73
2016	10	ald25_54	71	2442
2016	10	ald25_54	72	1482
2016	10	ald25_54	73	80
2016	10	ald25_54	74	948
2016	10	ald25_54	75	204
2016	10	ald25_54	81	1787
2016	10	ald25_54	82	58
2016	10	ald25_54	83	1706
2016	10	ald25_54	91	1280
2016	10	ald25_54	92	34
2016	10	ald25_54	93	645
2016	10	ald25_54	94	300
2016	10	ald25_54	95	5
2016	10	ald25_54	96	207
2016	10	ald55_66	00	89
2016	10	ald55_66	01	20
2016	10	ald55_66	03	4
2016	10	ald55_66	11	317
2016	10	ald55_66	12	401
2016	10	ald55_66	13	804
2016	10	ald55_66	14	211
2016	10	ald55_66	21	251
2016	10	ald55_66	22	829
2016	10	ald55_66	23	1206
2016	10	ald55_66	24	579
2016	10	ald55_66	25	61
2016	10	ald55_66	26	318
2016	10	ald55_66	31	762
2016	10	ald55_66	32	186
2016	10	ald55_66	33	1049
2016	10	ald55_66	34	201
2016	10	ald55_66	35	42
2016	10	ald55_66	41	569
2016	10	ald55_66	42	143
2016	10	ald55_66	43	402
2016	10	ald55_66	44	97
2016	10	ald55_66	51	367
2016	10	ald55_66	52	642
2016	10	ald55_66	53	2068
2016	10	ald55_66	54	79
2016	10	ald55_66	61	37
2016	10	ald55_66	62	11
2016	10	ald55_66	71	320
2016	10	ald55_66	72	339
2016	10	ald55_66	73	17
2016	10	ald55_66	74	207
2016	10	ald55_66	75	33
2016	10	ald55_66	81	493
2016	10	ald55_66	82	9
2016	10	ald55_66	83	542
2016	10	ald55_66	91	421
2016	10	ald55_66	92	8
2016	10	ald55_66	93	115
2016	10	ald55_66	94	97
2016	10	ald55_66	96	48
2016	10	ald67_74	00	44
2016	10	ald67_74	11	54
2016	10	ald67_74	12	30
2016	10	ald67_74	13	31
2016	10	ald67_74	14	24
2016	10	ald67_74	21	36
2016	10	ald67_74	22	85
2016	10	ald67_74	23	111
2016	10	ald67_74	24	35
2016	10	ald67_74	26	34
2016	10	ald67_74	31	65
2016	10	ald67_74	32	10
2016	10	ald67_74	33	74
2016	10	ald67_74	34	18
2016	10	ald67_74	41	60
2016	10	ald67_74	42	10
2016	10	ald67_74	43	45
2016	10	ald67_74	44	6
2016	10	ald67_74	51	79
2016	10	ald67_74	52	83
2016	10	ald67_74	53	248
2016	10	ald67_74	54	8
2016	10	ald67_74	61	11
2016	10	ald67_74	71	19
2016	10	ald67_74	72	26
2016	10	ald67_74	73	9
2016	10	ald67_74	74	20
2016	10	ald67_74	75	5
2016	10	ald67_74	81	21
2016	10	ald67_74	83	126
2016	10	ald67_74	91	45
2016	10	ald67_74	93	23
2016	10	ald67_74	94	8
2016	10	ald67_74	96	27
2016	11	ald15_24	00	127
2016	11	ald15_24	01	33
2016	11	ald15_24	02	41
2016	11	ald15_24	03	739
2016	11	ald15_24	11	30
2016	11	ald15_24	12	8
2016	11	ald15_24	13	19
2016	11	ald15_24	14	127
2016	11	ald15_24	21	36
2016	11	ald15_24	22	426
2016	11	ald15_24	23	586
2016	11	ald15_24	24	110
2016	11	ald15_24	25	74
2016	11	ald15_24	26	135
2016	11	ald15_24	31	303
2016	11	ald15_24	32	122
2016	11	ald15_24	33	410
2016	11	ald15_24	34	522
2016	11	ald15_24	35	96
2016	11	ald15_24	41	417
2016	11	ald15_24	42	537
2016	11	ald15_24	43	698
2016	11	ald15_24	44	63
2016	11	ald15_24	51	1996
2016	11	ald15_24	52	7144
2016	11	ald15_24	53	4339
2016	11	ald15_24	54	664
2016	11	ald15_24	61	1124
2016	11	ald15_24	62	124
2016	11	ald15_24	71	1430
2016	11	ald15_24	72	1497
2016	11	ald15_24	73	35
2016	11	ald15_24	74	1212
2016	11	ald15_24	75	138
2016	11	ald15_24	81	1003
2016	11	ald15_24	82	36
2016	11	ald15_24	83	707
2016	11	ald15_24	91	735
2016	11	ald15_24	92	50
2016	11	ald15_24	93	747
2016	11	ald15_24	94	510
2016	11	ald15_24	96	163
2016	11	ald25_54	00	714
2016	11	ald25_54	01	238
2016	11	ald25_54	02	11
2016	11	ald25_54	03	37
2016	11	ald25_54	11	2290
2016	11	ald25_54	12	2706
2016	11	ald25_54	13	6037
2016	11	ald25_54	14	2235
2016	11	ald25_54	21	7488
2016	11	ald25_54	22	8513
2016	11	ald25_54	23	11409
2016	11	ald25_54	24	6551
2016	11	ald25_54	25	3055
2016	11	ald25_54	26	2782
2016	11	ald25_54	31	11833
2016	11	ald25_54	32	2057
2016	11	ald25_54	33	8481
2016	11	ald25_54	34	1858
2016	11	ald25_54	35	1062
2016	11	ald25_54	41	3508
2016	11	ald25_54	42	1390
2016	11	ald25_54	43	4356
2016	11	ald25_54	44	321
2016	11	ald25_54	51	4156
2016	11	ald25_54	52	7381
2016	11	ald25_54	53	14277
2016	11	ald25_54	54	1414
2016	11	ald25_54	61	1053
2016	11	ald25_54	62	263
2016	11	ald25_54	71	6758
2016	11	ald25_54	72	5207
2016	11	ald25_54	73	307
2016	11	ald25_54	74	2480
2016	11	ald25_54	75	745
2016	11	ald25_54	81	5360
2016	11	ald25_54	82	340
2016	11	ald25_54	83	4807
2016	11	ald25_54	91	3632
2016	11	ald25_54	92	105
2016	11	ald25_54	93	1977
2016	11	ald25_54	94	851
2016	11	ald25_54	95	16
2016	11	ald25_54	96	558
2016	11	ald55_66	00	181
2016	11	ald55_66	01	31
2016	11	ald55_66	11	981
2016	11	ald55_66	12	1012
2016	11	ald55_66	13	2383
2016	11	ald55_66	14	471
2016	11	ald55_66	21	1829
2016	11	ald55_66	22	1773
2016	11	ald55_66	23	2909
2016	11	ald55_66	24	1983
2016	11	ald55_66	25	395
2016	11	ald55_66	26	600
2016	11	ald55_66	31	2456
2016	11	ald55_66	32	514
2016	11	ald55_66	33	2273
2016	11	ald55_66	34	320
2016	11	ald55_66	35	132
2016	11	ald55_66	41	1199
2016	11	ald55_66	42	285
2016	11	ald55_66	43	1093
2016	11	ald55_66	44	180
2016	11	ald55_66	51	772
2016	11	ald55_66	52	1678
2016	11	ald55_66	53	4388
2016	11	ald55_66	54	182
2016	11	ald55_66	61	271
2016	11	ald55_66	62	42
2016	11	ald55_66	71	1014
2016	11	ald55_66	72	894
2016	11	ald55_66	73	91
2016	11	ald55_66	74	423
2016	11	ald55_66	75	127
2016	11	ald55_66	81	1036
2016	11	ald55_66	82	63
2016	11	ald55_66	83	1367
2016	11	ald55_66	91	856
2016	11	ald55_66	92	20
2016	11	ald55_66	93	331
2016	11	ald55_66	94	218
2016	11	ald55_66	96	123
2016	11	ald67_74	00	92
2016	11	ald67_74	03	5
2016	11	ald67_74	11	131
2016	11	ald67_74	12	57
2016	11	ald67_74	13	88
2016	11	ald67_74	14	44
2016	11	ald67_74	21	98
2016	11	ald67_74	22	170
2016	11	ald67_74	23	176
2016	11	ald67_74	24	113
2016	11	ald67_74	25	6
2016	11	ald67_74	26	63
2016	11	ald67_74	31	150
2016	11	ald67_74	32	29
2016	11	ald67_74	33	145
2016	11	ald67_74	34	46
2016	11	ald67_74	35	7
2016	11	ald67_74	41	131
2016	11	ald67_74	42	23
2016	11	ald67_74	43	75
2016	11	ald67_74	44	12
2016	11	ald67_74	51	163
2016	11	ald67_74	52	179
2016	11	ald67_74	53	570
2016	11	ald67_74	54	13
2016	11	ald67_74	61	125
2016	11	ald67_74	71	62
2016	11	ald67_74	72	61
2016	11	ald67_74	73	20
2016	11	ald67_74	74	15
2016	11	ald67_74	75	13
2016	11	ald67_74	81	49
2016	11	ald67_74	83	250
2016	11	ald67_74	91	72
2016	11	ald67_74	92	5
2016	11	ald67_74	93	28
2016	11	ald67_74	94	38
2016	11	ald67_74	96	28
2016	12	ald15_24	00	171
2016	12	ald15_24	01	131
2016	12	ald15_24	02	74
2016	12	ald15_24	03	1004
2016	12	ald15_24	11	48
2016	12	ald15_24	12	12
2016	12	ald15_24	13	16
2016	12	ald15_24	14	141
2016	12	ald15_24	21	60
2016	12	ald15_24	22	564
2016	12	ald15_24	23	791
2016	12	ald15_24	24	115
2016	12	ald15_24	25	61
2016	12	ald15_24	26	130
2016	12	ald15_24	31	262
2016	12	ald15_24	32	153
2016	12	ald15_24	33	831
2016	12	ald15_24	34	538
2016	12	ald15_24	35	147
2016	12	ald15_24	41	534
2016	12	ald15_24	42	598
2016	12	ald15_24	43	720
2016	12	ald15_24	44	82
2016	12	ald15_24	51	2212
2016	12	ald15_24	52	9195
2016	12	ald15_24	53	5559
2016	12	ald15_24	54	473
2016	12	ald15_24	61	285
2016	12	ald15_24	62	286
2016	12	ald15_24	71	1664
2016	12	ald15_24	72	1334
2016	12	ald15_24	73	16
2016	12	ald15_24	74	1472
2016	12	ald15_24	75	103
2016	12	ald15_24	81	559
2016	12	ald15_24	82	37
2016	12	ald15_24	83	836
2016	12	ald15_24	91	1038
2016	12	ald15_24	92	61
2016	12	ald15_24	93	883
2016	12	ald15_24	94	526
2016	12	ald15_24	96	1101
2016	12	ald25_54	00	569
2016	12	ald25_54	01	1397
2016	12	ald25_54	02	56
2016	12	ald25_54	03	128
2016	12	ald25_54	11	2279
2016	12	ald25_54	12	2707
2016	12	ald25_54	13	5840
2016	12	ald25_54	14	2661
2016	12	ald25_54	21	6151
2016	12	ald25_54	22	10691
2016	12	ald25_54	23	13973
2016	12	ald25_54	24	8403
2016	12	ald25_54	25	2603
2016	12	ald25_54	26	3404
2016	12	ald25_54	31	10042
2016	12	ald25_54	32	2506
2016	12	ald25_54	33	10255
2016	12	ald25_54	34	2030
2016	12	ald25_54	35	1329
2016	12	ald25_54	41	3707
2016	12	ald25_54	42	1624
2016	12	ald25_54	43	4084
2016	12	ald25_54	44	266
2016	12	ald25_54	51	5209
2016	12	ald25_54	52	8015
2016	12	ald25_54	53	15837
2016	12	ald25_54	54	1262
2016	12	ald25_54	61	433
2016	12	ald25_54	62	695
2016	12	ald25_54	71	7582
2016	12	ald25_54	72	4349
2016	12	ald25_54	73	240
2016	12	ald25_54	74	2884
2016	12	ald25_54	75	603
2016	12	ald25_54	81	3131
2016	12	ald25_54	82	373
2016	12	ald25_54	83	5040
2016	12	ald25_54	91	4141
2016	12	ald25_54	92	121
2016	12	ald25_54	93	2157
2016	12	ald25_54	94	816
2016	12	ald25_54	95	9
2016	12	ald25_54	96	543
2016	12	ald55_66	00	236
2016	12	ald55_66	01	92
2016	12	ald55_66	03	4
2016	12	ald55_66	11	1005
2016	12	ald55_66	12	970
2016	12	ald55_66	13	2402
2016	12	ald55_66	14	566
2016	12	ald55_66	21	1504
2016	12	ald55_66	22	2389
2016	12	ald55_66	23	3772
2016	12	ald55_66	24	2595
2016	12	ald55_66	25	435
2016	12	ald55_66	26	758
2016	12	ald55_66	31	2393
2016	12	ald55_66	32	744
2016	12	ald55_66	33	2654
2016	12	ald55_66	34	352
2016	12	ald55_66	35	203
2016	12	ald55_66	41	1286
2016	12	ald55_66	42	311
2016	12	ald55_66	43	1170
2016	12	ald55_66	44	177
2016	12	ald55_66	51	1140
2016	12	ald55_66	52	1477
2016	12	ald55_66	53	5282
2016	12	ald55_66	54	205
2016	12	ald55_66	61	108
2016	12	ald55_66	62	115
2016	12	ald55_66	71	1173
2016	12	ald55_66	72	926
2016	12	ald55_66	73	96
2016	12	ald55_66	74	585
2016	12	ald55_66	75	102
2016	12	ald55_66	81	802
2016	12	ald55_66	82	92
2016	12	ald55_66	83	1604
2016	12	ald55_66	91	938
2016	12	ald55_66	92	29
2016	12	ald55_66	93	350
2016	12	ald55_66	94	174
2016	12	ald55_66	96	137
2016	12	ald67_74	00	120
2016	12	ald67_74	03	5
2016	12	ald67_74	11	161
2016	12	ald67_74	12	99
2016	12	ald67_74	13	126
2016	12	ald67_74	14	59
2016	12	ald67_74	21	108
2016	12	ald67_74	22	214
2016	12	ald67_74	23	281
2016	12	ald67_74	24	223
2016	12	ald67_74	25	13
2016	12	ald67_74	26	89
2016	12	ald67_74	31	151
2016	12	ald67_74	32	40
2016	12	ald67_74	33	170
2016	12	ald67_74	34	44
2016	12	ald67_74	35	19
2016	12	ald67_74	41	173
2016	12	ald67_74	42	31
2016	12	ald67_74	43	126
2016	12	ald67_74	44	13
2016	12	ald67_74	51	188
2016	12	ald67_74	52	203
2016	12	ald67_74	53	797
2016	12	ald67_74	54	26
2016	12	ald67_74	61	40
2016	12	ald67_74	62	6
2016	12	ald67_74	71	74
2016	12	ald67_74	72	47
2016	12	ald67_74	73	11
2016	12	ald67_74	74	35
2016	12	ald67_74	75	11
2016	12	ald67_74	81	39
2016	12	ald67_74	83	286
2016	12	ald67_74	91	113
2016	12	ald67_74	93	42
2016	12	ald67_74	94	28
2016	12	ald67_74	96	35
2016	14	ald15_24	00	74
2016	14	ald15_24	02	9
2016	14	ald15_24	03	166
2016	14	ald15_24	11	5
2016	14	ald15_24	13	6
2016	14	ald15_24	14	14
2016	14	ald15_24	21	6
2016	14	ald15_24	22	92
2016	14	ald15_24	23	108
2016	14	ald15_24	24	13
2016	14	ald15_24	25	18
2016	14	ald15_24	26	32
2016	14	ald15_24	31	62
2016	14	ald15_24	32	43
2016	14	ald15_24	33	92
2016	14	ald15_24	34	66
2016	14	ald15_24	35	41
2016	14	ald15_24	41	81
2016	14	ald15_24	42	113
2016	14	ald15_24	43	81
2016	14	ald15_24	44	24
2016	14	ald15_24	51	322
2016	14	ald15_24	52	1507
2016	14	ald15_24	53	1052
2016	14	ald15_24	54	49
2016	14	ald15_24	61	212
2016	14	ald15_24	62	88
2016	14	ald15_24	71	390
2016	14	ald15_24	72	320
2016	14	ald15_24	73	10
2016	14	ald15_24	74	330
2016	14	ald15_24	75	24
2016	14	ald15_24	81	467
2016	14	ald15_24	83	271
2016	14	ald15_24	91	181
2016	14	ald15_24	92	16
2016	14	ald15_24	93	253
2016	14	ald15_24	94	171
2016	14	ald15_24	96	39
2016	14	ald25_54	00	197
2016	14	ald25_54	01	19
2016	14	ald25_54	03	9
2016	14	ald25_54	11	453
2016	14	ald25_54	12	469
2016	14	ald25_54	13	1118
2016	14	ald25_54	14	601
2016	14	ald25_54	21	572
2016	14	ald25_54	22	2153
2016	14	ald25_54	23	2810
2016	14	ald25_54	24	1239
2016	14	ald25_54	25	251
2016	14	ald25_54	26	512
2016	14	ald25_54	31	1481
2016	14	ald25_54	32	496
2016	14	ald25_54	33	1321
2016	14	ald25_54	34	286
2016	14	ald25_54	35	198
2016	14	ald25_54	41	730
2016	14	ald25_54	42	303
2016	14	ald25_54	43	581
2016	14	ald25_54	44	120
2016	14	ald25_54	51	853
2016	14	ald25_54	52	1538
2016	14	ald25_54	53	3618
2016	14	ald25_54	54	166
2016	14	ald25_54	61	238
2016	14	ald25_54	62	290
2016	14	ald25_54	71	1451
2016	14	ald25_54	72	898
2016	14	ald25_54	73	118
2016	14	ald25_54	74	576
2016	14	ald25_54	75	204
2016	14	ald25_54	81	2052
2016	14	ald25_54	82	16
2016	14	ald25_54	83	1484
2016	14	ald25_54	91	834
2016	14	ald25_54	92	22
2016	14	ald25_54	93	507
2016	14	ald25_54	94	164
2016	14	ald25_54	96	145
2016	14	ald55_66	00	89
2016	14	ald55_66	11	222
2016	14	ald55_66	12	208
2016	14	ald55_66	13	583
2016	14	ald55_66	14	191
2016	14	ald55_66	21	200
2016	14	ald55_66	22	544
2016	14	ald55_66	23	941
2016	14	ald55_66	24	490
2016	14	ald55_66	25	21
2016	14	ald55_66	26	172
2016	14	ald55_66	31	474
2016	14	ald55_66	32	146
2016	14	ald55_66	33	516
2016	14	ald55_66	34	58
2016	14	ald55_66	35	25
2016	14	ald55_66	41	369
2016	14	ald55_66	42	59
2016	14	ald55_66	43	215
2016	14	ald55_66	44	108
2016	14	ald55_66	51	294
2016	14	ald55_66	52	455
2016	14	ald55_66	53	1651
2016	14	ald55_66	54	33
2016	14	ald55_66	61	67
2016	14	ald55_66	62	64
2016	14	ald55_66	71	289
2016	14	ald55_66	72	247
2016	14	ald55_66	73	23
2016	14	ald55_66	74	154
2016	14	ald55_66	75	44
2016	14	ald55_66	81	595
2016	14	ald55_66	82	4
2016	14	ald55_66	83	616
2016	14	ald55_66	91	340
2016	14	ald55_66	92	9
2016	14	ald55_66	93	76
2016	14	ald55_66	94	77
2016	14	ald55_66	96	32
2016	14	ald67_74	00	39
2016	14	ald67_74	11	22
2016	14	ald67_74	12	21
2016	14	ald67_74	13	29
2016	14	ald67_74	14	18
2016	14	ald67_74	21	23
2016	14	ald67_74	22	57
2016	14	ald67_74	23	60
2016	14	ald67_74	24	40
2016	14	ald67_74	26	19
2016	14	ald67_74	31	53
2016	14	ald67_74	32	6
2016	14	ald67_74	33	48
2016	14	ald67_74	34	8
2016	14	ald67_74	35	5
2016	14	ald67_74	41	44
2016	14	ald67_74	42	5
2016	14	ald67_74	43	17
2016	14	ald67_74	44	12
2016	14	ald67_74	51	55
2016	14	ald67_74	52	83
2016	14	ald67_74	53	299
2016	14	ald67_74	61	49
2016	14	ald67_74	62	6
2016	14	ald67_74	71	22
2016	14	ald67_74	72	26
2016	14	ald67_74	73	4
2016	14	ald67_74	74	16
2016	14	ald67_74	75	9
2016	14	ald67_74	81	21
2016	14	ald67_74	83	149
2016	14	ald67_74	91	46
2016	14	ald67_74	93	11
2016	14	ald67_74	94	10
2016	14	ald67_74	96	9
2016	15	ald15_24	00	195
2016	15	ald15_24	01	8
2016	15	ald15_24	02	10
2016	15	ald15_24	03	422
2016	15	ald15_24	11	16
2016	15	ald15_24	12	9
2016	15	ald15_24	13	11
2016	15	ald15_24	14	60
2016	15	ald15_24	21	11
2016	15	ald15_24	22	233
2016	15	ald15_24	23	204
2016	15	ald15_24	24	35
2016	15	ald15_24	25	18
2016	15	ald15_24	26	38
2016	15	ald15_24	31	173
2016	15	ald15_24	32	115
2016	15	ald15_24	33	192
2016	15	ald15_24	34	180
2016	15	ald15_24	35	65
2016	15	ald15_24	41	171
2016	15	ald15_24	42	216
2016	15	ald15_24	43	348
2016	15	ald15_24	44	31
2016	15	ald15_24	51	813
2016	15	ald15_24	52	3730
2016	15	ald15_24	53	2613
2016	15	ald15_24	54	119
2016	15	ald15_24	61	257
2016	15	ald15_24	62	145
2016	15	ald15_24	71	586
2016	15	ald15_24	72	861
2016	15	ald15_24	73	13
2016	15	ald15_24	74	699
2016	15	ald15_24	75	65
2016	15	ald15_24	81	577
2016	15	ald15_24	82	16
2016	15	ald15_24	83	476
2016	15	ald15_24	91	509
2016	15	ald15_24	92	10
2016	15	ald15_24	93	368
2016	15	ald15_24	94	303
2016	15	ald15_24	96	174
2016	15	ald25_54	00	491
2016	15	ald25_54	01	70
2016	15	ald25_54	02	4
2016	15	ald25_54	03	23
2016	15	ald25_54	11	1117
2016	15	ald25_54	12	1431
2016	15	ald25_54	13	2815
2016	15	ald25_54	14	1400
2016	15	ald25_54	21	1475
2016	15	ald25_54	22	5098
2016	15	ald25_54	23	6072
2016	15	ald25_54	24	2461
2016	15	ald25_54	25	743
2016	15	ald25_54	26	1133
2016	15	ald25_54	31	5607
2016	15	ald25_54	32	1259
2016	15	ald25_54	33	4042
2016	15	ald25_54	34	853
2016	15	ald25_54	35	489
2016	15	ald25_54	41	1666
2016	15	ald25_54	42	738
2016	15	ald25_54	43	2162
2016	15	ald25_54	44	156
2016	15	ald25_54	51	2033
2016	15	ald25_54	52	4048
2016	15	ald25_54	53	8255
2016	15	ald25_54	54	491
2016	15	ald25_54	61	267
2016	15	ald25_54	62	483
2016	15	ald25_54	71	3688
2016	15	ald25_54	72	2791
2016	15	ald25_54	73	93
2016	15	ald25_54	74	1557
2016	15	ald25_54	75	460
2016	15	ald25_54	81	3993
2016	15	ald25_54	82	115
2016	15	ald25_54	83	3272
2016	15	ald25_54	91	1952
2016	15	ald25_54	92	29
2016	15	ald25_54	93	979
2016	15	ald25_54	94	368
2016	15	ald25_54	95	13
2016	15	ald25_54	96	392
2016	15	ald55_66	00	193
2016	15	ald55_66	01	7
2016	15	ald55_66	03	7
2016	15	ald55_66	11	605
2016	15	ald55_66	12	605
2016	15	ald55_66	13	1345
2016	15	ald55_66	14	422
2016	15	ald55_66	21	375
2016	15	ald55_66	22	1335
2016	15	ald55_66	23	1822
2016	15	ald55_66	24	910
2016	15	ald55_66	25	108
2016	15	ald55_66	26	282
2016	15	ald55_66	31	1642
2016	15	ald55_66	32	314
2016	15	ald55_66	33	1436
2016	15	ald55_66	34	173
2016	15	ald55_66	35	66
2016	15	ald55_66	41	830
2016	15	ald55_66	42	168
2016	15	ald55_66	43	701
2016	15	ald55_66	44	152
2016	15	ald55_66	51	603
2016	15	ald55_66	52	1117
2016	15	ald55_66	53	3560
2016	15	ald55_66	54	100
2016	15	ald55_66	61	90
2016	15	ald55_66	62	85
2016	15	ald55_66	71	734
2016	15	ald55_66	72	710
2016	15	ald55_66	73	30
2016	15	ald55_66	74	429
2016	15	ald55_66	75	127
2016	15	ald55_66	81	1191
2016	15	ald55_66	82	30
2016	15	ald55_66	83	1193
2016	15	ald55_66	91	634
2016	15	ald55_66	92	9
2016	15	ald55_66	93	209
2016	15	ald55_66	94	147
2016	15	ald55_66	96	80
2016	15	ald67_74	00	103
2016	15	ald67_74	11	110
2016	15	ald67_74	12	48
2016	15	ald67_74	13	102
2016	15	ald67_74	14	29
2016	15	ald67_74	21	50
2016	15	ald67_74	22	103
2016	15	ald67_74	23	141
2016	15	ald67_74	24	61
2016	15	ald67_74	25	4
2016	15	ald67_74	26	38
2016	15	ald67_74	31	129
2016	15	ald67_74	32	20
2016	15	ald67_74	33	123
2016	15	ald67_74	34	14
2016	15	ald67_74	41	85
2016	15	ald67_74	42	11
2016	15	ald67_74	43	71
2016	15	ald67_74	44	7
2016	15	ald67_74	51	141
2016	15	ald67_74	52	151
2016	15	ald67_74	53	545
2016	15	ald67_74	54	15
2016	15	ald67_74	61	51
2016	15	ald67_74	62	7
2016	15	ald67_74	71	44
2016	15	ald67_74	72	74
2016	15	ald67_74	74	26
2016	15	ald67_74	75	20
2016	15	ald67_74	81	82
2016	15	ald67_74	83	239
2016	15	ald67_74	91	111
2016	15	ald67_74	93	32
2016	15	ald67_74	94	26
2016	15	ald67_74	96	30
2016	16	ald15_24	00	90
2016	16	ald15_24	01	67
2016	16	ald15_24	02	85
2016	16	ald15_24	03	685
2016	16	ald15_24	11	35
2016	16	ald15_24	12	12
2016	16	ald15_24	13	11
2016	16	ald15_24	14	85
2016	16	ald15_24	21	53
2016	16	ald15_24	22	448
2016	16	ald15_24	23	1597
2016	16	ald15_24	24	82
2016	16	ald15_24	25	88
2016	16	ald15_24	26	83
2016	16	ald15_24	31	170
2016	16	ald15_24	32	136
2016	16	ald15_24	33	1021
2016	16	ald15_24	34	355
2016	16	ald15_24	35	115
2016	16	ald15_24	41	320
2016	16	ald15_24	42	517
2016	16	ald15_24	43	506
2016	16	ald15_24	44	199
2016	16	ald15_24	51	2113
2016	16	ald15_24	52	5522
2016	16	ald15_24	53	2821
2016	16	ald15_24	54	209
2016	16	ald15_24	61	363
2016	16	ald15_24	62	191
2016	16	ald15_24	71	1040
2016	16	ald15_24	72	689
2016	16	ald15_24	73	27
2016	16	ald15_24	74	771
2016	16	ald15_24	75	67
2016	16	ald15_24	81	512
2016	16	ald15_24	82	36
2016	16	ald15_24	83	488
2016	16	ald15_24	91	508
2016	16	ald15_24	92	44
2016	16	ald15_24	93	542
2016	16	ald15_24	94	424
2016	16	ald15_24	96	213
2016	16	ald25_54	00	354
2016	16	ald25_54	01	596
2016	16	ald25_54	02	19
2016	16	ald25_54	03	48
2016	16	ald25_54	11	1487
2016	16	ald25_54	12	1756
2016	16	ald25_54	13	3223
2016	16	ald25_54	14	1623
2016	16	ald25_54	21	4719
2016	16	ald25_54	22	7114
2016	16	ald25_54	23	10310
2016	16	ald25_54	24	5797
2016	16	ald25_54	25	2290
2016	16	ald25_54	26	2194
2016	16	ald25_54	31	4881
2016	16	ald25_54	32	1733
2016	16	ald25_54	33	6621
2016	16	ald25_54	34	1280
2016	16	ald25_54	35	1050
2016	16	ald25_54	41	2333
2016	16	ald25_54	42	1055
2016	16	ald25_54	43	2497
2016	16	ald25_54	44	350
2016	16	ald25_54	51	3475
2016	16	ald25_54	52	5791
2016	16	ald25_54	53	8635
2016	16	ald25_54	54	643
2016	16	ald25_54	61	488
2016	16	ald25_54	62	422
2016	16	ald25_54	71	4467
2016	16	ald25_54	72	2170
2016	16	ald25_54	73	197
2016	16	ald25_54	74	1575
2016	16	ald25_54	75	499
2016	16	ald25_54	81	2979
2016	16	ald25_54	82	203
2016	16	ald25_54	83	3406
2016	16	ald25_54	91	2623
2016	16	ald25_54	92	39
2016	16	ald25_54	93	1080
2016	16	ald25_54	94	638
2016	16	ald25_54	95	6
2016	16	ald25_54	96	484
2016	16	ald55_66	00	123
2016	16	ald55_66	01	49
2016	16	ald55_66	11	624
2016	16	ald55_66	12	736
2016	16	ald55_66	13	1381
2016	16	ald55_66	14	344
2016	16	ald55_66	21	964
2016	16	ald55_66	22	1463
2016	16	ald55_66	23	2351
2016	16	ald55_66	24	1867
2016	16	ald55_66	25	331
2016	16	ald55_66	26	490
2016	16	ald55_66	31	1373
2016	16	ald55_66	32	382
2016	16	ald55_66	33	1651
2016	16	ald55_66	34	250
2016	16	ald55_66	35	179
2016	16	ald55_66	41	906
2016	16	ald55_66	42	181
2016	16	ald55_66	43	782
2016	16	ald55_66	44	112
2016	16	ald55_66	51	774
2016	16	ald55_66	52	1028
2016	16	ald55_66	53	2760
2016	16	ald55_66	54	103
2016	16	ald55_66	61	111
2016	16	ald55_66	62	58
2016	16	ald55_66	71	673
2016	16	ald55_66	72	437
2016	16	ald55_66	73	92
2016	16	ald55_66	74	360
2016	16	ald55_66	75	87
2016	16	ald55_66	81	651
2016	16	ald55_66	82	49
2016	16	ald55_66	83	1173
2016	16	ald55_66	91	797
2016	16	ald55_66	92	8
2016	16	ald55_66	93	193
2016	16	ald55_66	94	133
2016	16	ald55_66	96	117
2016	16	ald67_74	00	59
2016	16	ald67_74	11	117
2016	16	ald67_74	12	56
2016	16	ald67_74	13	93
2016	16	ald67_74	14	33
2016	16	ald67_74	21	112
2016	16	ald67_74	22	117
2016	16	ald67_74	23	213
2016	16	ald67_74	24	109
2016	16	ald67_74	25	8
2016	16	ald67_74	26	48
2016	16	ald67_74	31	114
2016	16	ald67_74	32	15
2016	16	ald67_74	33	128
2016	16	ald67_74	34	19
2016	16	ald67_74	35	13
2016	16	ald67_74	41	74
2016	16	ald67_74	42	13
2016	16	ald67_74	43	64
2016	16	ald67_74	44	12
2016	16	ald67_74	51	145
2016	16	ald67_74	52	117
2016	16	ald67_74	53	323
2016	16	ald67_74	54	12
2016	16	ald67_74	61	53
2016	16	ald67_74	62	9
2016	16	ald67_74	71	48
2016	16	ald67_74	72	26
2016	16	ald67_74	73	6
2016	16	ald67_74	74	23
2016	16	ald67_74	75	14
2016	16	ald67_74	81	40
2016	16	ald67_74	83	203
2016	16	ald67_74	91	82
2016	16	ald67_74	93	29
2016	16	ald67_74	94	23
2016	16	ald67_74	96	46
2016	17	ald15_24	00	153
2016	17	ald15_24	01	12
2016	17	ald15_24	02	22
2016	17	ald15_24	03	323
2016	17	ald15_24	11	11
2016	17	ald15_24	14	21
2016	17	ald15_24	21	6
2016	17	ald15_24	22	152
2016	17	ald15_24	23	172
2016	17	ald15_24	24	7
2016	17	ald15_24	25	9
2016	17	ald15_24	26	28
2016	17	ald15_24	31	44
2016	17	ald15_24	32	71
2016	17	ald15_24	33	98
2016	17	ald15_24	34	60
2016	17	ald15_24	35	32
2016	17	ald15_24	41	76
2016	17	ald15_24	42	135
2016	17	ald15_24	43	137
2016	17	ald15_24	44	15
2016	17	ald15_24	51	441
2016	17	ald15_24	52	1789
2016	17	ald15_24	53	1284
2016	17	ald15_24	54	68
2016	17	ald15_24	61	438
2016	17	ald15_24	62	98
2016	17	ald15_24	71	590
2016	17	ald15_24	72	451
2016	17	ald15_24	73	8
2016	17	ald15_24	74	237
2016	17	ald15_24	75	58
2016	17	ald15_24	81	280
2016	17	ald15_24	82	5
2016	17	ald15_24	83	272
2016	17	ald15_24	91	251
2016	17	ald15_24	92	25
2016	17	ald15_24	93	275
2016	17	ald15_24	94	157
2016	17	ald15_24	96	67
2016	17	ald25_54	00	174
2016	17	ald25_54	01	108
2016	17	ald25_54	02	4
2016	17	ald25_54	03	20
2016	17	ald25_54	11	525
2016	17	ald25_54	12	453
2016	17	ald25_54	13	1297
2016	17	ald25_54	14	639
2016	17	ald25_54	21	863
2016	17	ald25_54	22	3118
2016	17	ald25_54	23	3565
2016	17	ald25_54	24	1199
2016	17	ald25_54	25	168
2016	17	ald25_54	26	607
2016	17	ald25_54	31	1299
2016	17	ald25_54	32	657
2016	17	ald25_54	33	1645
2016	17	ald25_54	34	411
2016	17	ald25_54	35	138
2016	17	ald25_54	41	856
2016	17	ald25_54	42	408
2016	17	ald25_54	43	596
2016	17	ald25_54	44	79
2016	17	ald25_54	51	1174
2016	17	ald25_54	52	2322
2016	17	ald25_54	53	4278
2016	17	ald25_54	54	235
2016	17	ald25_54	61	480
2016	17	ald25_54	62	221
2016	17	ald25_54	71	1765
2016	17	ald25_54	72	1346
2016	17	ald25_54	73	57
2016	17	ald25_54	74	534
2016	17	ald25_54	75	261
2016	17	ald25_54	81	1211
2016	17	ald25_54	82	63
2016	17	ald25_54	83	1637
2016	17	ald25_54	91	912
2016	17	ald25_54	92	35
2016	17	ald25_54	93	528
2016	17	ald25_54	94	223
2016	17	ald25_54	96	192
2016	17	ald55_66	00	99
2016	17	ald55_66	01	7
2016	17	ald55_66	11	254
2016	17	ald55_66	12	226
2016	17	ald55_66	13	591
2016	17	ald55_66	14	179
2016	17	ald55_66	21	207
2016	17	ald55_66	22	754
2016	17	ald55_66	23	957
2016	17	ald55_66	24	509
2016	17	ald55_66	25	21
2016	17	ald55_66	26	149
2016	17	ald55_66	31	468
2016	17	ald55_66	32	169
2016	17	ald55_66	33	563
2016	17	ald55_66	34	86
2016	17	ald55_66	35	26
2016	17	ald55_66	41	411
2016	17	ald55_66	42	108
2016	17	ald55_66	43	205
2016	17	ald55_66	44	115
2016	17	ald55_66	51	358
2016	17	ald55_66	52	602
2016	17	ald55_66	53	1689
2016	17	ald55_66	54	68
2016	17	ald55_66	61	151
2016	17	ald55_66	62	66
2016	17	ald55_66	71	315
2016	17	ald55_66	72	347
2016	17	ald55_66	73	25
2016	17	ald55_66	74	114
2016	17	ald55_66	75	30
2016	17	ald55_66	81	375
2016	17	ald55_66	82	27
2016	17	ald55_66	83	644
2016	17	ald55_66	91	373
2016	17	ald55_66	92	6
2016	17	ald55_66	93	106
2016	17	ald55_66	94	70
2016	17	ald55_66	96	73
2016	17	ald67_74	00	69
2016	17	ald67_74	11	43
2016	17	ald67_74	12	27
2016	17	ald67_74	13	40
2016	17	ald67_74	14	18
2016	17	ald67_74	21	18
2016	17	ald67_74	22	58
2016	17	ald67_74	23	60
2016	17	ald67_74	24	39
2016	17	ald67_74	26	14
2016	17	ald67_74	31	35
2016	17	ald67_74	32	14
2016	17	ald67_74	33	50
2016	17	ald67_74	34	12
2016	17	ald67_74	41	41
2016	17	ald67_74	42	13
2016	17	ald67_74	43	12
2016	17	ald67_74	44	16
2016	17	ald67_74	51	79
2016	17	ald67_74	52	79
2016	17	ald67_74	53	219
2016	17	ald67_74	54	5
2016	17	ald67_74	61	61
2016	17	ald67_74	62	4
2016	17	ald67_74	71	31
2016	17	ald67_74	72	22
2016	17	ald67_74	74	6
2016	17	ald67_74	75	5
2016	17	ald67_74	81	10
2016	17	ald67_74	83	154
2016	17	ald67_74	91	59
2016	17	ald67_74	93	15
2016	17	ald67_74	94	19
2016	17	ald67_74	96	41
2016	18	ald15_24	00	109
2016	18	ald15_24	01	31
2016	18	ald15_24	02	63
2016	18	ald15_24	03	453
2016	18	ald15_24	11	9
2016	18	ald15_24	13	7
2016	18	ald15_24	14	49
2016	18	ald15_24	21	23
2016	18	ald15_24	22	208
2016	18	ald15_24	23	279
2016	18	ald15_24	24	39
2016	18	ald15_24	25	22
2016	18	ald15_24	26	71
2016	18	ald15_24	31	140
2016	18	ald15_24	32	113
2016	18	ald15_24	33	198
2016	18	ald15_24	34	116
2016	18	ald15_24	35	51
2016	18	ald15_24	41	175
2016	18	ald15_24	42	216
2016	18	ald15_24	43	250
2016	18	ald15_24	44	39
2016	18	ald15_24	51	913
2016	18	ald15_24	52	3684
2016	18	ald15_24	53	2389
2016	18	ald15_24	54	145
2016	18	ald15_24	61	237
2016	18	ald15_24	62	247
2016	18	ald15_24	71	676
2016	18	ald15_24	72	715
2016	18	ald15_24	73	9
2016	18	ald15_24	74	660
2016	18	ald15_24	75	53
2016	18	ald15_24	81	531
2016	18	ald15_24	82	4
2016	18	ald15_24	83	473
2016	18	ald15_24	91	415
2016	18	ald15_24	92	19
2016	18	ald15_24	93	551
2016	18	ald15_24	94	285
2016	18	ald15_24	96	109
2016	18	ald25_54	00	442
2016	18	ald25_54	01	669
2016	18	ald25_54	02	14
2016	18	ald25_54	03	50
2016	18	ald25_54	11	1034
2016	18	ald25_54	12	1066
2016	18	ald25_54	13	2503
2016	18	ald25_54	14	1311
2016	18	ald25_54	21	1044
2016	18	ald25_54	22	5134
2016	18	ald25_54	23	5816
2016	18	ald25_54	24	3083
2016	18	ald25_54	25	538
2016	18	ald25_54	26	1560
2016	18	ald25_54	31	2966
2016	18	ald25_54	32	1315
2016	18	ald25_54	33	3307
2016	18	ald25_54	34	727
2016	18	ald25_54	35	377
2016	18	ald25_54	41	1614
2016	18	ald25_54	42	723
2016	18	ald25_54	43	1702
2016	18	ald25_54	44	248
2016	18	ald25_54	51	2026
2016	18	ald25_54	52	4023
2016	18	ald25_54	53	8271
2016	18	ald25_54	54	643
2016	18	ald25_54	61	338
2016	18	ald25_54	62	578
2016	18	ald25_54	71	2594
2016	18	ald25_54	72	2103
2016	18	ald25_54	73	89
2016	18	ald25_54	74	1185
2016	18	ald25_54	75	285
2016	18	ald25_54	81	2769
2016	18	ald25_54	82	80
2016	18	ald25_54	83	2894
2016	18	ald25_54	91	1897
2016	18	ald25_54	92	47
2016	18	ald25_54	93	1314
2016	18	ald25_54	94	368
2016	18	ald25_54	96	459
2016	18	ald55_66	00	179
2016	18	ald55_66	01	86
2016	18	ald55_66	03	11
2016	18	ald55_66	11	537
2016	18	ald55_66	12	529
2016	18	ald55_66	13	1192
2016	18	ald55_66	14	347
2016	18	ald55_66	21	367
2016	18	ald55_66	22	1162
2016	18	ald55_66	23	1879
2016	18	ald55_66	24	1227
2016	18	ald55_66	25	85
2016	18	ald55_66	26	450
2016	18	ald55_66	31	1148
2016	18	ald55_66	32	308
2016	18	ald55_66	33	1148
2016	18	ald55_66	34	219
2016	18	ald55_66	35	75
2016	18	ald55_66	41	745
2016	18	ald55_66	42	140
2016	18	ald55_66	43	493
2016	18	ald55_66	44	187
2016	18	ald55_66	51	591
2016	18	ald55_66	52	861
2016	18	ald55_66	53	3071
2016	18	ald55_66	54	140
2016	18	ald55_66	61	75
2016	18	ald55_66	62	112
2016	18	ald55_66	71	480
2016	18	ald55_66	72	511
2016	18	ald55_66	73	29
2016	18	ald55_66	74	286
2016	18	ald55_66	75	71
2016	18	ald55_66	81	656
2016	18	ald55_66	82	7
2016	18	ald55_66	83	1000
2016	18	ald55_66	91	613
2016	18	ald55_66	92	24
2016	18	ald55_66	93	279
2016	18	ald55_66	94	126
2016	18	ald55_66	96	131
2016	18	ald67_74	00	111
2016	18	ald67_74	03	17
2016	18	ald67_74	11	71
2016	18	ald67_74	12	36
2016	18	ald67_74	13	69
2016	18	ald67_74	14	36
2016	18	ald67_74	21	38
2016	18	ald67_74	22	88
2016	18	ald67_74	23	127
2016	18	ald67_74	24	70
2016	18	ald67_74	25	5
2016	18	ald67_74	26	44
2016	18	ald67_74	31	115
2016	18	ald67_74	32	22
2016	18	ald67_74	33	77
2016	18	ald67_74	34	20
2016	18	ald67_74	41	76
2016	18	ald67_74	42	14
2016	18	ald67_74	43	49
2016	18	ald67_74	44	13
2016	18	ald67_74	51	116
2016	18	ald67_74	52	141
2016	18	ald67_74	53	539
2016	18	ald67_74	54	9
2016	18	ald67_74	61	32
2016	18	ald67_74	62	12
2016	18	ald67_74	71	36
2016	18	ald67_74	72	30
2016	18	ald67_74	73	6
2016	18	ald67_74	74	12
2016	18	ald67_74	75	16
2016	18	ald67_74	81	34
2016	18	ald67_74	83	209
2016	18	ald67_74	91	80
2016	18	ald67_74	92	5
2016	18	ald67_74	93	37
2016	18	ald67_74	94	15
2016	18	ald67_74	96	25
2016	19	ald15_24	00	83
2016	19	ald15_24	01	109
2016	19	ald15_24	02	128
2016	19	ald15_24	03	483
2016	19	ald15_24	11	15
2016	19	ald15_24	12	6
2016	19	ald15_24	13	9
2016	19	ald15_24	14	52
2016	19	ald15_24	21	6
2016	19	ald15_24	22	189
2016	19	ald15_24	23	307
2016	19	ald15_24	24	42
2016	19	ald15_24	25	14
2016	19	ald15_24	26	35
2016	19	ald15_24	31	74
2016	19	ald15_24	32	117
2016	19	ald15_24	33	152
2016	19	ald15_24	34	131
2016	19	ald15_24	35	68
2016	19	ald15_24	41	151
2016	19	ald15_24	42	247
2016	19	ald15_24	43	252
2016	19	ald15_24	44	30
2016	19	ald15_24	51	840
2016	19	ald15_24	52	3274
2016	19	ald15_24	53	2210
2016	19	ald15_24	54	153
2016	19	ald15_24	61	103
2016	19	ald15_24	62	132
2016	19	ald15_24	71	425
2016	19	ald15_24	72	443
2016	19	ald15_24	73	7
2016	19	ald15_24	74	454
2016	19	ald15_24	75	54
2016	19	ald15_24	81	242
2016	19	ald15_24	83	345
2016	19	ald15_24	91	368
2016	19	ald15_24	92	28
2016	19	ald15_24	93	295
2016	19	ald15_24	94	294
2016	19	ald15_24	96	96
2016	19	ald25_54	00	334
2016	19	ald25_54	01	984
2016	19	ald25_54	02	36
2016	19	ald25_54	03	103
2016	19	ald25_54	11	902
2016	19	ald25_54	12	762
2016	19	ald25_54	13	1739
2016	19	ald25_54	14	927
2016	19	ald25_54	21	1316
2016	19	ald25_54	22	4262
2016	19	ald25_54	23	5200
2016	19	ald25_54	24	2814
2016	19	ald25_54	25	503
2016	19	ald25_54	26	1281
2016	19	ald25_54	31	1943
2016	19	ald25_54	32	1216
2016	19	ald25_54	33	2489
2016	19	ald25_54	34	677
2016	19	ald25_54	35	350
2016	19	ald25_54	41	965
2016	19	ald25_54	42	530
2016	19	ald25_54	43	1024
2016	19	ald25_54	44	113
2016	19	ald25_54	51	1586
2016	19	ald25_54	52	2836
2016	19	ald25_54	53	5631
2016	19	ald25_54	54	353
2016	19	ald25_54	61	145
2016	19	ald25_54	62	324
2016	19	ald25_54	71	1779
2016	19	ald25_54	72	1166
2016	19	ald25_54	73	74
2016	19	ald25_54	74	694
2016	19	ald25_54	75	199
2016	19	ald25_54	81	1134
2016	19	ald25_54	82	16
2016	19	ald25_54	83	1868
2016	19	ald25_54	91	1332
2016	19	ald25_54	92	21
2016	19	ald25_54	93	675
2016	19	ald25_54	94	346
2016	19	ald25_54	95	6
2016	19	ald25_54	96	322
2016	19	ald55_66	00	110
2016	19	ald55_66	01	66
2016	19	ald55_66	03	4
2016	19	ald55_66	11	413
2016	19	ald55_66	12	295
2016	19	ald55_66	13	768
2016	19	ald55_66	14	213
2016	19	ald55_66	21	310
2016	19	ald55_66	22	912
2016	19	ald55_66	23	1395
2016	19	ald55_66	24	942
2016	19	ald55_66	25	74
2016	19	ald55_66	26	288
2016	19	ald55_66	31	606
2016	19	ald55_66	32	308
2016	19	ald55_66	33	822
2016	19	ald55_66	34	130
2016	19	ald55_66	35	70
2016	19	ald55_66	41	454
2016	19	ald55_66	42	133
2016	19	ald55_66	43	290
2016	19	ald55_66	44	109
2016	19	ald55_66	51	416
2016	19	ald55_66	52	509
2016	19	ald55_66	53	1866
2016	19	ald55_66	54	53
2016	19	ald55_66	61	29
2016	19	ald55_66	62	52
2016	19	ald55_66	71	252
2016	19	ald55_66	72	251
2016	19	ald55_66	73	14
2016	19	ald55_66	74	150
2016	19	ald55_66	75	31
2016	19	ald55_66	81	229
2016	19	ald55_66	83	640
2016	19	ald55_66	91	396
2016	19	ald55_66	92	15
2016	19	ald55_66	93	112
2016	19	ald55_66	94	92
2016	19	ald55_66	96	104
2016	19	ald67_74	00	54
2016	19	ald67_74	11	59
2016	19	ald67_74	12	29
2016	19	ald67_74	13	59
2016	19	ald67_74	14	28
2016	19	ald67_74	21	30
2016	19	ald67_74	22	87
2016	19	ald67_74	23	124
2016	19	ald67_74	24	81
2016	19	ald67_74	26	35
2016	19	ald67_74	31	70
2016	19	ald67_74	32	21
2016	19	ald67_74	33	67
2016	19	ald67_74	34	17
2016	19	ald67_74	35	4
2016	19	ald67_74	41	51
2016	19	ald67_74	42	19
2016	19	ald67_74	43	16
2016	19	ald67_74	44	5
2016	19	ald67_74	51	100
2016	19	ald67_74	52	86
2016	19	ald67_74	53	412
2016	19	ald67_74	54	6
2016	19	ald67_74	61	21
2016	19	ald67_74	62	6
2016	19	ald67_74	71	19
2016	19	ald67_74	72	25
2016	19	ald67_74	74	7
2016	19	ald67_74	75	7
2016	19	ald67_74	81	35
2016	19	ald67_74	83	131
2016	19	ald67_74	91	63
2016	19	ald67_74	93	30
2016	19	ald67_74	94	35
2016	19	ald67_74	96	28
2016	20	ald15_24	00	32
2016	20	ald15_24	01	21
2016	20	ald15_24	02	37
2016	20	ald15_24	03	137
2016	20	ald15_24	11	5
2016	20	ald15_24	13	6
2016	20	ald15_24	14	31
2016	20	ald15_24	21	5
2016	20	ald15_24	22	63
2016	20	ald15_24	23	67
2016	20	ald15_24	24	17
2016	20	ald15_24	26	26
2016	20	ald15_24	31	41
2016	20	ald15_24	32	39
2016	20	ald15_24	33	48
2016	20	ald15_24	34	31
2016	20	ald15_24	35	24
2016	20	ald15_24	41	71
2016	20	ald15_24	42	104
2016	20	ald15_24	43	57
2016	20	ald15_24	44	11
2016	20	ald15_24	51	305
2016	20	ald15_24	52	1141
2016	20	ald15_24	53	752
2016	20	ald15_24	54	63
2016	20	ald15_24	61	46
2016	20	ald15_24	62	116
2016	20	ald15_24	71	245
2016	20	ald15_24	72	228
2016	20	ald15_24	73	9
2016	20	ald15_24	74	220
2016	20	ald15_24	75	26
2016	20	ald15_24	81	244
2016	20	ald15_24	83	187
2016	20	ald15_24	91	197
2016	20	ald15_24	92	7
2016	20	ald15_24	93	202
2016	20	ald15_24	94	82
2016	20	ald15_24	96	61
2016	20	ald25_54	00	86
2016	20	ald25_54	01	126
2016	20	ald25_54	02	5
2016	20	ald25_54	03	74
2016	20	ald25_54	11	435
2016	20	ald25_54	12	366
2016	20	ald25_54	13	850
2016	20	ald25_54	14	453
2016	20	ald25_54	21	392
2016	20	ald25_54	22	1475
2016	20	ald25_54	23	2120
2016	20	ald25_54	24	1236
2016	20	ald25_54	25	97
2016	20	ald25_54	26	633
2016	20	ald25_54	31	880
2016	20	ald25_54	32	389
2016	20	ald25_54	33	994
2016	20	ald25_54	34	263
2016	20	ald25_54	35	102
2016	20	ald25_54	41	593
2016	20	ald25_54	42	274
2016	20	ald25_54	43	457
2016	20	ald25_54	44	72
2016	20	ald25_54	51	706
2016	20	ald25_54	52	1149
2016	20	ald25_54	53	2697
2016	20	ald25_54	54	315
2016	20	ald25_54	61	83
2016	20	ald25_54	62	348
2016	20	ald25_54	71	724
2016	20	ald25_54	72	479
2016	20	ald25_54	73	28
2016	20	ald25_54	74	339
2016	20	ald25_54	75	114
2016	20	ald25_54	81	912
2016	20	ald25_54	82	7
2016	20	ald25_54	83	879
2016	20	ald25_54	91	715
2016	20	ald25_54	92	15
2016	20	ald25_54	93	383
2016	20	ald25_54	94	91
2016	20	ald25_54	96	147
2016	20	ald55_66	00	48
2016	20	ald55_66	01	13
2016	20	ald55_66	03	8
2016	20	ald55_66	11	165
2016	20	ald55_66	12	150
2016	20	ald55_66	13	303
2016	20	ald55_66	14	109
2016	20	ald55_66	21	88
2016	20	ald55_66	22	345
2016	20	ald55_66	23	672
2016	20	ald55_66	24	429
2016	20	ald55_66	25	16
2016	20	ald55_66	26	148
2016	20	ald55_66	31	260
2016	20	ald55_66	32	94
2016	20	ald55_66	33	247
2016	20	ald55_66	34	59
2016	20	ald55_66	35	17
2016	20	ald55_66	41	200
2016	20	ald55_66	42	57
2016	20	ald55_66	43	145
2016	20	ald55_66	44	41
2016	20	ald55_66	51	207
2016	20	ald55_66	52	191
2016	20	ald55_66	53	815
2016	20	ald55_66	54	56
2016	20	ald55_66	61	17
2016	20	ald55_66	62	48
2016	20	ald55_66	71	122
2016	20	ald55_66	72	71
2016	20	ald55_66	73	19
2016	20	ald55_66	74	59
2016	20	ald55_66	75	15
2016	20	ald55_66	81	200
2016	20	ald55_66	83	266
2016	20	ald55_66	91	231
2016	20	ald55_66	92	5
2016	20	ald55_66	93	58
2016	20	ald55_66	94	23
2016	20	ald55_66	96	39
2016	20	ald67_74	00	44
2016	20	ald67_74	11	19
2016	20	ald67_74	12	16
2016	20	ald67_74	13	22
2016	20	ald67_74	14	9
2016	20	ald67_74	21	8
2016	20	ald67_74	22	28
2016	20	ald67_74	23	48
2016	20	ald67_74	24	22
2016	20	ald67_74	26	14
2016	20	ald67_74	31	22
2016	20	ald67_74	32	4
2016	20	ald67_74	33	15
2016	20	ald67_74	34	4
2016	20	ald67_74	41	22
2016	20	ald67_74	43	8
2016	20	ald67_74	44	5
2016	20	ald67_74	51	34
2016	20	ald67_74	52	50
2016	20	ald67_74	53	154
2016	20	ald67_74	61	7
2016	20	ald67_74	62	4
2016	20	ald67_74	71	13
2016	20	ald67_74	72	7
2016	20	ald67_74	74	9
2016	20	ald67_74	81	26
2016	20	ald67_74	83	60
2016	20	ald67_74	91	46
2016	20	ald67_74	93	18
2016	20	ald67_74	94	13
2016	20	ald67_74	96	14
2016	21	ald15_24	42	6
2016	21	ald15_24	51	14
2016	21	ald15_24	52	13
2016	21	ald15_24	71	8
2016	21	ald15_24	72	5
2016	21	ald15_24	74	7
2016	21	ald15_24	83	4
2016	21	ald25_54	11	22
2016	21	ald25_54	12	24
2016	21	ald25_54	13	32
2016	21	ald25_54	14	28
2016	21	ald25_54	21	41
2016	21	ald25_54	23	66
2016	21	ald25_54	24	56
2016	21	ald25_54	25	7
2016	21	ald25_54	26	14
2016	21	ald25_54	31	66
2016	21	ald25_54	32	13
2016	21	ald25_54	33	42
2016	21	ald25_54	34	6
2016	21	ald25_54	35	6
2016	21	ald25_54	41	17
2016	21	ald25_54	42	31
2016	21	ald25_54	43	30
2016	21	ald25_54	51	76
2016	21	ald25_54	52	37
2016	21	ald25_54	53	23
2016	21	ald25_54	54	22
2016	21	ald25_54	71	47
2016	21	ald25_54	72	32
2016	21	ald25_54	74	19
2016	21	ald25_54	81	32
2016	21	ald25_54	83	18
2016	21	ald55_66	11	13
2016	21	ald55_66	12	8
2016	21	ald55_66	13	10
2016	21	ald55_66	14	9
2016	21	ald55_66	22	12
2016	21	ald55_66	23	9
2016	21	ald55_66	24	6
2016	21	ald55_66	31	9
2016	21	ald55_66	41	8
2016	21	ald55_66	43	14
2016	21	ald55_66	51	6
2016	21	ald55_66	52	5
2016	21	ald55_66	53	9
2016	21	ald55_66	72	17
2016	21	ald55_66	74	5
2016	21	ald55_66	81	9
2016	21	ald55_66	83	13
2016	21	ald67_74	23	4
2016	22	ald25_54	21	4
2016	22	ald25_54	31	6
2016	23	ald15_24	31	40
2016	23	ald15_24	72	15
2016	23	ald15_24	74	24
2016	23	ald15_24	81	395
2016	23	ald25_54	12	4
2016	23	ald25_54	13	575
2016	23	ald25_54	21	202
2016	23	ald25_54	22	38
2016	23	ald25_54	31	1971
2016	23	ald25_54	32	21
2016	23	ald25_54	33	21
2016	23	ald25_54	34	15
2016	23	ald25_54	35	76
2016	23	ald25_54	41	7
2016	23	ald25_54	43	98
2016	23	ald25_54	51	649
2016	23	ald25_54	71	74
2016	23	ald25_54	72	853
2016	23	ald25_54	74	378
2016	23	ald25_54	81	5229
2016	23	ald25_54	82	5
2016	23	ald25_54	83	28
2016	23	ald25_54	91	837
2016	23	ald25_54	96	17
2016	23	ald55_66	11	5
2016	23	ald55_66	13	424
2016	23	ald55_66	21	98
2016	23	ald55_66	22	39
2016	23	ald55_66	24	4
2016	23	ald55_66	31	524
2016	23	ald55_66	32	7
2016	23	ald55_66	33	12
2016	23	ald55_66	34	4
2016	23	ald55_66	35	22
2016	23	ald55_66	43	56
2016	23	ald55_66	51	225
2016	23	ald55_66	71	24
2016	23	ald55_66	72	274
2016	23	ald55_66	74	133
2016	23	ald55_66	81	1316
2016	23	ald55_66	83	15
2016	23	ald55_66	91	347
2016	23	ald55_66	96	13
2016	23	ald67_74	81	9
