STATISTIKKAAR	BOSTEDSFYLKE	ALDERSGRUPPE	YRKE_2	ANTALL
2019	01	ald15_24	00	112
2019	01	ald15_24	01	10
2019	01	ald15_24	02	17
2019	01	ald15_24	03	533
2019	01	ald15_24	11	25
2019	01	ald15_24	12	13
2019	01	ald15_24	13	8
2019	01	ald15_24	14	35
2019	01	ald15_24	21	39
2019	01	ald15_24	22	301
2019	01	ald15_24	23	376
2019	01	ald15_24	24	96
2019	01	ald15_24	25	47
2019	01	ald15_24	26	85
2019	01	ald15_24	31	100
2019	01	ald15_24	32	135
2019	01	ald15_24	33	377
2019	01	ald15_24	34	382
2019	01	ald15_24	35	104
2019	01	ald15_24	41	333
2019	01	ald15_24	42	282
2019	01	ald15_24	43	406
2019	01	ald15_24	44	29
2019	01	ald15_24	51	1045
2019	01	ald15_24	52	3804
2019	01	ald15_24	53	2735
2019	01	ald15_24	54	161
2019	01	ald15_24	61	188
2019	01	ald15_24	62	8
2019	01	ald15_24	71	814
2019	01	ald15_24	72	645
2019	01	ald15_24	73	25
2019	01	ald15_24	74	636
2019	01	ald15_24	75	58
2019	01	ald15_24	81	576
2019	01	ald15_24	82	30
2019	01	ald15_24	83	257
2019	01	ald15_24	91	377
2019	01	ald15_24	92	85
2019	01	ald15_24	93	570
2019	01	ald15_24	94	442
2019	01	ald15_24	96	230
2019	01	ald25_54	00	235
2019	01	ald25_54	01	375
2019	01	ald25_54	02	11
2019	01	ald25_54	03	56
2019	01	ald25_54	11	1253
2019	01	ald25_54	12	1569
2019	01	ald25_54	13	2647
2019	01	ald25_54	14	1444
2019	01	ald25_54	21	1851
2019	01	ald25_54	22	5482
2019	01	ald25_54	23	6818
2019	01	ald25_54	24	3553
2019	01	ald25_54	25	1483
2019	01	ald25_54	26	1634
2019	01	ald25_54	31	3658
2019	01	ald25_54	32	1447
2019	01	ald25_54	33	5762
2019	01	ald25_54	34	1245
2019	01	ald25_54	35	710
2019	01	ald25_54	41	2173
2019	01	ald25_54	42	899
2019	01	ald25_54	43	3343
2019	01	ald25_54	44	158
2019	01	ald25_54	51	2438
2019	01	ald25_54	52	5165
2019	01	ald25_54	53	9558
2019	01	ald25_54	54	999
2019	01	ald25_54	61	370
2019	01	ald25_54	62	23
2019	01	ald25_54	71	4102
2019	01	ald25_54	72	2368
2019	01	ald25_54	73	198
2019	01	ald25_54	74	1405
2019	01	ald25_54	75	299
2019	01	ald25_54	81	3477
2019	01	ald25_54	82	478
2019	01	ald25_54	83	2862
2019	01	ald25_54	91	2010
2019	01	ald25_54	92	79
2019	01	ald25_54	93	1172
2019	01	ald25_54	94	464
2019	01	ald25_54	95	11
2019	01	ald25_54	96	459
2019	01	ald55_66	00	45
2019	01	ald55_66	01	76
2019	01	ald55_66	03	9
2019	01	ald55_66	11	669
2019	01	ald55_66	12	732
2019	01	ald55_66	13	1220
2019	01	ald55_66	14	382
2019	01	ald55_66	21	499
2019	01	ald55_66	22	1236
2019	01	ald55_66	23	1593
2019	01	ald55_66	24	1357
2019	01	ald55_66	25	313
2019	01	ald55_66	26	449
2019	01	ald55_66	31	1235
2019	01	ald55_66	32	390
2019	01	ald55_66	33	1881
2019	01	ald55_66	34	273
2019	01	ald55_66	35	159
2019	01	ald55_66	41	928
2019	01	ald55_66	42	228
2019	01	ald55_66	43	993
2019	01	ald55_66	44	126
2019	01	ald55_66	51	631
2019	01	ald55_66	52	1096
2019	01	ald55_66	53	3049
2019	01	ald55_66	54	159
2019	01	ald55_66	61	98
2019	01	ald55_66	62	12
2019	01	ald55_66	71	682
2019	01	ald55_66	72	631
2019	01	ald55_66	73	68
2019	01	ald55_66	74	321
2019	01	ald55_66	75	77
2019	01	ald55_66	81	1066
2019	01	ald55_66	82	109
2019	01	ald55_66	83	1162
2019	01	ald55_66	91	664
2019	01	ald55_66	92	32
2019	01	ald55_66	93	228
2019	01	ald55_66	94	125
2019	01	ald55_66	96	134
2019	01	ald67_74	00	11
2019	01	ald67_74	11	111
2019	01	ald67_74	12	56
2019	01	ald67_74	13	89
2019	01	ald67_74	14	35
2019	01	ald67_74	21	57
2019	01	ald67_74	22	106
2019	01	ald67_74	23	122
2019	01	ald67_74	24	130
2019	01	ald67_74	25	14
2019	01	ald67_74	26	62
2019	01	ald67_74	31	107
2019	01	ald67_74	32	26
2019	01	ald67_74	33	146
2019	01	ald67_74	34	35
2019	01	ald67_74	35	16
2019	01	ald67_74	41	122
2019	01	ald67_74	42	39
2019	01	ald67_74	43	106
2019	01	ald67_74	44	7
2019	01	ald67_74	51	139
2019	01	ald67_74	52	149
2019	01	ald67_74	53	425
2019	01	ald67_74	54	8
2019	01	ald67_74	61	25
2019	01	ald67_74	71	55
2019	01	ald67_74	72	63
2019	01	ald67_74	73	10
2019	01	ald67_74	74	18
2019	01	ald67_74	75	12
2019	01	ald67_74	81	52
2019	01	ald67_74	83	218
2019	01	ald67_74	91	68
2019	01	ald67_74	93	44
2019	01	ald67_74	94	24
2019	01	ald67_74	96	63
2019	02	ald15_24	00	152
2019	02	ald15_24	01	10
2019	02	ald15_24	02	58
2019	02	ald15_24	03	1507
2019	02	ald15_24	11	41
2019	02	ald15_24	12	40
2019	02	ald15_24	13	24
2019	02	ald15_24	14	124
2019	02	ald15_24	21	84
2019	02	ald15_24	22	437
2019	02	ald15_24	23	1075
2019	02	ald15_24	24	338
2019	02	ald15_24	25	227
2019	02	ald15_24	26	168
2019	02	ald15_24	31	224
2019	02	ald15_24	32	176
2019	02	ald15_24	33	1045
2019	02	ald15_24	34	1170
2019	02	ald15_24	35	324
2019	02	ald15_24	41	840
2019	02	ald15_24	42	740
2019	02	ald15_24	43	1171
2019	02	ald15_24	44	37
2019	02	ald15_24	51	2349
2019	02	ald15_24	52	9819
2019	02	ald15_24	53	4793
2019	02	ald15_24	54	534
2019	02	ald15_24	61	232
2019	02	ald15_24	62	16
2019	02	ald15_24	71	1223
2019	02	ald15_24	72	929
2019	02	ald15_24	73	47
2019	02	ald15_24	74	1398
2019	02	ald15_24	75	104
2019	02	ald15_24	81	316
2019	02	ald15_24	82	34
2019	02	ald15_24	83	436
2019	02	ald15_24	91	766
2019	02	ald15_24	92	119
2019	02	ald15_24	93	810
2019	02	ald15_24	94	726
2019	02	ald15_24	96	290
2019	02	ald25_54	00	887
2019	02	ald25_54	01	955
2019	02	ald25_54	02	57
2019	02	ald25_54	03	122
2019	02	ald25_54	11	4264
2019	02	ald25_54	12	7767
2019	02	ald25_54	13	8308
2019	02	ald25_54	14	3499
2019	02	ald25_54	21	8067
2019	02	ald25_54	22	10606
2019	02	ald25_54	23	13466
2019	02	ald25_54	24	17201
2019	02	ald25_54	25	7245
2019	02	ald25_54	26	5105
2019	02	ald25_54	31	8778
2019	02	ald25_54	32	3018
2019	02	ald25_54	33	19533
2019	02	ald25_54	34	2554
2019	02	ald25_54	35	2861
2019	02	ald25_54	41	5526
2019	02	ald25_54	42	2714
2019	02	ald25_54	43	8804
2019	02	ald25_54	44	343
2019	02	ald25_54	51	5924
2019	02	ald25_54	52	9881
2019	02	ald25_54	53	16292
2019	02	ald25_54	54	2031
2019	02	ald25_54	61	512
2019	02	ald25_54	62	41
2019	02	ald25_54	71	7664
2019	02	ald25_54	72	3220
2019	02	ald25_54	73	374
2019	02	ald25_54	74	2898
2019	02	ald25_54	75	621
2019	02	ald25_54	81	1919
2019	02	ald25_54	82	187
2019	02	ald25_54	83	5417
2019	02	ald25_54	91	4314
2019	02	ald25_54	92	91
2019	02	ald25_54	93	1949
2019	02	ald25_54	94	1308
2019	02	ald25_54	95	14
2019	02	ald25_54	96	869
2019	02	ald55_66	00	145
2019	02	ald55_66	01	127
2019	02	ald55_66	03	14
2019	02	ald55_66	11	2180
2019	02	ald55_66	12	2992
2019	02	ald55_66	13	3561
2019	02	ald55_66	14	815
2019	02	ald55_66	21	2497
2019	02	ald55_66	22	2819
2019	02	ald55_66	23	3621
2019	02	ald55_66	24	5365
2019	02	ald55_66	25	1666
2019	02	ald55_66	26	1230
2019	02	ald55_66	31	2740
2019	02	ald55_66	32	918
2019	02	ald55_66	33	5527
2019	02	ald55_66	34	518
2019	02	ald55_66	35	556
2019	02	ald55_66	41	2027
2019	02	ald55_66	42	603
2019	02	ald55_66	43	2393
2019	02	ald55_66	44	172
2019	02	ald55_66	51	1397
2019	02	ald55_66	52	1686
2019	02	ald55_66	53	4776
2019	02	ald55_66	54	318
2019	02	ald55_66	61	120
2019	02	ald55_66	62	15
2019	02	ald55_66	71	1151
2019	02	ald55_66	72	655
2019	02	ald55_66	73	149
2019	02	ald55_66	74	659
2019	02	ald55_66	75	118
2019	02	ald55_66	81	511
2019	02	ald55_66	82	50
2019	02	ald55_66	83	1831
2019	02	ald55_66	91	862
2019	02	ald55_66	92	20
2019	02	ald55_66	93	297
2019	02	ald55_66	94	257
2019	02	ald55_66	95	7
2019	02	ald55_66	96	181
2019	02	ald67_74	00	43
2019	02	ald67_74	03	5
2019	02	ald67_74	11	258
2019	02	ald67_74	12	190
2019	02	ald67_74	13	241
2019	02	ald67_74	14	64
2019	02	ald67_74	21	254
2019	02	ald67_74	22	253
2019	02	ald67_74	23	345
2019	02	ald67_74	24	401
2019	02	ald67_74	25	63
2019	02	ald67_74	26	127
2019	02	ald67_74	31	214
2019	02	ald67_74	32	62
2019	02	ald67_74	33	377
2019	02	ald67_74	34	60
2019	02	ald67_74	35	47
2019	02	ald67_74	41	271
2019	02	ald67_74	42	63
2019	02	ald67_74	43	216
2019	02	ald67_74	44	11
2019	02	ald67_74	51	228
2019	02	ald67_74	52	208
2019	02	ald67_74	53	638
2019	02	ald67_74	54	24
2019	02	ald67_74	61	31
2019	02	ald67_74	71	74
2019	02	ald67_74	72	63
2019	02	ald67_74	73	17
2019	02	ald67_74	74	42
2019	02	ald67_74	81	28
2019	02	ald67_74	82	8
2019	02	ald67_74	83	406
2019	02	ald67_74	91	72
2019	02	ald67_74	92	6
2019	02	ald67_74	93	44
2019	02	ald67_74	94	27
2019	02	ald67_74	96	81
2019	03	ald15_24	00	126
2019	03	ald15_24	01	32
2019	03	ald15_24	02	52
2019	03	ald15_24	03	846
2019	03	ald15_24	11	101
2019	03	ald15_24	12	63
2019	03	ald15_24	13	48
2019	03	ald15_24	14	201
2019	03	ald15_24	21	258
2019	03	ald15_24	22	891
2019	03	ald15_24	23	1505
2019	03	ald15_24	24	942
2019	03	ald15_24	25	559
2019	03	ald15_24	26	564
2019	03	ald15_24	31	258
2019	03	ald15_24	32	317
2019	03	ald15_24	33	1906
2019	03	ald15_24	34	1250
2019	03	ald15_24	35	536
2019	03	ald15_24	41	1390
2019	03	ald15_24	42	1295
2019	03	ald15_24	43	1093
2019	03	ald15_24	44	82
2019	03	ald15_24	51	3176
2019	03	ald15_24	52	9886
2019	03	ald15_24	53	5773
2019	03	ald15_24	54	644
2019	03	ald15_24	61	44
2019	03	ald15_24	62	8
2019	03	ald15_24	71	707
2019	03	ald15_24	72	359
2019	03	ald15_24	73	48
2019	03	ald15_24	74	912
2019	03	ald15_24	75	78
2019	03	ald15_24	81	228
2019	03	ald15_24	82	6
2019	03	ald15_24	83	344
2019	03	ald15_24	91	631
2019	03	ald15_24	92	53
2019	03	ald15_24	93	469
2019	03	ald15_24	94	737
2019	03	ald15_24	96	361
2019	03	ald25_54	00	1026
2019	03	ald25_54	01	925
2019	03	ald25_54	02	73
2019	03	ald25_54	03	162
2019	03	ald25_54	11	4973
2019	03	ald25_54	12	8704
2019	03	ald25_54	13	7360
2019	03	ald25_54	14	4078
2019	03	ald25_54	21	13489
2019	03	ald25_54	22	15307
2019	03	ald25_54	23	18268
2019	03	ald25_54	24	31423
2019	03	ald25_54	25	13173
2019	03	ald25_54	26	13460
2019	03	ald25_54	31	8199
2019	03	ald25_54	32	3330
2019	03	ald25_54	33	23773
2019	03	ald25_54	34	4241
2019	03	ald25_54	35	4950
2019	03	ald25_54	41	6575
2019	03	ald25_54	42	3798
2019	03	ald25_54	43	7118
2019	03	ald25_54	44	483
2019	03	ald25_54	51	10375
2019	03	ald25_54	52	11618
2019	03	ald25_54	53	16053
2019	03	ald25_54	54	2225
2019	03	ald25_54	61	206
2019	03	ald25_54	62	23
2019	03	ald25_54	71	6395
2019	03	ald25_54	72	1338
2019	03	ald25_54	73	350
2019	03	ald25_54	74	2075
2019	03	ald25_54	75	627
2019	03	ald25_54	81	1446
2019	03	ald25_54	82	90
2019	03	ald25_54	83	4679
2019	03	ald25_54	91	5937
2019	03	ald25_54	92	49
2019	03	ald25_54	93	1628
2019	03	ald25_54	94	2519
2019	03	ald25_54	95	23
2019	03	ald25_54	96	825
2019	03	ald55_66	00	72
2019	03	ald55_66	01	62
2019	03	ald55_66	03	7
2019	03	ald55_66	11	1998
2019	03	ald55_66	12	2605
2019	03	ald55_66	13	2545
2019	03	ald55_66	14	626
2019	03	ald55_66	21	1992
2019	03	ald55_66	22	2757
2019	03	ald55_66	23	3229
2019	03	ald55_66	24	5972
2019	03	ald55_66	25	1397
2019	03	ald55_66	26	1876
2019	03	ald55_66	31	1534
2019	03	ald55_66	32	683
2019	03	ald55_66	33	4129
2019	03	ald55_66	34	629
2019	03	ald55_66	35	549
2019	03	ald55_66	41	1445
2019	03	ald55_66	42	611
2019	03	ald55_66	43	1507
2019	03	ald55_66	44	168
2019	03	ald55_66	51	1433
2019	03	ald55_66	52	978
2019	03	ald55_66	53	2977
2019	03	ald55_66	54	186
2019	03	ald55_66	61	43
2019	03	ald55_66	62	4
2019	03	ald55_66	71	877
2019	03	ald55_66	72	267
2019	03	ald55_66	73	116
2019	03	ald55_66	74	314
2019	03	ald55_66	75	111
2019	03	ald55_66	81	326
2019	03	ald55_66	82	23
2019	03	ald55_66	83	1053
2019	03	ald55_66	91	1072
2019	03	ald55_66	92	5
2019	03	ald55_66	93	169
2019	03	ald55_66	94	376
2019	03	ald55_66	96	187
2019	03	ald67_74	00	42
2019	03	ald67_74	11	280
2019	03	ald67_74	12	230
2019	03	ald67_74	13	195
2019	03	ald67_74	14	93
2019	03	ald67_74	21	276
2019	03	ald67_74	22	300
2019	03	ald67_74	23	480
2019	03	ald67_74	24	497
2019	03	ald67_74	25	60
2019	03	ald67_74	26	287
2019	03	ald67_74	31	145
2019	03	ald67_74	32	55
2019	03	ald67_74	33	335
2019	03	ald67_74	34	87
2019	03	ald67_74	35	33
2019	03	ald67_74	41	213
2019	03	ald67_74	42	71
2019	03	ald67_74	43	111
2019	03	ald67_74	44	9
2019	03	ald67_74	51	175
2019	03	ald67_74	52	132
2019	03	ald67_74	53	286
2019	03	ald67_74	54	19
2019	03	ald67_74	61	4
2019	03	ald67_74	71	51
2019	03	ald67_74	72	27
2019	03	ald67_74	73	14
2019	03	ald67_74	74	25
2019	03	ald67_74	75	8
2019	03	ald67_74	81	21
2019	03	ald67_74	83	146
2019	03	ald67_74	91	71
2019	03	ald67_74	93	23
2019	03	ald67_74	94	25
2019	03	ald67_74	96	59
2019	04	ald15_24	00	62
2019	04	ald15_24	01	10
2019	04	ald15_24	02	37
2019	04	ald15_24	03	453
2019	04	ald15_24	11	12
2019	04	ald15_24	12	5
2019	04	ald15_24	13	12
2019	04	ald15_24	14	30
2019	04	ald15_24	21	26
2019	04	ald15_24	22	221
2019	04	ald15_24	23	239
2019	04	ald15_24	24	60
2019	04	ald15_24	25	42
2019	04	ald15_24	26	61
2019	04	ald15_24	31	77
2019	04	ald15_24	32	78
2019	04	ald15_24	33	213
2019	04	ald15_24	34	182
2019	04	ald15_24	35	66
2019	04	ald15_24	41	148
2019	04	ald15_24	42	258
2019	04	ald15_24	43	236
2019	04	ald15_24	44	14
2019	04	ald15_24	51	593
2019	04	ald15_24	52	2447
2019	04	ald15_24	53	2173
2019	04	ald15_24	54	109
2019	04	ald15_24	61	230
2019	04	ald15_24	62	27
2019	04	ald15_24	71	618
2019	04	ald15_24	72	537
2019	04	ald15_24	73	12
2019	04	ald15_24	74	448
2019	04	ald15_24	75	35
2019	04	ald15_24	81	305
2019	04	ald15_24	82	19
2019	04	ald15_24	83	354
2019	04	ald15_24	91	279
2019	04	ald15_24	92	47
2019	04	ald15_24	93	329
2019	04	ald15_24	94	242
2019	04	ald15_24	96	107
2019	04	ald25_54	00	193
2019	04	ald25_54	01	761
2019	04	ald25_54	02	50
2019	04	ald25_54	03	83
2019	04	ald25_54	11	737
2019	04	ald25_54	12	1030
2019	04	ald25_54	13	1692
2019	04	ald25_54	14	1070
2019	04	ald25_54	21	1104
2019	04	ald25_54	22	4070
2019	04	ald25_54	23	4420
2019	04	ald25_54	24	2647
2019	04	ald25_54	25	729
2019	04	ald25_54	26	998
2019	04	ald25_54	31	1976
2019	04	ald25_54	32	1042
2019	04	ald25_54	33	3140
2019	04	ald25_54	34	765
2019	04	ald25_54	35	375
2019	04	ald25_54	41	1055
2019	04	ald25_54	42	641
2019	04	ald25_54	43	1267
2019	04	ald25_54	44	87
2019	04	ald25_54	51	1725
2019	04	ald25_54	52	3376
2019	04	ald25_54	53	6473
2019	04	ald25_54	54	481
2019	04	ald25_54	61	418
2019	04	ald25_54	62	34
2019	04	ald25_54	71	2485
2019	04	ald25_54	72	1644
2019	04	ald25_54	73	85
2019	04	ald25_54	74	907
2019	04	ald25_54	75	223
2019	04	ald25_54	81	2068
2019	04	ald25_54	82	75
2019	04	ald25_54	83	2557
2019	04	ald25_54	91	1482
2019	04	ald25_54	92	83
2019	04	ald25_54	93	650
2019	04	ald25_54	94	370
2019	04	ald25_54	95	5
2019	04	ald25_54	96	418
2019	04	ald55_66	00	70
2019	04	ald55_66	01	34
2019	04	ald55_66	11	406
2019	04	ald55_66	12	467
2019	04	ald55_66	13	944
2019	04	ald55_66	14	254
2019	04	ald55_66	21	342
2019	04	ald55_66	22	1029
2019	04	ald55_66	23	1228
2019	04	ald55_66	24	1114
2019	04	ald55_66	25	188
2019	04	ald55_66	26	254
2019	04	ald55_66	31	726
2019	04	ald55_66	32	339
2019	04	ald55_66	33	1251
2019	04	ald55_66	34	197
2019	04	ald55_66	35	90
2019	04	ald55_66	41	519
2019	04	ald55_66	42	177
2019	04	ald55_66	43	503
2019	04	ald55_66	44	128
2019	04	ald55_66	51	556
2019	04	ald55_66	52	867
2019	04	ald55_66	53	2521
2019	04	ald55_66	54	116
2019	04	ald55_66	61	125
2019	04	ald55_66	62	30
2019	04	ald55_66	71	543
2019	04	ald55_66	72	403
2019	04	ald55_66	73	35
2019	04	ald55_66	74	256
2019	04	ald55_66	75	61
2019	04	ald55_66	81	763
2019	04	ald55_66	82	13
2019	04	ald55_66	83	1054
2019	04	ald55_66	91	597
2019	04	ald55_66	92	19
2019	04	ald55_66	93	155
2019	04	ald55_66	94	137
2019	04	ald55_66	96	147
2019	04	ald67_74	00	28
2019	04	ald67_74	11	61
2019	04	ald67_74	12	37
2019	04	ald67_74	13	77
2019	04	ald67_74	14	26
2019	04	ald67_74	21	54
2019	04	ald67_74	22	103
2019	04	ald67_74	23	99
2019	04	ald67_74	24	101
2019	04	ald67_74	25	11
2019	04	ald67_74	26	40
2019	04	ald67_74	31	71
2019	04	ald67_74	32	24
2019	04	ald67_74	33	91
2019	04	ald67_74	34	16
2019	04	ald67_74	41	78
2019	04	ald67_74	42	20
2019	04	ald67_74	43	48
2019	04	ald67_74	44	9
2019	04	ald67_74	51	138
2019	04	ald67_74	52	113
2019	04	ald67_74	53	334
2019	04	ald67_74	54	14
2019	04	ald67_74	61	53
2019	04	ald67_74	62	7
2019	04	ald67_74	71	59
2019	04	ald67_74	72	44
2019	04	ald67_74	73	10
2019	04	ald67_74	74	12
2019	04	ald67_74	75	6
2019	04	ald67_74	81	51
2019	04	ald67_74	83	236
2019	04	ald67_74	91	83
2019	04	ald67_74	92	12
2019	04	ald67_74	93	34
2019	04	ald67_74	94	30
2019	04	ald67_74	96	63
2019	05	ald15_24	00	34
2019	05	ald15_24	01	10
2019	05	ald15_24	02	13
2019	05	ald15_24	03	426
2019	05	ald15_24	11	11
2019	05	ald15_24	12	4
2019	05	ald15_24	13	15
2019	05	ald15_24	14	45
2019	05	ald15_24	21	26
2019	05	ald15_24	22	234
2019	05	ald15_24	23	281
2019	05	ald15_24	24	52
2019	05	ald15_24	25	43
2019	05	ald15_24	26	46
2019	05	ald15_24	31	67
2019	05	ald15_24	32	92
2019	05	ald15_24	33	238
2019	05	ald15_24	34	117
2019	05	ald15_24	35	86
2019	05	ald15_24	41	138
2019	05	ald15_24	42	377
2019	05	ald15_24	43	207
2019	05	ald15_24	44	19
2019	05	ald15_24	51	760
2019	05	ald15_24	52	2739
2019	05	ald15_24	53	2031
2019	05	ald15_24	54	78
2019	05	ald15_24	61	304
2019	05	ald15_24	62	20
2019	05	ald15_24	71	620
2019	05	ald15_24	72	474
2019	05	ald15_24	73	20
2019	05	ald15_24	74	558
2019	05	ald15_24	75	81
2019	05	ald15_24	81	360
2019	05	ald15_24	82	42
2019	05	ald15_24	83	417
2019	05	ald15_24	91	177
2019	05	ald15_24	92	43
2019	05	ald15_24	93	409
2019	05	ald15_24	94	333
2019	05	ald15_24	96	83
2019	05	ald25_54	00	165
2019	05	ald25_54	01	225
2019	05	ald25_54	02	15
2019	05	ald25_54	03	37
2019	05	ald25_54	11	798
2019	05	ald25_54	12	863
2019	05	ald25_54	13	1781
2019	05	ald25_54	14	1081
2019	05	ald25_54	21	1124
2019	05	ald25_54	22	3914
2019	05	ald25_54	23	4441
2019	05	ald25_54	24	2232
2019	05	ald25_54	25	646
2019	05	ald25_54	26	921
2019	05	ald25_54	31	2184
2019	05	ald25_54	32	952
2019	05	ald25_54	33	3175
2019	05	ald25_54	34	655
2019	05	ald25_54	35	375
2019	05	ald25_54	41	1075
2019	05	ald25_54	42	714
2019	05	ald25_54	43	1235
2019	05	ald25_54	44	82
2019	05	ald25_54	51	1823
2019	05	ald25_54	52	3440
2019	05	ald25_54	53	5966
2019	05	ald25_54	54	278
2019	05	ald25_54	61	428
2019	05	ald25_54	62	30
2019	05	ald25_54	71	2639
2019	05	ald25_54	72	1469
2019	05	ald25_54	73	85
2019	05	ald25_54	74	943
2019	05	ald25_54	75	287
2019	05	ald25_54	81	2329
2019	05	ald25_54	82	148
2019	05	ald25_54	83	2547
2019	05	ald25_54	91	1428
2019	05	ald25_54	92	59
2019	05	ald25_54	93	776
2019	05	ald25_54	94	405
2019	05	ald25_54	96	331
2019	05	ald55_66	00	80
2019	05	ald55_66	01	43
2019	05	ald55_66	11	409
2019	05	ald55_66	12	438
2019	05	ald55_66	13	822
2019	05	ald55_66	14	300
2019	05	ald55_66	21	386
2019	05	ald55_66	22	1021
2019	05	ald55_66	23	1164
2019	05	ald55_66	24	919
2019	05	ald55_66	25	156
2019	05	ald55_66	26	281
2019	05	ald55_66	31	705
2019	05	ald55_66	32	298
2019	05	ald55_66	33	1171
2019	05	ald55_66	34	184
2019	05	ald55_66	35	88
2019	05	ald55_66	41	533
2019	05	ald55_66	42	161
2019	05	ald55_66	43	478
2019	05	ald55_66	44	115
2019	05	ald55_66	51	639
2019	05	ald55_66	52	879
2019	05	ald55_66	53	2518
2019	05	ald55_66	54	59
2019	05	ald55_66	61	143
2019	05	ald55_66	62	10
2019	05	ald55_66	71	560
2019	05	ald55_66	72	332
2019	05	ald55_66	73	54
2019	05	ald55_66	74	189
2019	05	ald55_66	75	85
2019	05	ald55_66	81	709
2019	05	ald55_66	82	43
2019	05	ald55_66	83	985
2019	05	ald55_66	91	593
2019	05	ald55_66	92	11
2019	05	ald55_66	93	164
2019	05	ald55_66	94	121
2019	05	ald55_66	96	114
2019	05	ald67_74	00	34
2019	05	ald67_74	11	63
2019	05	ald67_74	12	31
2019	05	ald67_74	13	69
2019	05	ald67_74	14	20
2019	05	ald67_74	21	40
2019	05	ald67_74	22	109
2019	05	ald67_74	23	119
2019	05	ald67_74	24	74
2019	05	ald67_74	25	6
2019	05	ald67_74	26	30
2019	05	ald67_74	31	41
2019	05	ald67_74	32	17
2019	05	ald67_74	33	118
2019	05	ald67_74	34	20
2019	05	ald67_74	35	6
2019	05	ald67_74	41	83
2019	05	ald67_74	42	32
2019	05	ald67_74	43	52
2019	05	ald67_74	44	11
2019	05	ald67_74	51	107
2019	05	ald67_74	52	115
2019	05	ald67_74	53	443
2019	05	ald67_74	54	6
2019	05	ald67_74	61	88
2019	05	ald67_74	62	7
2019	05	ald67_74	71	51
2019	05	ald67_74	72	41
2019	05	ald67_74	74	16
2019	05	ald67_74	75	12
2019	05	ald67_74	81	49
2019	05	ald67_74	83	244
2019	05	ald67_74	91	73
2019	05	ald67_74	93	21
2019	05	ald67_74	94	21
2019	05	ald67_74	96	44
2019	06	ald15_24	00	61
2019	06	ald15_24	01	7
2019	06	ald15_24	02	10
2019	06	ald15_24	03	518
2019	06	ald15_24	11	24
2019	06	ald15_24	12	7
2019	06	ald15_24	13	18
2019	06	ald15_24	14	40
2019	06	ald15_24	21	33
2019	06	ald15_24	22	280
2019	06	ald15_24	23	377
2019	06	ald15_24	24	93
2019	06	ald15_24	25	83
2019	06	ald15_24	26	65
2019	06	ald15_24	31	166
2019	06	ald15_24	32	95
2019	06	ald15_24	33	366
2019	06	ald15_24	34	314
2019	06	ald15_24	35	128
2019	06	ald15_24	41	329
2019	06	ald15_24	42	364
2019	06	ald15_24	43	367
2019	06	ald15_24	44	30
2019	06	ald15_24	51	908
2019	06	ald15_24	52	4141
2019	06	ald15_24	53	2359
2019	06	ald15_24	54	191
2019	06	ald15_24	61	134
2019	06	ald15_24	62	13
2019	06	ald15_24	71	778
2019	06	ald15_24	72	593
2019	06	ald15_24	73	18
2019	06	ald15_24	74	830
2019	06	ald15_24	75	76
2019	06	ald15_24	81	274
2019	06	ald15_24	82	28
2019	06	ald15_24	83	342
2019	06	ald15_24	91	365
2019	06	ald15_24	92	39
2019	06	ald15_24	93	651
2019	06	ald15_24	94	365
2019	06	ald15_24	96	178
2019	06	ald25_54	00	340
2019	06	ald25_54	01	187
2019	06	ald25_54	02	20
2019	06	ald25_54	03	42
2019	06	ald25_54	11	1479
2019	06	ald25_54	12	1979
2019	06	ald25_54	13	3114
2019	06	ald25_54	14	1743
2019	06	ald25_54	21	2601
2019	06	ald25_54	22	4971
2019	06	ald25_54	23	6374
2019	06	ald25_54	24	4616
2019	06	ald25_54	25	1843
2019	06	ald25_54	26	1573
2019	06	ald25_54	31	5230
2019	06	ald25_54	32	1375
2019	06	ald25_54	33	6256
2019	06	ald25_54	34	1148
2019	06	ald25_54	35	905
2019	06	ald25_54	41	2265
2019	06	ald25_54	42	1145
2019	06	ald25_54	43	2647
2019	06	ald25_54	44	164
2019	06	ald25_54	51	2738
2019	06	ald25_54	52	5157
2019	06	ald25_54	53	9422
2019	06	ald25_54	54	646
2019	06	ald25_54	61	414
2019	06	ald25_54	62	31
2019	06	ald25_54	71	4075
2019	06	ald25_54	72	2307
2019	06	ald25_54	73	130
2019	06	ald25_54	74	1523
2019	06	ald25_54	75	357
2019	06	ald25_54	81	1992
2019	06	ald25_54	82	374
2019	06	ald25_54	83	3060
2019	06	ald25_54	91	2174
2019	06	ald25_54	92	112
2019	06	ald25_54	93	1421
2019	06	ald25_54	94	580
2019	06	ald25_54	96	450
2019	06	ald55_66	00	93
2019	06	ald55_66	01	43
2019	06	ald55_66	03	4
2019	06	ald55_66	11	752
2019	06	ald55_66	12	868
2019	06	ald55_66	13	1407
2019	06	ald55_66	14	386
2019	06	ald55_66	21	794
2019	06	ald55_66	22	1267
2019	06	ald55_66	23	1518
2019	06	ald55_66	24	1556
2019	06	ald55_66	25	402
2019	06	ald55_66	26	365
2019	06	ald55_66	31	1633
2019	06	ald55_66	32	373
2019	06	ald55_66	33	1999
2019	06	ald55_66	34	257
2019	06	ald55_66	35	160
2019	06	ald55_66	41	875
2019	06	ald55_66	42	216
2019	06	ald55_66	43	885
2019	06	ald55_66	44	114
2019	06	ald55_66	51	727
2019	06	ald55_66	52	1004
2019	06	ald55_66	53	3202
2019	06	ald55_66	54	120
2019	06	ald55_66	61	90
2019	06	ald55_66	62	11
2019	06	ald55_66	71	714
2019	06	ald55_66	72	557
2019	06	ald55_66	73	48
2019	06	ald55_66	74	347
2019	06	ald55_66	75	68
2019	06	ald55_66	81	559
2019	06	ald55_66	82	123
2019	06	ald55_66	83	1079
2019	06	ald55_66	91	567
2019	06	ald55_66	92	21
2019	06	ald55_66	93	285
2019	06	ald55_66	94	161
2019	06	ald55_66	96	117
2019	06	ald67_74	00	13
2019	06	ald67_74	11	176
2019	06	ald67_74	12	72
2019	06	ald67_74	13	118
2019	06	ald67_74	14	51
2019	06	ald67_74	21	83
2019	06	ald67_74	22	131
2019	06	ald67_74	23	134
2019	06	ald67_74	24	129
2019	06	ald67_74	25	12
2019	06	ald67_74	26	57
2019	06	ald67_74	31	130
2019	06	ald67_74	32	36
2019	06	ald67_74	33	194
2019	06	ald67_74	34	32
2019	06	ald67_74	35	7
2019	06	ald67_74	41	148
2019	06	ald67_74	42	16
2019	06	ald67_74	43	90
2019	06	ald67_74	44	14
2019	06	ald67_74	51	139
2019	06	ald67_74	52	177
2019	06	ald67_74	53	466
2019	06	ald67_74	54	9
2019	06	ald67_74	61	32
2019	06	ald67_74	71	62
2019	06	ald67_74	72	53
2019	06	ald67_74	73	4
2019	06	ald67_74	74	25
2019	06	ald67_74	75	9
2019	06	ald67_74	81	40
2019	06	ald67_74	82	4
2019	06	ald67_74	83	234
2019	06	ald67_74	91	75
2019	06	ald67_74	92	6
2019	06	ald67_74	93	53
2019	06	ald67_74	94	22
2019	06	ald67_74	96	48
2019	07	ald15_24	00	114
2019	07	ald15_24	02	15
2019	07	ald15_24	03	517
2019	07	ald15_24	11	19
2019	07	ald15_24	12	11
2019	07	ald15_24	13	14
2019	07	ald15_24	14	45
2019	07	ald15_24	21	20
2019	07	ald15_24	22	220
2019	07	ald15_24	23	297
2019	07	ald15_24	24	105
2019	07	ald15_24	25	51
2019	07	ald15_24	26	63
2019	07	ald15_24	31	121
2019	07	ald15_24	32	76
2019	07	ald15_24	33	385
2019	07	ald15_24	34	269
2019	07	ald15_24	35	112
2019	07	ald15_24	41	256
2019	07	ald15_24	42	281
2019	07	ald15_24	43	360
2019	07	ald15_24	44	17
2019	07	ald15_24	51	792
2019	07	ald15_24	52	3795
2019	07	ald15_24	53	2078
2019	07	ald15_24	54	129
2019	07	ald15_24	61	154
2019	07	ald15_24	71	638
2019	07	ald15_24	72	494
2019	07	ald15_24	73	28
2019	07	ald15_24	74	568
2019	07	ald15_24	75	57
2019	07	ald15_24	81	326
2019	07	ald15_24	82	62
2019	07	ald15_24	83	285
2019	07	ald15_24	91	410
2019	07	ald15_24	92	52
2019	07	ald15_24	93	518
2019	07	ald15_24	94	355
2019	07	ald15_24	96	177
2019	07	ald25_54	00	260
2019	07	ald25_54	01	200
2019	07	ald25_54	02	12
2019	07	ald25_54	03	51
2019	07	ald25_54	11	1183
2019	07	ald25_54	12	1700
2019	07	ald25_54	13	2368
2019	07	ald25_54	14	1324
2019	07	ald25_54	21	1841
2019	07	ald25_54	22	4664
2019	07	ald25_54	23	5788
2019	07	ald25_54	24	3578
2019	07	ald25_54	25	1419
2019	07	ald25_54	26	1469
2019	07	ald25_54	31	3896
2019	07	ald25_54	32	1245
2019	07	ald25_54	33	5300
2019	07	ald25_54	34	950
2019	07	ald25_54	35	689
2019	07	ald25_54	41	1664
2019	07	ald25_54	42	863
2019	07	ald25_54	43	2259
2019	07	ald25_54	44	118
2019	07	ald25_54	51	2299
2019	07	ald25_54	52	4258
2019	07	ald25_54	53	8041
2019	07	ald25_54	54	691
2019	07	ald25_54	61	375
2019	07	ald25_54	62	19
2019	07	ald25_54	71	3321
2019	07	ald25_54	72	1799
2019	07	ald25_54	73	132
2019	07	ald25_54	74	1165
2019	07	ald25_54	75	332
2019	07	ald25_54	81	2433
2019	07	ald25_54	82	369
2019	07	ald25_54	83	2231
2019	07	ald25_54	91	1855
2019	07	ald25_54	92	85
2019	07	ald25_54	93	1214
2019	07	ald25_54	94	374
2019	07	ald25_54	95	6
2019	07	ald25_54	96	444
2019	07	ald55_66	00	60
2019	07	ald55_66	01	38
2019	07	ald55_66	11	684
2019	07	ald55_66	12	825
2019	07	ald55_66	13	1215
2019	07	ald55_66	14	393
2019	07	ald55_66	21	561
2019	07	ald55_66	22	1238
2019	07	ald55_66	23	1462
2019	07	ald55_66	24	1365
2019	07	ald55_66	25	322
2019	07	ald55_66	26	393
2019	07	ald55_66	31	1293
2019	07	ald55_66	32	461
2019	07	ald55_66	33	1697
2019	07	ald55_66	34	212
2019	07	ald55_66	35	139
2019	07	ald55_66	41	720
2019	07	ald55_66	42	221
2019	07	ald55_66	43	725
2019	07	ald55_66	44	77
2019	07	ald55_66	51	604
2019	07	ald55_66	52	1014
2019	07	ald55_66	53	2891
2019	07	ald55_66	54	114
2019	07	ald55_66	61	114
2019	07	ald55_66	71	634
2019	07	ald55_66	72	499
2019	07	ald55_66	73	45
2019	07	ald55_66	74	315
2019	07	ald55_66	75	73
2019	07	ald55_66	81	636
2019	07	ald55_66	82	105
2019	07	ald55_66	83	846
2019	07	ald55_66	91	544
2019	07	ald55_66	92	22
2019	07	ald55_66	93	199
2019	07	ald55_66	94	119
2019	07	ald55_66	96	88
2019	07	ald67_74	00	13
2019	07	ald67_74	11	108
2019	07	ald67_74	12	70
2019	07	ald67_74	13	74
2019	07	ald67_74	14	36
2019	07	ald67_74	21	55
2019	07	ald67_74	22	132
2019	07	ald67_74	23	126
2019	07	ald67_74	24	130
2019	07	ald67_74	25	17
2019	07	ald67_74	26	60
2019	07	ald67_74	31	115
2019	07	ald67_74	32	26
2019	07	ald67_74	33	124
2019	07	ald67_74	34	32
2019	07	ald67_74	35	12
2019	07	ald67_74	41	98
2019	07	ald67_74	42	19
2019	07	ald67_74	43	72
2019	07	ald67_74	44	14
2019	07	ald67_74	51	124
2019	07	ald67_74	52	140
2019	07	ald67_74	53	335
2019	07	ald67_74	54	22
2019	07	ald67_74	61	24
2019	07	ald67_74	71	63
2019	07	ald67_74	72	55
2019	07	ald67_74	73	7
2019	07	ald67_74	74	23
2019	07	ald67_74	81	51
2019	07	ald67_74	82	9
2019	07	ald67_74	83	206
2019	07	ald67_74	91	55
2019	07	ald67_74	92	8
2019	07	ald67_74	93	37
2019	07	ald67_74	94	12
2019	07	ald67_74	96	44
2019	08	ald15_24	00	15
2019	08	ald15_24	02	10
2019	08	ald15_24	03	305
2019	08	ald15_24	11	11
2019	08	ald15_24	12	7
2019	08	ald15_24	13	5
2019	08	ald15_24	14	35
2019	08	ald15_24	21	16
2019	08	ald15_24	22	178
2019	08	ald15_24	23	346
2019	08	ald15_24	24	36
2019	08	ald15_24	25	38
2019	08	ald15_24	26	43
2019	08	ald15_24	31	89
2019	08	ald15_24	32	83
2019	08	ald15_24	33	160
2019	08	ald15_24	34	112
2019	08	ald15_24	35	53
2019	08	ald15_24	41	102
2019	08	ald15_24	42	132
2019	08	ald15_24	43	133
2019	08	ald15_24	44	11
2019	08	ald15_24	51	592
2019	08	ald15_24	52	2588
2019	08	ald15_24	53	1346
2019	08	ald15_24	54	78
2019	08	ald15_24	61	115
2019	08	ald15_24	62	4
2019	08	ald15_24	71	518
2019	08	ald15_24	72	490
2019	08	ald15_24	73	10
2019	08	ald15_24	74	487
2019	08	ald15_24	75	32
2019	08	ald15_24	81	407
2019	08	ald15_24	82	29
2019	08	ald15_24	83	279
2019	08	ald15_24	91	202
2019	08	ald15_24	92	18
2019	08	ald15_24	93	364
2019	08	ald15_24	94	249
2019	08	ald15_24	96	81
2019	08	ald25_54	00	78
2019	08	ald25_54	01	38
2019	08	ald25_54	02	5
2019	08	ald25_54	03	12
2019	08	ald25_54	11	704
2019	08	ald25_54	12	733
2019	08	ald25_54	13	1582
2019	08	ald25_54	14	977
2019	08	ald25_54	21	1135
2019	08	ald25_54	22	3513
2019	08	ald25_54	23	4324
2019	08	ald25_54	24	1672
2019	08	ald25_54	25	528
2019	08	ald25_54	26	960
2019	08	ald25_54	31	2678
2019	08	ald25_54	32	764
2019	08	ald25_54	33	2753
2019	08	ald25_54	34	629
2019	08	ald25_54	35	357
2019	08	ald25_54	41	956
2019	08	ald25_54	42	472
2019	08	ald25_54	43	900
2019	08	ald25_54	44	93
2019	08	ald25_54	51	1454
2019	08	ald25_54	52	3304
2019	08	ald25_54	53	5614
2019	08	ald25_54	54	440
2019	08	ald25_54	61	180
2019	08	ald25_54	62	47
2019	08	ald25_54	71	2348
2019	08	ald25_54	72	1667
2019	08	ald25_54	73	115
2019	08	ald25_54	74	1056
2019	08	ald25_54	75	179
2019	08	ald25_54	81	2314
2019	08	ald25_54	82	301
2019	08	ald25_54	83	1989
2019	08	ald25_54	91	1188
2019	08	ald25_54	92	48
2019	08	ald25_54	93	592
2019	08	ald25_54	94	284
2019	08	ald25_54	96	250
2019	08	ald55_66	00	32
2019	08	ald55_66	01	4
2019	08	ald55_66	11	428
2019	08	ald55_66	12	357
2019	08	ald55_66	13	830
2019	08	ald55_66	14	227
2019	08	ald55_66	21	419
2019	08	ald55_66	22	880
2019	08	ald55_66	23	1059
2019	08	ald55_66	24	771
2019	08	ald55_66	25	107
2019	08	ald55_66	26	279
2019	08	ald55_66	31	979
2019	08	ald55_66	32	233
2019	08	ald55_66	33	1125
2019	08	ald55_66	34	158
2019	08	ald55_66	35	58
2019	08	ald55_66	41	508
2019	08	ald55_66	42	110
2019	08	ald55_66	43	403
2019	08	ald55_66	44	114
2019	08	ald55_66	51	346
2019	08	ald55_66	52	682
2019	08	ald55_66	53	2289
2019	08	ald55_66	54	82
2019	08	ald55_66	61	47
2019	08	ald55_66	62	10
2019	08	ald55_66	71	422
2019	08	ald55_66	72	439
2019	08	ald55_66	73	44
2019	08	ald55_66	74	282
2019	08	ald55_66	75	37
2019	08	ald55_66	81	681
2019	08	ald55_66	82	114
2019	08	ald55_66	83	782
2019	08	ald55_66	91	437
2019	08	ald55_66	92	15
2019	08	ald55_66	93	118
2019	08	ald55_66	94	94
2019	08	ald55_66	96	56
2019	08	ald67_74	00	13
2019	08	ald67_74	11	68
2019	08	ald67_74	12	49
2019	08	ald67_74	13	66
2019	08	ald67_74	14	33
2019	08	ald67_74	21	55
2019	08	ald67_74	22	71
2019	08	ald67_74	23	94
2019	08	ald67_74	24	60
2019	08	ald67_74	25	7
2019	08	ald67_74	26	38
2019	08	ald67_74	31	59
2019	08	ald67_74	32	17
2019	08	ald67_74	33	61
2019	08	ald67_74	34	20
2019	08	ald67_74	35	9
2019	08	ald67_74	41	49
2019	08	ald67_74	42	11
2019	08	ald67_74	43	50
2019	08	ald67_74	51	77
2019	08	ald67_74	52	93
2019	08	ald67_74	53	286
2019	08	ald67_74	54	5
2019	08	ald67_74	61	15
2019	08	ald67_74	62	4
2019	08	ald67_74	71	33
2019	08	ald67_74	72	34
2019	08	ald67_74	73	8
2019	08	ald67_74	74	19
2019	08	ald67_74	81	20
2019	08	ald67_74	82	6
2019	08	ald67_74	83	177
2019	08	ald67_74	91	38
2019	08	ald67_74	93	27
2019	08	ald67_74	94	12
2019	08	ald67_74	96	23
2019	09	ald15_24	00	30
2019	09	ald15_24	02	5
2019	09	ald15_24	03	216
2019	09	ald15_24	11	13
2019	09	ald15_24	14	22
2019	09	ald15_24	21	5
2019	09	ald15_24	22	139
2019	09	ald15_24	23	194
2019	09	ald15_24	24	16
2019	09	ald15_24	25	34
2019	09	ald15_24	26	29
2019	09	ald15_24	31	42
2019	09	ald15_24	32	50
2019	09	ald15_24	33	114
2019	09	ald15_24	34	98
2019	09	ald15_24	35	54
2019	09	ald15_24	41	110
2019	09	ald15_24	42	83
2019	09	ald15_24	43	161
2019	09	ald15_24	44	9
2019	09	ald15_24	51	387
2019	09	ald15_24	52	1783
2019	09	ald15_24	53	993
2019	09	ald15_24	54	53
2019	09	ald15_24	61	80
2019	09	ald15_24	71	398
2019	09	ald15_24	72	329
2019	09	ald15_24	73	5
2019	09	ald15_24	74	268
2019	09	ald15_24	75	39
2019	09	ald15_24	81	195
2019	09	ald15_24	82	18
2019	09	ald15_24	83	177
2019	09	ald15_24	91	138
2019	09	ald15_24	92	29
2019	09	ald15_24	93	232
2019	09	ald15_24	94	224
2019	09	ald15_24	96	48
2019	09	ald25_54	00	98
2019	09	ald25_54	01	41
2019	09	ald25_54	02	5
2019	09	ald25_54	03	8
2019	09	ald25_54	11	548
2019	09	ald25_54	12	595
2019	09	ald25_54	13	1116
2019	09	ald25_54	14	604
2019	09	ald25_54	21	744
2019	09	ald25_54	22	2360
2019	09	ald25_54	23	3078
2019	09	ald25_54	24	1376
2019	09	ald25_54	25	578
2019	09	ald25_54	26	582
2019	09	ald25_54	31	1792
2019	09	ald25_54	32	506
2019	09	ald25_54	33	1771
2019	09	ald25_54	34	495
2019	09	ald25_54	35	293
2019	09	ald25_54	41	830
2019	09	ald25_54	42	271
2019	09	ald25_54	43	736
2019	09	ald25_54	44	70
2019	09	ald25_54	51	932
2019	09	ald25_54	52	2164
2019	09	ald25_54	53	3811
2019	09	ald25_54	54	243
2019	09	ald25_54	61	167
2019	09	ald25_54	62	29
2019	09	ald25_54	71	1721
2019	09	ald25_54	72	984
2019	09	ald25_54	73	66
2019	09	ald25_54	74	659
2019	09	ald25_54	75	159
2019	09	ald25_54	81	1183
2019	09	ald25_54	82	158
2019	09	ald25_54	83	1169
2019	09	ald25_54	91	794
2019	09	ald25_54	92	30
2019	09	ald25_54	93	471
2019	09	ald25_54	94	151
2019	09	ald25_54	95	4
2019	09	ald25_54	96	183
2019	09	ald55_66	00	21
2019	09	ald55_66	01	4
2019	09	ald55_66	11	301
2019	09	ald55_66	12	301
2019	09	ald55_66	13	461
2019	09	ald55_66	14	175
2019	09	ald55_66	21	217
2019	09	ald55_66	22	632
2019	09	ald55_66	23	728
2019	09	ald55_66	24	485
2019	09	ald55_66	25	95
2019	09	ald55_66	26	190
2019	09	ald55_66	31	546
2019	09	ald55_66	32	149
2019	09	ald55_66	33	559
2019	09	ald55_66	34	107
2019	09	ald55_66	35	58
2019	09	ald55_66	41	413
2019	09	ald55_66	42	64
2019	09	ald55_66	43	220
2019	09	ald55_66	44	78
2019	09	ald55_66	51	245
2019	09	ald55_66	52	473
2019	09	ald55_66	53	1310
2019	09	ald55_66	54	36
2019	09	ald55_66	61	31
2019	09	ald55_66	71	308
2019	09	ald55_66	72	181
2019	09	ald55_66	73	25
2019	09	ald55_66	74	173
2019	09	ald55_66	75	30
2019	09	ald55_66	81	300
2019	09	ald55_66	82	96
2019	09	ald55_66	83	473
2019	09	ald55_66	91	290
2019	09	ald55_66	92	20
2019	09	ald55_66	93	89
2019	09	ald55_66	94	52
2019	09	ald55_66	96	48
2019	09	ald67_74	00	5
2019	09	ald67_74	11	63
2019	09	ald67_74	12	29
2019	09	ald67_74	13	36
2019	09	ald67_74	14	14
2019	09	ald67_74	21	31
2019	09	ald67_74	22	55
2019	09	ald67_74	23	61
2019	09	ald67_74	24	45
2019	09	ald67_74	25	4
2019	09	ald67_74	26	25
2019	09	ald67_74	31	33
2019	09	ald67_74	32	16
2019	09	ald67_74	33	54
2019	09	ald67_74	34	10
2019	09	ald67_74	35	4
2019	09	ald67_74	41	41
2019	09	ald67_74	42	11
2019	09	ald67_74	43	21
2019	09	ald67_74	44	5
2019	09	ald67_74	51	48
2019	09	ald67_74	52	59
2019	09	ald67_74	53	168
2019	09	ald67_74	61	12
2019	09	ald67_74	71	28
2019	09	ald67_74	72	26
2019	09	ald67_74	73	7
2019	09	ald67_74	74	11
2019	09	ald67_74	81	13
2019	09	ald67_74	83	138
2019	09	ald67_74	91	28
2019	09	ald67_74	93	8
2019	09	ald67_74	94	13
2019	09	ald67_74	96	6
2019	10	ald15_24	00	38
2019	10	ald15_24	01	5
2019	10	ald15_24	02	13
2019	10	ald15_24	03	297
2019	10	ald15_24	11	13
2019	10	ald15_24	12	7
2019	10	ald15_24	13	6
2019	10	ald15_24	14	40
2019	10	ald15_24	21	31
2019	10	ald15_24	22	204
2019	10	ald15_24	23	389
2019	10	ald15_24	24	44
2019	10	ald15_24	25	28
2019	10	ald15_24	26	67
2019	10	ald15_24	31	68
2019	10	ald15_24	32	93
2019	10	ald15_24	33	240
2019	10	ald15_24	34	204
2019	10	ald15_24	35	77
2019	10	ald15_24	41	222
2019	10	ald15_24	42	190
2019	10	ald15_24	43	342
2019	10	ald15_24	44	26
2019	10	ald15_24	51	899
2019	10	ald15_24	52	3361
2019	10	ald15_24	53	1844
2019	10	ald15_24	54	137
2019	10	ald15_24	61	155
2019	10	ald15_24	62	34
2019	10	ald15_24	71	765
2019	10	ald15_24	72	453
2019	10	ald15_24	73	16
2019	10	ald15_24	74	454
2019	10	ald15_24	75	56
2019	10	ald15_24	81	525
2019	10	ald15_24	82	9
2019	10	ald15_24	83	254
2019	10	ald15_24	91	348
2019	10	ald15_24	92	29
2019	10	ald15_24	93	425
2019	10	ald15_24	94	279
2019	10	ald15_24	96	115
2019	10	ald25_54	00	133
2019	10	ald25_54	01	125
2019	10	ald25_54	02	8
2019	10	ald25_54	03	15
2019	10	ald25_54	11	799
2019	10	ald25_54	12	1027
2019	10	ald25_54	13	1865
2019	10	ald25_54	14	1079
2019	10	ald25_54	21	1318
2019	10	ald25_54	22	3672
2019	10	ald25_54	23	5231
2019	10	ald25_54	24	2075
2019	10	ald25_54	25	794
2019	10	ald25_54	26	1165
2019	10	ald25_54	31	3012
2019	10	ald25_54	32	838
2019	10	ald25_54	33	3477
2019	10	ald25_54	34	1074
2019	10	ald25_54	35	442
2019	10	ald25_54	41	1285
2019	10	ald25_54	42	678
2019	10	ald25_54	43	1400
2019	10	ald25_54	44	79
2019	10	ald25_54	51	1583
2019	10	ald25_54	52	3518
2019	10	ald25_54	53	6078
2019	10	ald25_54	54	363
2019	10	ald25_54	61	148
2019	10	ald25_54	62	91
2019	10	ald25_54	71	2632
2019	10	ald25_54	72	1693
2019	10	ald25_54	73	87
2019	10	ald25_54	74	1013
2019	10	ald25_54	75	229
2019	10	ald25_54	81	2311
2019	10	ald25_54	82	55
2019	10	ald25_54	83	1830
2019	10	ald25_54	91	1323
2019	10	ald25_54	92	32
2019	10	ald25_54	93	741
2019	10	ald25_54	94	349
2019	10	ald25_54	96	192
2019	10	ald55_66	00	45
2019	10	ald55_66	01	28
2019	10	ald55_66	03	4
2019	10	ald55_66	11	370
2019	10	ald55_66	12	478
2019	10	ald55_66	13	849
2019	10	ald55_66	14	251
2019	10	ald55_66	21	324
2019	10	ald55_66	22	838
2019	10	ald55_66	23	1101
2019	10	ald55_66	24	717
2019	10	ald55_66	25	118
2019	10	ald55_66	26	318
2019	10	ald55_66	31	905
2019	10	ald55_66	32	204
2019	10	ald55_66	33	1127
2019	10	ald55_66	34	224
2019	10	ald55_66	35	67
2019	10	ald55_66	41	552
2019	10	ald55_66	42	159
2019	10	ald55_66	43	408
2019	10	ald55_66	44	88
2019	10	ald55_66	51	404
2019	10	ald55_66	52	629
2019	10	ald55_66	53	2157
2019	10	ald55_66	54	74
2019	10	ald55_66	61	33
2019	10	ald55_66	62	17
2019	10	ald55_66	71	436
2019	10	ald55_66	72	441
2019	10	ald55_66	73	17
2019	10	ald55_66	74	219
2019	10	ald55_66	75	47
2019	10	ald55_66	81	680
2019	10	ald55_66	82	16
2019	10	ald55_66	83	625
2019	10	ald55_66	91	459
2019	10	ald55_66	92	5
2019	10	ald55_66	93	118
2019	10	ald55_66	94	93
2019	10	ald55_66	96	48
2019	10	ald67_74	00	6
2019	10	ald67_74	11	61
2019	10	ald67_74	12	35
2019	10	ald67_74	13	48
2019	10	ald67_74	14	27
2019	10	ald67_74	21	34
2019	10	ald67_74	22	82
2019	10	ald67_74	23	121
2019	10	ald67_74	24	83
2019	10	ald67_74	25	5
2019	10	ald67_74	26	43
2019	10	ald67_74	31	78
2019	10	ald67_74	32	7
2019	10	ald67_74	33	100
2019	10	ald67_74	34	27
2019	10	ald67_74	41	63
2019	10	ald67_74	42	12
2019	10	ald67_74	43	59
2019	10	ald67_74	44	9
2019	10	ald67_74	51	82
2019	10	ald67_74	52	77
2019	10	ald67_74	53	275
2019	10	ald67_74	54	11
2019	10	ald67_74	61	10
2019	10	ald67_74	71	26
2019	10	ald67_74	72	37
2019	10	ald67_74	73	7
2019	10	ald67_74	74	15
2019	10	ald67_74	75	6
2019	10	ald67_74	81	38
2019	10	ald67_74	83	155
2019	10	ald67_74	91	46
2019	10	ald67_74	93	32
2019	10	ald67_74	94	13
2019	10	ald67_74	96	24
2019	11	ald15_24	00	84
2019	11	ald15_24	01	10
2019	11	ald15_24	02	28
2019	11	ald15_24	03	740
2019	11	ald15_24	11	33
2019	11	ald15_24	12	20
2019	11	ald15_24	13	19
2019	11	ald15_24	14	99
2019	11	ald15_24	21	91
2019	11	ald15_24	22	520
2019	11	ald15_24	23	899
2019	11	ald15_24	24	165
2019	11	ald15_24	25	134
2019	11	ald15_24	26	171
2019	11	ald15_24	31	461
2019	11	ald15_24	32	188
2019	11	ald15_24	33	575
2019	11	ald15_24	34	633
2019	11	ald15_24	35	186
2019	11	ald15_24	41	546
2019	11	ald15_24	42	566
2019	11	ald15_24	43	793
2019	11	ald15_24	44	45
2019	11	ald15_24	51	2086
2019	11	ald15_24	52	6978
2019	11	ald15_24	53	4749
2019	11	ald15_24	54	430
2019	11	ald15_24	61	1118
2019	11	ald15_24	62	136
2019	11	ald15_24	71	1351
2019	11	ald15_24	72	1662
2019	11	ald15_24	73	47
2019	11	ald15_24	74	1327
2019	11	ald15_24	75	116
2019	11	ald15_24	81	1229
2019	11	ald15_24	82	42
2019	11	ald15_24	83	626
2019	11	ald15_24	91	677
2019	11	ald15_24	92	69
2019	11	ald15_24	93	883
2019	11	ald15_24	94	500
2019	11	ald15_24	96	176
2019	11	ald25_54	00	254
2019	11	ald25_54	01	238
2019	11	ald25_54	02	20
2019	11	ald25_54	03	56
2019	11	ald25_54	11	2114
2019	11	ald25_54	12	2854
2019	11	ald25_54	13	5906
2019	11	ald25_54	14	2340
2019	11	ald25_54	21	7370
2019	11	ald25_54	22	8884
2019	11	ald25_54	23	12293
2019	11	ald25_54	24	7268
2019	11	ald25_54	25	3649
2019	11	ald25_54	26	2951
2019	11	ald25_54	31	12729
2019	11	ald25_54	32	2183
2019	11	ald25_54	33	9294
2019	11	ald25_54	34	2113
2019	11	ald25_54	35	1288
2019	11	ald25_54	41	3288
2019	11	ald25_54	42	1477
2019	11	ald25_54	43	4207
2019	11	ald25_54	44	235
2019	11	ald25_54	51	4595
2019	11	ald25_54	52	7675
2019	11	ald25_54	53	14406
2019	11	ald25_54	54	1224
2019	11	ald25_54	61	949
2019	11	ald25_54	62	312
2019	11	ald25_54	71	6716
2019	11	ald25_54	72	5712
2019	11	ald25_54	73	292
2019	11	ald25_54	74	2648
2019	11	ald25_54	75	721
2019	11	ald25_54	81	5967
2019	11	ald25_54	82	367
2019	11	ald25_54	83	4525
2019	11	ald25_54	91	3924
2019	11	ald25_54	92	118
2019	11	ald25_54	93	2156
2019	11	ald25_54	94	853
2019	11	ald25_54	95	10
2019	11	ald25_54	96	557
2019	11	ald55_66	00	73
2019	11	ald55_66	01	37
2019	11	ald55_66	03	6
2019	11	ald55_66	11	1079
2019	11	ald55_66	12	1185
2019	11	ald55_66	13	2488
2019	11	ald55_66	14	519
2019	11	ald55_66	21	2140
2019	11	ald55_66	22	1789
2019	11	ald55_66	23	2738
2019	11	ald55_66	24	2214
2019	11	ald55_66	25	549
2019	11	ald55_66	26	640
2019	11	ald55_66	31	3104
2019	11	ald55_66	32	531
2019	11	ald55_66	33	2704
2019	11	ald55_66	34	348
2019	11	ald55_66	35	195
2019	11	ald55_66	41	1235
2019	11	ald55_66	42	296
2019	11	ald55_66	43	1166
2019	11	ald55_66	44	155
2019	11	ald55_66	51	934
2019	11	ald55_66	52	1687
2019	11	ald55_66	53	4443
2019	11	ald55_66	54	178
2019	11	ald55_66	61	282
2019	11	ald55_66	62	46
2019	11	ald55_66	71	1141
2019	11	ald55_66	72	1033
2019	11	ald55_66	73	82
2019	11	ald55_66	74	448
2019	11	ald55_66	75	128
2019	11	ald55_66	81	1420
2019	11	ald55_66	82	72
2019	11	ald55_66	83	1439
2019	11	ald55_66	91	964
2019	11	ald55_66	92	19
2019	11	ald55_66	93	373
2019	11	ald55_66	94	216
2019	11	ald55_66	96	147
2019	11	ald67_74	00	22
2019	11	ald67_74	03	5
2019	11	ald67_74	11	160
2019	11	ald67_74	12	84
2019	11	ald67_74	13	153
2019	11	ald67_74	14	65
2019	11	ald67_74	21	131
2019	11	ald67_74	22	200
2019	11	ald67_74	23	190
2019	11	ald67_74	24	183
2019	11	ald67_74	25	17
2019	11	ald67_74	26	94
2019	11	ald67_74	31	187
2019	11	ald67_74	32	40
2019	11	ald67_74	33	185
2019	11	ald67_74	34	68
2019	11	ald67_74	35	9
2019	11	ald67_74	41	137
2019	11	ald67_74	42	26
2019	11	ald67_74	43	102
2019	11	ald67_74	44	10
2019	11	ald67_74	51	164
2019	11	ald67_74	52	162
2019	11	ald67_74	53	573
2019	11	ald67_74	54	17
2019	11	ald67_74	61	134
2019	11	ald67_74	71	71
2019	11	ald67_74	72	64
2019	11	ald67_74	73	21
2019	11	ald67_74	74	27
2019	11	ald67_74	75	18
2019	11	ald67_74	81	62
2019	11	ald67_74	83	295
2019	11	ald67_74	91	70
2019	11	ald67_74	92	5
2019	11	ald67_74	93	45
2019	11	ald67_74	94	29
2019	11	ald67_74	96	48
2019	12	ald15_24	00	113
2019	12	ald15_24	01	37
2019	12	ald15_24	02	86
2019	12	ald15_24	03	981
2019	12	ald15_24	11	36
2019	12	ald15_24	12	25
2019	12	ald15_24	13	28
2019	12	ald15_24	14	128
2019	12	ald15_24	21	101
2019	12	ald15_24	22	616
2019	12	ald15_24	23	945
2019	12	ald15_24	24	239
2019	12	ald15_24	25	126
2019	12	ald15_24	26	125
2019	12	ald15_24	31	390
2019	12	ald15_24	32	159
2019	12	ald15_24	33	748
2019	12	ald15_24	34	617
2019	12	ald15_24	35	200
2019	12	ald15_24	41	600
2019	12	ald15_24	42	780
2019	12	ald15_24	43	612
2019	12	ald15_24	44	39
2019	12	ald15_24	51	2304
2019	12	ald15_24	52	8058
2019	12	ald15_24	53	5601
2019	12	ald15_24	54	458
2019	12	ald15_24	61	300
2019	12	ald15_24	62	374
2019	12	ald15_24	71	1655
2019	12	ald15_24	72	1522
2019	12	ald15_24	73	27
2019	12	ald15_24	74	1536
2019	12	ald15_24	75	116
2019	12	ald15_24	81	972
2019	12	ald15_24	82	42
2019	12	ald15_24	83	880
2019	12	ald15_24	91	870
2019	12	ald15_24	92	75
2019	12	ald15_24	93	963
2019	12	ald15_24	94	525
2019	12	ald15_24	96	289
2019	12	ald25_54	00	476
2019	12	ald25_54	01	1346
2019	12	ald25_54	02	68
2019	12	ald25_54	03	185
2019	12	ald25_54	11	2172
2019	12	ald25_54	12	2894
2019	12	ald25_54	13	6013
2019	12	ald25_54	14	2886
2019	12	ald25_54	21	6733
2019	12	ald25_54	22	11473
2019	12	ald25_54	23	14988
2019	12	ald25_54	24	9569
2019	12	ald25_54	25	3226
2019	12	ald25_54	26	3521
2019	12	ald25_54	31	10979
2019	12	ald25_54	32	2704
2019	12	ald25_54	33	10916
2019	12	ald25_54	34	2207
2019	12	ald25_54	35	1488
2019	12	ald25_54	41	3656
2019	12	ald25_54	42	1808
2019	12	ald25_54	43	3811
2019	12	ald25_54	44	227
2019	12	ald25_54	51	5759
2019	12	ald25_54	52	8290
2019	12	ald25_54	53	15985
2019	12	ald25_54	54	1356
2019	12	ald25_54	61	408
2019	12	ald25_54	62	820
2019	12	ald25_54	71	7478
2019	12	ald25_54	72	4963
2019	12	ald25_54	73	223
2019	12	ald25_54	74	3237
2019	12	ald25_54	75	621
2019	12	ald25_54	81	5064
2019	12	ald25_54	82	328
2019	12	ald25_54	83	5367
2019	12	ald25_54	91	4398
2019	12	ald25_54	92	171
2019	12	ald25_54	93	2217
2019	12	ald25_54	94	841
2019	12	ald25_54	95	8
2019	12	ald25_54	96	628
2019	12	ald55_66	00	102
2019	12	ald55_66	01	117
2019	12	ald55_66	03	6
2019	12	ald55_66	11	1137
2019	12	ald55_66	12	1162
2019	12	ald55_66	13	2634
2019	12	ald55_66	14	604
2019	12	ald55_66	21	1903
2019	12	ald55_66	22	2606
2019	12	ald55_66	23	3465
2019	12	ald55_66	24	2953
2019	12	ald55_66	25	593
2019	12	ald55_66	26	806
2019	12	ald55_66	31	2901
2019	12	ald55_66	32	796
2019	12	ald55_66	33	3054
2019	12	ald55_66	34	375
2019	12	ald55_66	35	261
2019	12	ald55_66	41	1345
2019	12	ald55_66	42	318
2019	12	ald55_66	43	1207
2019	12	ald55_66	44	204
2019	12	ald55_66	51	1372
2019	12	ald55_66	52	1488
2019	12	ald55_66	53	5364
2019	12	ald55_66	54	189
2019	12	ald55_66	61	124
2019	12	ald55_66	62	140
2019	12	ald55_66	71	1352
2019	12	ald55_66	72	1137
2019	12	ald55_66	73	104
2019	12	ald55_66	74	683
2019	12	ald55_66	75	118
2019	12	ald55_66	81	1233
2019	12	ald55_66	82	96
2019	12	ald55_66	83	1830
2019	12	ald55_66	91	1116
2019	12	ald55_66	92	29
2019	12	ald55_66	93	364
2019	12	ald55_66	94	158
2019	12	ald55_66	95	4
2019	12	ald55_66	96	162
2019	12	ald67_74	00	47
2019	12	ald67_74	03	5
2019	12	ald67_74	11	192
2019	12	ald67_74	12	118
2019	12	ald67_74	13	155
2019	12	ald67_74	14	68
2019	12	ald67_74	21	160
2019	12	ald67_74	22	241
2019	12	ald67_74	23	314
2019	12	ald67_74	24	267
2019	12	ald67_74	25	26
2019	12	ald67_74	26	115
2019	12	ald67_74	31	191
2019	12	ald67_74	32	51
2019	12	ald67_74	33	244
2019	12	ald67_74	34	51
2019	12	ald67_74	35	19
2019	12	ald67_74	41	170
2019	12	ald67_74	42	35
2019	12	ald67_74	43	123
2019	12	ald67_74	44	13
2019	12	ald67_74	51	211
2019	12	ald67_74	52	190
2019	12	ald67_74	53	860
2019	12	ald67_74	54	18
2019	12	ald67_74	61	49
2019	12	ald67_74	62	12
2019	12	ald67_74	71	76
2019	12	ald67_74	72	75
2019	12	ald67_74	73	10
2019	12	ald67_74	74	53
2019	12	ald67_74	75	11
2019	12	ald67_74	81	56
2019	12	ald67_74	83	361
2019	12	ald67_74	91	113
2019	12	ald67_74	93	41
2019	12	ald67_74	94	30
2019	12	ald67_74	96	82
2019	14	ald15_24	00	29
2019	14	ald15_24	03	193
2019	14	ald15_24	11	7
2019	14	ald15_24	12	4
2019	14	ald15_24	13	9
2019	14	ald15_24	14	11
2019	14	ald15_24	21	14
2019	14	ald15_24	22	124
2019	14	ald15_24	23	183
2019	14	ald15_24	24	31
2019	14	ald15_24	25	17
2019	14	ald15_24	26	31
2019	14	ald15_24	31	70
2019	14	ald15_24	32	64
2019	14	ald15_24	33	96
2019	14	ald15_24	34	93
2019	14	ald15_24	35	34
2019	14	ald15_24	41	107
2019	14	ald15_24	42	139
2019	14	ald15_24	43	104
2019	14	ald15_24	44	19
2019	14	ald15_24	51	307
2019	14	ald15_24	52	1548
2019	14	ald15_24	53	1262
2019	14	ald15_24	54	59
2019	14	ald15_24	61	188
2019	14	ald15_24	62	82
2019	14	ald15_24	71	384
2019	14	ald15_24	72	359
2019	14	ald15_24	73	12
2019	14	ald15_24	74	409
2019	14	ald15_24	75	26
2019	14	ald15_24	81	484
2019	14	ald15_24	83	307
2019	14	ald15_24	91	187
2019	14	ald15_24	92	20
2019	14	ald15_24	93	296
2019	14	ald15_24	94	172
2019	14	ald15_24	96	32
2019	14	ald25_54	00	104
2019	14	ald25_54	01	20
2019	14	ald25_54	02	4
2019	14	ald25_54	03	17
2019	14	ald25_54	11	469
2019	14	ald25_54	12	493
2019	14	ald25_54	13	1123
2019	14	ald25_54	14	584
2019	14	ald25_54	21	656
2019	14	ald25_54	22	2222
2019	14	ald25_54	23	3025
2019	14	ald25_54	24	1337
2019	14	ald25_54	25	331
2019	14	ald25_54	26	512
2019	14	ald25_54	31	1778
2019	14	ald25_54	32	505
2019	14	ald25_54	33	1346
2019	14	ald25_54	34	299
2019	14	ald25_54	35	230
2019	14	ald25_54	41	684
2019	14	ald25_54	42	342
2019	14	ald25_54	43	589
2019	14	ald25_54	44	81
2019	14	ald25_54	51	862
2019	14	ald25_54	52	1559
2019	14	ald25_54	53	3531
2019	14	ald25_54	54	176
2019	14	ald25_54	61	169
2019	14	ald25_54	62	277
2019	14	ald25_54	71	1383
2019	14	ald25_54	72	1021
2019	14	ald25_54	73	119
2019	14	ald25_54	74	644
2019	14	ald25_54	75	192
2019	14	ald25_54	81	2292
2019	14	ald25_54	82	15
2019	14	ald25_54	83	1411
2019	14	ald25_54	91	947
2019	14	ald25_54	92	22
2019	14	ald25_54	93	527
2019	14	ald25_54	94	143
2019	14	ald25_54	95	5
2019	14	ald25_54	96	131
2019	14	ald55_66	00	45
2019	14	ald55_66	11	252
2019	14	ald55_66	12	243
2019	14	ald55_66	13	603
2019	14	ald55_66	14	221
2019	14	ald55_66	21	220
2019	14	ald55_66	22	600
2019	14	ald55_66	23	874
2019	14	ald55_66	24	560
2019	14	ald55_66	25	49
2019	14	ald55_66	26	174
2019	14	ald55_66	31	601
2019	14	ald55_66	32	159
2019	14	ald55_66	33	512
2019	14	ald55_66	34	68
2019	14	ald55_66	35	28
2019	14	ald55_66	41	340
2019	14	ald55_66	42	56
2019	14	ald55_66	43	222
2019	14	ald55_66	44	108
2019	14	ald55_66	51	287
2019	14	ald55_66	52	449
2019	14	ald55_66	53	1615
2019	14	ald55_66	54	40
2019	14	ald55_66	61	53
2019	14	ald55_66	62	59
2019	14	ald55_66	71	388
2019	14	ald55_66	72	260
2019	14	ald55_66	73	20
2019	14	ald55_66	74	181
2019	14	ald55_66	75	57
2019	14	ald55_66	81	654
2019	14	ald55_66	83	652
2019	14	ald55_66	91	375
2019	14	ald55_66	92	5
2019	14	ald55_66	93	111
2019	14	ald55_66	94	80
2019	14	ald55_66	96	33
2019	14	ald67_74	00	10
2019	14	ald67_74	11	48
2019	14	ald67_74	12	20
2019	14	ald67_74	13	49
2019	14	ald67_74	14	16
2019	14	ald67_74	21	27
2019	14	ald67_74	22	59
2019	14	ald67_74	23	89
2019	14	ald67_74	24	47
2019	14	ald67_74	26	34
2019	14	ald67_74	31	59
2019	14	ald67_74	32	13
2019	14	ald67_74	33	51
2019	14	ald67_74	34	8
2019	14	ald67_74	41	50
2019	14	ald67_74	42	11
2019	14	ald67_74	43	22
2019	14	ald67_74	44	10
2019	14	ald67_74	51	78
2019	14	ald67_74	52	68
2019	14	ald67_74	53	333
2019	14	ald67_74	54	7
2019	14	ald67_74	61	51
2019	14	ald67_74	62	4
2019	14	ald67_74	71	29
2019	14	ald67_74	72	25
2019	14	ald67_74	73	4
2019	14	ald67_74	74	18
2019	14	ald67_74	75	5
2019	14	ald67_74	81	44
2019	14	ald67_74	83	190
2019	14	ald67_74	91	46
2019	14	ald67_74	93	20
2019	14	ald67_74	94	18
2019	14	ald67_74	96	29
2019	15	ald15_24	00	98
2019	15	ald15_24	02	14
2019	15	ald15_24	03	445
2019	15	ald15_24	11	21
2019	15	ald15_24	13	13
2019	15	ald15_24	14	30
2019	15	ald15_24	21	27
2019	15	ald15_24	22	272
2019	15	ald15_24	23	441
2019	15	ald15_24	24	50
2019	15	ald15_24	25	36
2019	15	ald15_24	26	74
2019	15	ald15_24	31	237
2019	15	ald15_24	32	123
2019	15	ald15_24	33	241
2019	15	ald15_24	34	286
2019	15	ald15_24	35	68
2019	15	ald15_24	41	182
2019	15	ald15_24	42	309
2019	15	ald15_24	43	368
2019	15	ald15_24	44	28
2019	15	ald15_24	51	886
2019	15	ald15_24	52	3812
2019	15	ald15_24	53	2867
2019	15	ald15_24	54	145
2019	15	ald15_24	61	255
2019	15	ald15_24	62	180
2019	15	ald15_24	71	629
2019	15	ald15_24	72	964
2019	15	ald15_24	73	19
2019	15	ald15_24	74	765
2019	15	ald15_24	75	60
2019	15	ald15_24	81	638
2019	15	ald15_24	82	14
2019	15	ald15_24	83	494
2019	15	ald15_24	91	477
2019	15	ald15_24	92	16
2019	15	ald15_24	93	501
2019	15	ald15_24	94	339
2019	15	ald15_24	96	171
2019	15	ald25_54	00	347
2019	15	ald25_54	01	61
2019	15	ald25_54	02	7
2019	15	ald25_54	03	26
2019	15	ald25_54	11	1057
2019	15	ald25_54	12	1470
2019	15	ald25_54	13	2849
2019	15	ald25_54	14	1401
2019	15	ald25_54	21	1661
2019	15	ald25_54	22	5435
2019	15	ald25_54	23	6697
2019	15	ald25_54	24	2765
2019	15	ald25_54	25	924
2019	15	ald25_54	26	1256
2019	15	ald25_54	31	6066
2019	15	ald25_54	32	1216
2019	15	ald25_54	33	4332
2019	15	ald25_54	34	896
2019	15	ald25_54	35	498
2019	15	ald25_54	41	1655
2019	15	ald25_54	42	770
2019	15	ald25_54	43	2062
2019	15	ald25_54	44	133
2019	15	ald25_54	51	2190
2019	15	ald25_54	52	4140
2019	15	ald25_54	53	8407
2019	15	ald25_54	54	513
2019	15	ald25_54	61	255
2019	15	ald25_54	62	529
2019	15	ald25_54	71	3516
2019	15	ald25_54	72	3114
2019	15	ald25_54	73	86
2019	15	ald25_54	74	1656
2019	15	ald25_54	75	490
2019	15	ald25_54	81	4436
2019	15	ald25_54	82	119
2019	15	ald25_54	83	3135
2019	15	ald25_54	91	2019
2019	15	ald25_54	92	26
2019	15	ald25_54	93	1031
2019	15	ald25_54	94	426
2019	15	ald25_54	95	20
2019	15	ald25_54	96	404
2019	15	ald55_66	00	118
2019	15	ald55_66	03	4
2019	15	ald55_66	11	634
2019	15	ald55_66	12	716
2019	15	ald55_66	13	1447
2019	15	ald55_66	14	447
2019	15	ald55_66	21	453
2019	15	ald55_66	22	1401
2019	15	ald55_66	23	1574
2019	15	ald55_66	24	1005
2019	15	ald55_66	25	160
2019	15	ald55_66	26	305
2019	15	ald55_66	31	1851
2019	15	ald55_66	32	347
2019	15	ald55_66	33	1561
2019	15	ald55_66	34	200
2019	15	ald55_66	35	77
2019	15	ald55_66	41	772
2019	15	ald55_66	42	175
2019	15	ald55_66	43	716
2019	15	ald55_66	44	133
2019	15	ald55_66	51	668
2019	15	ald55_66	52	1071
2019	15	ald55_66	53	3444
2019	15	ald55_66	54	122
2019	15	ald55_66	61	83
2019	15	ald55_66	62	88
2019	15	ald55_66	71	808
2019	15	ald55_66	72	755
2019	15	ald55_66	73	30
2019	15	ald55_66	74	484
2019	15	ald55_66	75	129
2019	15	ald55_66	81	1250
2019	15	ald55_66	82	28
2019	15	ald55_66	83	1305
2019	15	ald55_66	91	665
2019	15	ald55_66	92	14
2019	15	ald55_66	93	224
2019	15	ald55_66	94	139
2019	15	ald55_66	96	99
2019	15	ald67_74	00	49
2019	15	ald67_74	11	123
2019	15	ald67_74	12	65
2019	15	ald67_74	13	133
2019	15	ald67_74	14	48
2019	15	ald67_74	21	61
2019	15	ald67_74	22	134
2019	15	ald67_74	23	159
2019	15	ald67_74	24	98
2019	15	ald67_74	25	6
2019	15	ald67_74	26	60
2019	15	ald67_74	31	156
2019	15	ald67_74	32	24
2019	15	ald67_74	33	135
2019	15	ald67_74	34	23
2019	15	ald67_74	35	10
2019	15	ald67_74	41	113
2019	15	ald67_74	42	15
2019	15	ald67_74	43	81
2019	15	ald67_74	44	12
2019	15	ald67_74	51	143
2019	15	ald67_74	52	138
2019	15	ald67_74	53	621
2019	15	ald67_74	54	15
2019	15	ald67_74	61	47
2019	15	ald67_74	62	11
2019	15	ald67_74	71	66
2019	15	ald67_74	72	72
2019	15	ald67_74	73	6
2019	15	ald67_74	74	20
2019	15	ald67_74	75	11
2019	15	ald67_74	81	84
2019	15	ald67_74	83	301
2019	15	ald67_74	91	92
2019	15	ald67_74	92	4
2019	15	ald67_74	93	51
2019	15	ald67_74	94	26
2019	15	ald67_74	96	49
2019	18	ald15_24	00	70
2019	18	ald15_24	01	17
2019	18	ald15_24	02	41
2019	18	ald15_24	03	525
2019	18	ald15_24	11	18
2019	18	ald15_24	12	4
2019	18	ald15_24	13	10
2019	18	ald15_24	14	62
2019	18	ald15_24	21	22
2019	18	ald15_24	22	296
2019	18	ald15_24	23	375
2019	18	ald15_24	24	68
2019	18	ald15_24	25	34
2019	18	ald15_24	26	74
2019	18	ald15_24	31	143
2019	18	ald15_24	32	105
2019	18	ald15_24	33	233
2019	18	ald15_24	34	148
2019	18	ald15_24	35	96
2019	18	ald15_24	41	209
2019	18	ald15_24	42	287
2019	18	ald15_24	43	311
2019	18	ald15_24	44	24
2019	18	ald15_24	51	890
2019	18	ald15_24	52	3701
2019	18	ald15_24	53	2606
2019	18	ald15_24	54	140
2019	18	ald15_24	61	232
2019	18	ald15_24	62	290
2019	18	ald15_24	71	669
2019	18	ald15_24	72	731
2019	18	ald15_24	73	12
2019	18	ald15_24	74	740
2019	18	ald15_24	75	58
2019	18	ald15_24	81	686
2019	18	ald15_24	82	16
2019	18	ald15_24	83	507
2019	18	ald15_24	91	399
2019	18	ald15_24	92	26
2019	18	ald15_24	93	579
2019	18	ald15_24	94	350
2019	18	ald15_24	96	139
2019	18	ald25_54	00	331
2019	18	ald25_54	01	601
2019	18	ald25_54	02	36
2019	18	ald25_54	03	63
2019	18	ald25_54	11	1022
2019	18	ald25_54	12	1142
2019	18	ald25_54	13	2525
2019	18	ald25_54	14	1342
2019	18	ald25_54	21	1171
2019	18	ald25_54	22	5348
2019	18	ald25_54	23	6071
2019	18	ald25_54	24	3280
2019	18	ald25_54	25	624
2019	18	ald25_54	26	1486
2019	18	ald25_54	31	3371
2019	18	ald25_54	32	1365
2019	18	ald25_54	33	3366
2019	18	ald25_54	34	718
2019	18	ald25_54	35	416
2019	18	ald25_54	41	1562
2019	18	ald25_54	42	776
2019	18	ald25_54	43	1699
2019	18	ald25_54	44	180
2019	18	ald25_54	51	2191
2019	18	ald25_54	52	4030
2019	18	ald25_54	53	8256
2019	18	ald25_54	54	587
2019	18	ald25_54	61	328
2019	18	ald25_54	62	711
2019	18	ald25_54	71	2653
2019	18	ald25_54	72	2202
2019	18	ald25_54	73	96
2019	18	ald25_54	74	1304
2019	18	ald25_54	75	369
2019	18	ald25_54	81	3194
2019	18	ald25_54	82	94
2019	18	ald25_54	83	2838
2019	18	ald25_54	91	1945
2019	18	ald25_54	92	44
2019	18	ald25_54	93	1259
2019	18	ald25_54	94	379
2019	18	ald25_54	96	488
2019	18	ald55_66	00	102
2019	18	ald55_66	01	86
2019	18	ald55_66	03	10
2019	18	ald55_66	11	610
2019	18	ald55_66	12	572
2019	18	ald55_66	13	1219
2019	18	ald55_66	14	397
2019	18	ald55_66	21	428
2019	18	ald55_66	22	1308
2019	18	ald55_66	23	1793
2019	18	ald55_66	24	1382
2019	18	ald55_66	25	109
2019	18	ald55_66	26	437
2019	18	ald55_66	31	1224
2019	18	ald55_66	32	318
2019	18	ald55_66	33	1246
2019	18	ald55_66	34	210
2019	18	ald55_66	35	83
2019	18	ald55_66	41	732
2019	18	ald55_66	42	179
2019	18	ald55_66	43	562
2019	18	ald55_66	44	181
2019	18	ald55_66	51	685
2019	18	ald55_66	52	896
2019	18	ald55_66	53	3112
2019	18	ald55_66	54	156
2019	18	ald55_66	61	68
2019	18	ald55_66	62	122
2019	18	ald55_66	71	531
2019	18	ald55_66	72	536
2019	18	ald55_66	73	26
2019	18	ald55_66	74	309
2019	18	ald55_66	75	83
2019	18	ald55_66	81	775
2019	18	ald55_66	82	9
2019	18	ald55_66	83	1150
2019	18	ald55_66	91	659
2019	18	ald55_66	92	21
2019	18	ald55_66	93	280
2019	18	ald55_66	94	126
2019	18	ald55_66	96	156
2019	18	ald67_74	00	44
2019	18	ald67_74	03	4
2019	18	ald67_74	11	75
2019	18	ald67_74	12	46
2019	18	ald67_74	13	85
2019	18	ald67_74	14	45
2019	18	ald67_74	21	41
2019	18	ald67_74	22	123
2019	18	ald67_74	23	125
2019	18	ald67_74	24	85
2019	18	ald67_74	25	10
2019	18	ald67_74	26	39
2019	18	ald67_74	31	96
2019	18	ald67_74	32	30
2019	18	ald67_74	33	95
2019	18	ald67_74	34	39
2019	18	ald67_74	35	6
2019	18	ald67_74	41	85
2019	18	ald67_74	42	18
2019	18	ald67_74	43	52
2019	18	ald67_74	44	22
2019	18	ald67_74	51	133
2019	18	ald67_74	52	133
2019	18	ald67_74	53	559
2019	18	ald67_74	54	10
2019	18	ald67_74	61	26
2019	18	ald67_74	62	8
2019	18	ald67_74	71	55
2019	18	ald67_74	72	61
2019	18	ald67_74	74	14
2019	18	ald67_74	75	10
2019	18	ald67_74	81	44
2019	18	ald67_74	83	272
2019	18	ald67_74	91	80
2019	18	ald67_74	92	4
2019	18	ald67_74	93	49
2019	18	ald67_74	94	18
2019	18	ald67_74	96	52
2019	19	ald15_24	00	49
2019	19	ald15_24	01	66
2019	19	ald15_24	02	123
2019	19	ald15_24	03	537
2019	19	ald15_24	11	16
2019	19	ald15_24	12	8
2019	19	ald15_24	13	6
2019	19	ald15_24	14	37
2019	19	ald15_24	21	24
2019	19	ald15_24	22	227
2019	19	ald15_24	23	282
2019	19	ald15_24	24	64
2019	19	ald15_24	25	31
2019	19	ald15_24	26	70
2019	19	ald15_24	31	88
2019	19	ald15_24	32	119
2019	19	ald15_24	33	175
2019	19	ald15_24	34	122
2019	19	ald15_24	35	70
2019	19	ald15_24	41	149
2019	19	ald15_24	42	222
2019	19	ald15_24	43	215
2019	19	ald15_24	44	29
2019	19	ald15_24	51	776
2019	19	ald15_24	52	2952
2019	19	ald15_24	53	1953
2019	19	ald15_24	54	140
2019	19	ald15_24	61	87
2019	19	ald15_24	62	189
2019	19	ald15_24	71	441
2019	19	ald15_24	72	470
2019	19	ald15_24	73	9
2019	19	ald15_24	74	517
2019	19	ald15_24	75	40
2019	19	ald15_24	81	271
2019	19	ald15_24	82	5
2019	19	ald15_24	83	345
2019	19	ald15_24	91	269
2019	19	ald15_24	92	30
2019	19	ald15_24	93	373
2019	19	ald15_24	94	350
2019	19	ald15_24	96	134
2019	19	ald25_54	00	203
2019	19	ald25_54	01	952
2019	19	ald25_54	02	56
2019	19	ald25_54	03	133
2019	19	ald25_54	11	879
2019	19	ald25_54	12	803
2019	19	ald25_54	13	1865
2019	19	ald25_54	14	913
2019	19	ald25_54	21	1504
2019	19	ald25_54	22	4477
2019	19	ald25_54	23	5346
2019	19	ald25_54	24	3034
2019	19	ald25_54	25	538
2019	19	ald25_54	26	1380
2019	19	ald25_54	31	2139
2019	19	ald25_54	32	1261
2019	19	ald25_54	33	2594
2019	19	ald25_54	34	677
2019	19	ald25_54	35	337
2019	19	ald25_54	41	944
2019	19	ald25_54	42	618
2019	19	ald25_54	43	1048
2019	19	ald25_54	44	97
2019	19	ald25_54	51	1751
2019	19	ald25_54	52	2798
2019	19	ald25_54	53	5523
2019	19	ald25_54	54	394
2019	19	ald25_54	61	119
2019	19	ald25_54	62	467
2019	19	ald25_54	71	1782
2019	19	ald25_54	72	1216
2019	19	ald25_54	73	73
2019	19	ald25_54	74	730
2019	19	ald25_54	75	210
2019	19	ald25_54	81	1368
2019	19	ald25_54	82	23
2019	19	ald25_54	83	1980
2019	19	ald25_54	91	1359
2019	19	ald25_54	92	39
2019	19	ald25_54	93	743
2019	19	ald25_54	94	365
2019	19	ald25_54	95	6
2019	19	ald25_54	96	377
2019	19	ald55_66	00	61
2019	19	ald55_66	01	86
2019	19	ald55_66	11	418
2019	19	ald55_66	12	386
2019	19	ald55_66	13	859
2019	19	ald55_66	14	249
2019	19	ald55_66	21	374
2019	19	ald55_66	22	1044
2019	19	ald55_66	23	1409
2019	19	ald55_66	24	1053
2019	19	ald55_66	25	103
2019	19	ald55_66	26	333
2019	19	ald55_66	31	705
2019	19	ald55_66	32	284
2019	19	ald55_66	33	885
2019	19	ald55_66	34	154
2019	19	ald55_66	35	79
2019	19	ald55_66	41	436
2019	19	ald55_66	42	148
2019	19	ald55_66	43	326
2019	19	ald55_66	44	91
2019	19	ald55_66	51	437
2019	19	ald55_66	52	515
2019	19	ald55_66	53	1858
2019	19	ald55_66	54	71
2019	19	ald55_66	61	35
2019	19	ald55_66	62	71
2019	19	ald55_66	71	293
2019	19	ald55_66	72	283
2019	19	ald55_66	73	21
2019	19	ald55_66	74	165
2019	19	ald55_66	75	29
2019	19	ald55_66	81	275
2019	19	ald55_66	83	732
2019	19	ald55_66	91	407
2019	19	ald55_66	92	17
2019	19	ald55_66	93	119
2019	19	ald55_66	94	83
2019	19	ald55_66	96	120
2019	19	ald67_74	00	32
2019	19	ald67_74	11	76
2019	19	ald67_74	12	32
2019	19	ald67_74	13	71
2019	19	ald67_74	14	21
2019	19	ald67_74	21	41
2019	19	ald67_74	22	100
2019	19	ald67_74	23	122
2019	19	ald67_74	24	70
2019	19	ald67_74	26	34
2019	19	ald67_74	31	71
2019	19	ald67_74	32	17
2019	19	ald67_74	33	69
2019	19	ald67_74	34	17
2019	19	ald67_74	41	58
2019	19	ald67_74	42	12
2019	19	ald67_74	43	29
2019	19	ald67_74	44	10
2019	19	ald67_74	51	86
2019	19	ald67_74	52	97
2019	19	ald67_74	53	393
2019	19	ald67_74	54	6
2019	19	ald67_74	61	21
2019	19	ald67_74	62	6
2019	19	ald67_74	71	37
2019	19	ald67_74	72	28
2019	19	ald67_74	74	11
2019	19	ald67_74	75	8
2019	19	ald67_74	81	42
2019	19	ald67_74	83	175
2019	19	ald67_74	91	65
2019	19	ald67_74	93	21
2019	19	ald67_74	94	27
2019	19	ald67_74	96	24
2019	20	ald15_24	00	16
2019	20	ald15_24	01	12
2019	20	ald15_24	02	39
2019	20	ald15_24	03	212
2019	20	ald15_24	11	6
2019	20	ald15_24	14	23
2019	20	ald15_24	21	9
2019	20	ald15_24	22	96
2019	20	ald15_24	23	117
2019	20	ald15_24	24	26
2019	20	ald15_24	25	10
2019	20	ald15_24	26	32
2019	20	ald15_24	31	46
2019	20	ald15_24	32	57
2019	20	ald15_24	33	58
2019	20	ald15_24	34	25
2019	20	ald15_24	35	22
2019	20	ald15_24	41	75
2019	20	ald15_24	42	132
2019	20	ald15_24	43	79
2019	20	ald15_24	44	8
2019	20	ald15_24	51	339
2019	20	ald15_24	52	1166
2019	20	ald15_24	53	897
2019	20	ald15_24	54	58
2019	20	ald15_24	61	39
2019	20	ald15_24	62	113
2019	20	ald15_24	71	282
2019	20	ald15_24	72	251
2019	20	ald15_24	73	9
2019	20	ald15_24	74	237
2019	20	ald15_24	75	28
2019	20	ald15_24	81	231
2019	20	ald15_24	83	166
2019	20	ald15_24	91	146
2019	20	ald15_24	92	7
2019	20	ald15_24	93	236
2019	20	ald15_24	94	107
2019	20	ald15_24	96	70
2019	20	ald25_54	00	48
2019	20	ald25_54	01	129
2019	20	ald25_54	02	27
2019	20	ald25_54	03	29
2019	20	ald25_54	11	392
2019	20	ald25_54	12	383
2019	20	ald25_54	13	826
2019	20	ald25_54	14	463
2019	20	ald25_54	21	426
2019	20	ald25_54	22	1521
2019	20	ald25_54	23	2110
2019	20	ald25_54	24	1199
2019	20	ald25_54	25	129
2019	20	ald25_54	26	645
2019	20	ald25_54	31	894
2019	20	ald25_54	32	369
2019	20	ald25_54	33	1059
2019	20	ald25_54	34	262
2019	20	ald25_54	35	107
2019	20	ald25_54	41	533
2019	20	ald25_54	42	291
2019	20	ald25_54	43	438
2019	20	ald25_54	44	63
2019	20	ald25_54	51	814
2019	20	ald25_54	52	1177
2019	20	ald25_54	53	2665
2019	20	ald25_54	54	310
2019	20	ald25_54	61	52
2019	20	ald25_54	62	392
2019	20	ald25_54	71	755
2019	20	ald25_54	72	511
2019	20	ald25_54	73	26
2019	20	ald25_54	74	393
2019	20	ald25_54	75	145
2019	20	ald25_54	81	961
2019	20	ald25_54	82	8
2019	20	ald25_54	83	860
2019	20	ald25_54	91	691
2019	20	ald25_54	92	16
2019	20	ald25_54	93	403
2019	20	ald25_54	94	131
2019	20	ald25_54	96	146
2019	20	ald55_66	00	24
2019	20	ald55_66	01	22
2019	20	ald55_66	03	4
2019	20	ald55_66	11	178
2019	20	ald55_66	12	170
2019	20	ald55_66	13	329
2019	20	ald55_66	14	131
2019	20	ald55_66	21	113
2019	20	ald55_66	22	374
2019	20	ald55_66	23	695
2019	20	ald55_66	24	473
2019	20	ald55_66	25	24
2019	20	ald55_66	26	158
2019	20	ald55_66	31	253
2019	20	ald55_66	32	121
2019	20	ald55_66	33	306
2019	20	ald55_66	34	58
2019	20	ald55_66	35	19
2019	20	ald55_66	41	225
2019	20	ald55_66	42	53
2019	20	ald55_66	43	140
2019	20	ald55_66	44	38
2019	20	ald55_66	51	231
2019	20	ald55_66	52	188
2019	20	ald55_66	53	838
2019	20	ald55_66	54	79
2019	20	ald55_66	61	15
2019	20	ald55_66	62	68
2019	20	ald55_66	71	152
2019	20	ald55_66	72	91
2019	20	ald55_66	73	16
2019	20	ald55_66	74	61
2019	20	ald55_66	75	21
2019	20	ald55_66	81	218
2019	20	ald55_66	82	4
2019	20	ald55_66	83	322
2019	20	ald55_66	91	212
2019	20	ald55_66	93	59
2019	20	ald55_66	94	32
2019	20	ald55_66	96	43
2019	20	ald67_74	00	18
2019	20	ald67_74	11	24
2019	20	ald67_74	12	15
2019	20	ald67_74	13	26
2019	20	ald67_74	14	16
2019	20	ald67_74	21	11
2019	20	ald67_74	22	35
2019	20	ald67_74	23	40
2019	20	ald67_74	24	24
2019	20	ald67_74	26	28
2019	20	ald67_74	31	25
2019	20	ald67_74	32	4
2019	20	ald67_74	33	25
2019	20	ald67_74	41	28
2019	20	ald67_74	42	8
2019	20	ald67_74	43	11
2019	20	ald67_74	44	9
2019	20	ald67_74	51	36
2019	20	ald67_74	52	39
2019	20	ald67_74	53	168
2019	20	ald67_74	54	6
2019	20	ald67_74	61	5
2019	20	ald67_74	62	11
2019	20	ald67_74	71	20
2019	20	ald67_74	72	8
2019	20	ald67_74	73	6
2019	20	ald67_74	74	10
2019	20	ald67_74	75	5
2019	20	ald67_74	81	16
2019	20	ald67_74	83	82
2019	20	ald67_74	91	34
2019	20	ald67_74	93	19
2019	20	ald67_74	94	13
2019	20	ald67_74	96	12
2019	50	ald15_24	00	94
2019	50	ald15_24	01	29
2019	50	ald15_24	02	71
2019	50	ald15_24	03	1086
2019	50	ald15_24	11	30
2019	50	ald15_24	12	15
2019	50	ald15_24	13	25
2019	50	ald15_24	14	70
2019	50	ald15_24	21	98
2019	50	ald15_24	22	611
2019	50	ald15_24	23	1316
2019	50	ald15_24	24	161
2019	50	ald15_24	25	166
2019	50	ald15_24	26	112
2019	50	ald15_24	31	308
2019	50	ald15_24	32	238
2019	50	ald15_24	33	922
2019	50	ald15_24	34	542
2019	50	ald15_24	35	240
2019	50	ald15_24	41	388
2019	50	ald15_24	42	713
2019	50	ald15_24	43	537
2019	50	ald15_24	44	49
2019	50	ald15_24	51	2136
2019	50	ald15_24	52	6610
2019	50	ald15_24	53	4479
2019	50	ald15_24	54	256
2019	50	ald15_24	61	752
2019	50	ald15_24	62	395
2019	50	ald15_24	71	1720
2019	50	ald15_24	72	1271
2019	50	ald15_24	73	31
2019	50	ald15_24	74	1191
2019	50	ald15_24	75	181
2019	50	ald15_24	81	923
2019	50	ald15_24	82	59
2019	50	ald15_24	83	885
2019	50	ald15_24	91	669
2019	50	ald15_24	92	86
2019	50	ald15_24	93	957
2019	50	ald15_24	94	606
2019	50	ald15_24	96	379
2019	50	ald25_54	00	412
2019	50	ald25_54	01	700
2019	50	ald25_54	02	55
2019	50	ald25_54	03	84
2019	50	ald25_54	11	2006
2019	50	ald25_54	12	2611
2019	50	ald25_54	13	4677
2019	50	ald25_54	14	2337
2019	50	ald25_54	21	6058
2019	50	ald25_54	22	11152
2019	50	ald25_54	23	14828
2019	50	ald25_54	24	7560
2019	50	ald25_54	25	3149
2019	50	ald25_54	26	2980
2019	50	ald25_54	31	7102
2019	50	ald25_54	32	2487
2019	50	ald25_54	33	8962
2019	50	ald25_54	34	1855
2019	50	ald25_54	35	1390
2019	50	ald25_54	41	3025
2019	50	ald25_54	42	1641
2019	50	ald25_54	43	3006
2019	50	ald25_54	44	263
2019	50	ald25_54	51	4849
2019	50	ald25_54	52	7897
2019	50	ald25_54	53	13137
2019	50	ald25_54	54	907
2019	50	ald25_54	61	929
2019	50	ald25_54	62	722
2019	50	ald25_54	71	6571
2019	50	ald25_54	72	3851
2019	50	ald25_54	73	221
2019	50	ald25_54	74	2189
2019	50	ald25_54	75	838
2019	50	ald25_54	81	4762
2019	50	ald25_54	82	312
2019	50	ald25_54	83	5415
2019	50	ald25_54	91	3698
2019	50	ald25_54	92	102
2019	50	ald25_54	93	1894
2019	50	ald25_54	94	896
2019	50	ald25_54	95	8
2019	50	ald25_54	96	701
2019	50	ald55_66	00	126
2019	50	ald55_66	01	58
2019	50	ald55_66	03	8
2019	50	ald55_66	11	935
2019	50	ald55_66	12	1092
2019	50	ald55_66	13	2157
2019	50	ald55_66	14	613
2019	50	ald55_66	21	1347
2019	50	ald55_66	22	2419
2019	50	ald55_66	23	3146
2019	50	ald55_66	24	2760
2019	50	ald55_66	25	488
2019	50	ald55_66	26	673
2019	50	ald55_66	31	2153
2019	50	ald55_66	32	612
2019	50	ald55_66	33	2527
2019	50	ald55_66	34	353
2019	50	ald55_66	35	227
2019	50	ald55_66	41	1297
2019	50	ald55_66	42	301
2019	50	ald55_66	43	948
2019	50	ald55_66	44	211
2019	50	ald55_66	51	1245
2019	50	ald55_66	52	1656
2019	50	ald55_66	53	4454
2019	50	ald55_66	54	187
2019	50	ald55_66	61	283
2019	50	ald55_66	62	153
2019	50	ald55_66	71	1232
2019	50	ald55_66	72	909
2019	50	ald55_66	73	102
2019	50	ald55_66	74	488
2019	50	ald55_66	75	155
2019	50	ald55_66	81	1175
2019	50	ald55_66	82	79
2019	50	ald55_66	83	2075
2019	50	ald55_66	91	1156
2019	50	ald55_66	92	23
2019	50	ald55_66	93	426
2019	50	ald55_66	94	237
2019	50	ald55_66	96	194
2019	50	ald67_74	00	23
2019	50	ald67_74	11	195
2019	50	ald67_74	12	89
2019	50	ald67_74	13	170
2019	50	ald67_74	14	55
2019	50	ald67_74	21	209
2019	50	ald67_74	22	240
2019	50	ald67_74	23	262
2019	50	ald67_74	24	229
2019	50	ald67_74	25	28
2019	50	ald67_74	26	90
2019	50	ald67_74	31	147
2019	50	ald67_74	32	41
2019	50	ald67_74	33	193
2019	50	ald67_74	34	35
2019	50	ald67_74	35	16
2019	50	ald67_74	41	149
2019	50	ald67_74	42	26
2019	50	ald67_74	43	95
2019	50	ald67_74	44	22
2019	50	ald67_74	51	213
2019	50	ald67_74	52	208
2019	50	ald67_74	53	666
2019	50	ald67_74	54	20
2019	50	ald67_74	61	133
2019	50	ald67_74	62	15
2019	50	ald67_74	71	93
2019	50	ald67_74	72	56
2019	50	ald67_74	73	12
2019	50	ald67_74	74	28
2019	50	ald67_74	75	17
2019	50	ald67_74	81	69
2019	50	ald67_74	83	453
2019	50	ald67_74	91	141
2019	50	ald67_74	92	4
2019	50	ald67_74	93	72
2019	50	ald67_74	94	49
2019	50	ald67_74	96	115
