STATISTIKKAAR	ARBEIDSFYLKE	ALDERSGRUPPE	YRKE_2	antall
2019	01	ald15_24	00	112
2019	01	ald15_24	01	10
2019	01	ald15_24	02	17
2019	01	ald15_24	03	533
2019	01	ald15_24	11	18
2019	01	ald15_24	12	10
2019	01	ald15_24	13	10
2019	01	ald15_24	14	29
2019	01	ald15_24	21	31
2019	01	ald15_24	22	285
2019	01	ald15_24	23	255
2019	01	ald15_24	24	39
2019	01	ald15_24	25	30
2019	01	ald15_24	26	60
2019	01	ald15_24	31	90
2019	01	ald15_24	32	134
2019	01	ald15_24	33	245
2019	01	ald15_24	34	375
2019	01	ald15_24	35	68
2019	01	ald15_24	41	249
2019	01	ald15_24	42	211
2019	01	ald15_24	43	255
2019	01	ald15_24	44	24
2019	01	ald15_24	51	870
2019	01	ald15_24	52	3255
2019	01	ald15_24	53	2570
2019	01	ald15_24	54	78
2019	01	ald15_24	61	187
2019	01	ald15_24	62	8
2019	01	ald15_24	71	765
2019	01	ald15_24	72	619
2019	01	ald15_24	73	26
2019	01	ald15_24	74	564
2019	01	ald15_24	75	47
2019	01	ald15_24	81	558
2019	01	ald15_24	82	32
2019	01	ald15_24	83	235
2019	01	ald15_24	91	348
2019	01	ald15_24	92	87
2019	01	ald15_24	93	522
2019	01	ald15_24	94	415
2019	01	ald15_24	96	132
2019	01	ald25_54	00	190
2019	01	ald25_54	01	373
2019	01	ald25_54	02	10
2019	01	ald25_54	03	58
2019	01	ald25_54	11	1110
2019	01	ald25_54	12	1211
2019	01	ald25_54	13	2255
2019	01	ald25_54	14	1275
2019	01	ald25_54	21	1453
2019	01	ald25_54	22	5481
2019	01	ald25_54	23	6367
2019	01	ald25_54	24	2711
2019	01	ald25_54	25	857
2019	01	ald25_54	26	1513
2019	01	ald25_54	31	2849
2019	01	ald25_54	32	1310
2019	01	ald25_54	33	4572
2019	01	ald25_54	34	1157
2019	01	ald25_54	35	460
2019	01	ald25_54	41	1804
2019	01	ald25_54	42	717
2019	01	ald25_54	43	2062
2019	01	ald25_54	44	140
2019	01	ald25_54	51	1982
2019	01	ald25_54	52	4523
2019	01	ald25_54	53	9079
2019	01	ald25_54	54	825
2019	01	ald25_54	61	354
2019	01	ald25_54	62	17
2019	01	ald25_54	71	3780
2019	01	ald25_54	72	2177
2019	01	ald25_54	73	158
2019	01	ald25_54	74	1143
2019	01	ald25_54	75	276
2019	01	ald25_54	81	3258
2019	01	ald25_54	82	447
2019	01	ald25_54	83	2472
2019	01	ald25_54	91	1779
2019	01	ald25_54	92	75
2019	01	ald25_54	93	1072
2019	01	ald25_54	94	399
2019	01	ald25_54	95	11
2019	01	ald25_54	96	406
2019	01	ald55_66	00	40
2019	01	ald55_66	01	75
2019	01	ald55_66	03	6
2019	01	ald55_66	11	579
2019	01	ald55_66	12	545
2019	01	ald55_66	13	1046
2019	01	ald55_66	14	348
2019	01	ald55_66	21	320
2019	01	ald55_66	22	1166
2019	01	ald55_66	23	1475
2019	01	ald55_66	24	979
2019	01	ald55_66	25	146
2019	01	ald55_66	26	386
2019	01	ald55_66	31	876
2019	01	ald55_66	32	350
2019	01	ald55_66	33	1450
2019	01	ald55_66	34	230
2019	01	ald55_66	35	99
2019	01	ald55_66	41	793
2019	01	ald55_66	42	184
2019	01	ald55_66	43	750
2019	01	ald55_66	44	121
2019	01	ald55_66	51	519
2019	01	ald55_66	52	998
2019	01	ald55_66	53	2912
2019	01	ald55_66	54	121
2019	01	ald55_66	61	96
2019	01	ald55_66	62	12
2019	01	ald55_66	71	590
2019	01	ald55_66	72	566
2019	01	ald55_66	73	64
2019	01	ald55_66	74	266
2019	01	ald55_66	75	71
2019	01	ald55_66	81	988
2019	01	ald55_66	82	102
2019	01	ald55_66	83	1052
2019	01	ald55_66	91	596
2019	01	ald55_66	92	27
2019	01	ald55_66	93	210
2019	01	ald55_66	94	113
2019	01	ald55_66	96	122
2019	01	ald67_74	00	6
2019	01	ald67_74	11	103
2019	01	ald67_74	12	50
2019	01	ald67_74	13	83
2019	01	ald67_74	14	33
2019	01	ald67_74	21	39
2019	01	ald67_74	22	105
2019	01	ald67_74	23	117
2019	01	ald67_74	24	102
2019	01	ald67_74	25	6
2019	01	ald67_74	26	49
2019	01	ald67_74	31	84
2019	01	ald67_74	32	21
2019	01	ald67_74	33	124
2019	01	ald67_74	34	27
2019	01	ald67_74	35	11
2019	01	ald67_74	41	109
2019	01	ald67_74	42	27
2019	01	ald67_74	43	91
2019	01	ald67_74	44	4
2019	01	ald67_74	51	129
2019	01	ald67_74	52	133
2019	01	ald67_74	53	415
2019	01	ald67_74	54	7
2019	01	ald67_74	61	24
2019	01	ald67_74	71	52
2019	01	ald67_74	72	60
2019	01	ald67_74	73	8
2019	01	ald67_74	74	18
2019	01	ald67_74	75	10
2019	01	ald67_74	81	49
2019	01	ald67_74	83	210
2019	01	ald67_74	91	65
2019	01	ald67_74	93	38
2019	01	ald67_74	94	24
2019	01	ald67_74	96	61
2019	02	ald15_24	00	135
2019	02	ald15_24	01	10
2019	02	ald15_24	02	58
2019	02	ald15_24	03	1511
2019	02	ald15_24	11	46
2019	02	ald15_24	12	30
2019	02	ald15_24	13	23
2019	02	ald15_24	14	153
2019	02	ald15_24	21	74
2019	02	ald15_24	22	530
2019	02	ald15_24	23	804
2019	02	ald15_24	24	186
2019	02	ald15_24	25	146
2019	02	ald15_24	26	99
2019	02	ald15_24	31	270
2019	02	ald15_24	32	190
2019	02	ald15_24	33	925
2019	02	ald15_24	34	1163
2019	02	ald15_24	35	282
2019	02	ald15_24	41	613
2019	02	ald15_24	42	598
2019	02	ald15_24	43	1478
2019	02	ald15_24	44	32
2019	02	ald15_24	51	2098
2019	02	ald15_24	52	9828
2019	02	ald15_24	53	4938
2019	02	ald15_24	54	534
2019	02	ald15_24	61	223
2019	02	ald15_24	62	8
2019	02	ald15_24	71	1132
2019	02	ald15_24	72	849
2019	02	ald15_24	73	32
2019	02	ald15_24	74	1126
2019	02	ald15_24	75	115
2019	02	ald15_24	81	336
2019	02	ald15_24	82	38
2019	02	ald15_24	83	448
2019	02	ald15_24	91	739
2019	02	ald15_24	92	129
2019	02	ald15_24	93	880
2019	02	ald15_24	94	741
2019	02	ald15_24	96	206
2019	02	ald25_54	00	786
2019	02	ald25_54	01	959
2019	02	ald25_54	02	57
2019	02	ald25_54	03	124
2019	02	ald25_54	11	3057
2019	02	ald25_54	12	5099
2019	02	ald25_54	13	6597
2019	02	ald25_54	14	3269
2019	02	ald25_54	21	7118
2019	02	ald25_54	22	9830
2019	02	ald25_54	23	13930
2019	02	ald25_54	24	9114
2019	02	ald25_54	25	5211
2019	02	ald25_54	26	3267
2019	02	ald25_54	31	9344
2019	02	ald25_54	32	2346
2019	02	ald25_54	33	15322
2019	02	ald25_54	34	2381
2019	02	ald25_54	35	2258
2019	02	ald25_54	41	4319
2019	02	ald25_54	42	2064
2019	02	ald25_54	43	9645
2019	02	ald25_54	44	270
2019	02	ald25_54	51	5927
2019	02	ald25_54	52	10093
2019	02	ald25_54	53	17350
2019	02	ald25_54	54	1883
2019	02	ald25_54	61	571
2019	02	ald25_54	62	29
2019	02	ald25_54	71	6466
2019	02	ald25_54	72	3008
2019	02	ald25_54	73	316
2019	02	ald25_54	74	2408
2019	02	ald25_54	75	597
2019	02	ald25_54	81	1865
2019	02	ald25_54	82	213
2019	02	ald25_54	83	5119
2019	02	ald25_54	91	3849
2019	02	ald25_54	92	106
2019	02	ald25_54	93	2165
2019	02	ald25_54	94	1199
2019	02	ald25_54	95	14
2019	02	ald25_54	96	804
2019	02	ald55_66	00	124
2019	02	ald55_66	01	129
2019	02	ald55_66	03	12
2019	02	ald55_66	11	1482
2019	02	ald55_66	12	1900
2019	02	ald55_66	13	2866
2019	02	ald55_66	14	761
2019	02	ald55_66	21	2095
2019	02	ald55_66	22	2397
2019	02	ald55_66	23	3353
2019	02	ald55_66	24	2690
2019	02	ald55_66	25	1101
2019	02	ald55_66	26	643
2019	02	ald55_66	31	2600
2019	02	ald55_66	32	701
2019	02	ald55_66	33	4140
2019	02	ald55_66	34	449
2019	02	ald55_66	35	397
2019	02	ald55_66	41	1509
2019	02	ald55_66	42	373
2019	02	ald55_66	43	2487
2019	02	ald55_66	44	135
2019	02	ald55_66	51	1349
2019	02	ald55_66	52	1638
2019	02	ald55_66	53	4959
2019	02	ald55_66	54	288
2019	02	ald55_66	61	137
2019	02	ald55_66	62	10
2019	02	ald55_66	71	966
2019	02	ald55_66	72	617
2019	02	ald55_66	73	117
2019	02	ald55_66	74	479
2019	02	ald55_66	75	111
2019	02	ald55_66	81	577
2019	02	ald55_66	82	54
2019	02	ald55_66	83	1756
2019	02	ald55_66	91	891
2019	02	ald55_66	92	26
2019	02	ald55_66	93	290
2019	02	ald55_66	94	243
2019	02	ald55_66	95	8
2019	02	ald55_66	96	185
2019	02	ald67_74	00	45
2019	02	ald67_74	11	213
2019	02	ald67_74	12	153
2019	02	ald67_74	13	193
2019	02	ald67_74	14	64
2019	02	ald67_74	21	192
2019	02	ald67_74	22	215
2019	02	ald67_74	23	238
2019	02	ald67_74	24	214
2019	02	ald67_74	25	44
2019	02	ald67_74	26	58
2019	02	ald67_74	31	191
2019	02	ald67_74	32	45
2019	02	ald67_74	33	351
2019	02	ald67_74	34	70
2019	02	ald67_74	35	28
2019	02	ald67_74	41	246
2019	02	ald67_74	42	41
2019	02	ald67_74	43	202
2019	02	ald67_74	44	10
2019	02	ald67_74	51	211
2019	02	ald67_74	52	219
2019	02	ald67_74	53	653
2019	02	ald67_74	54	24
2019	02	ald67_74	61	32
2019	02	ald67_74	71	59
2019	02	ald67_74	72	59
2019	02	ald67_74	73	12
2019	02	ald67_74	74	36
2019	02	ald67_74	75	11
2019	02	ald67_74	81	37
2019	02	ald67_74	82	4
2019	02	ald67_74	83	372
2019	02	ald67_74	91	82
2019	02	ald67_74	92	6
2019	02	ald67_74	93	47
2019	02	ald67_74	94	25
2019	02	ald67_74	95	15
2019	02	ald67_74	96	69
2019	03	ald15_24	00	194
2019	03	ald15_24	01	32
2019	03	ald15_24	02	52
2019	03	ald15_24	03	845
2019	03	ald15_24	11	144
2019	03	ald15_24	12	97
2019	03	ald15_24	13	55
2019	03	ald15_24	14	213
2019	03	ald15_24	21	360
2019	03	ald15_24	22	964
2019	03	ald15_24	23	1704
2019	03	ald15_24	24	1526
2019	03	ald15_24	25	821
2019	03	ald15_24	26	752
2019	03	ald15_24	31	359
2019	03	ald15_24	32	383
2019	03	ald15_24	33	2710
2019	03	ald15_24	34	1422
2019	03	ald15_24	35	802
2019	03	ald15_24	41	2190
2019	03	ald15_24	42	1769
2019	03	ald15_24	43	1157
2019	03	ald15_24	44	98
2019	03	ald15_24	51	4125
2019	03	ald15_24	52	12133
2019	03	ald15_24	53	6856
2019	03	ald15_24	54	912
2019	03	ald15_24	61	19
2019	03	ald15_24	62	12
2019	03	ald15_24	71	1024
2019	03	ald15_24	72	666
2019	03	ald15_24	73	75
2019	03	ald15_24	74	1632
2019	03	ald15_24	75	191
2019	03	ald15_24	81	268
2019	03	ald15_24	82	8
2019	03	ald15_24	83	554
2019	03	ald15_24	91	769
2019	03	ald15_24	92	47
2019	03	ald15_24	93	594
2019	03	ald15_24	94	838
2019	03	ald15_24	96	491
2019	03	ald25_54	00	1317
2019	03	ald25_54	01	926
2019	03	ald25_54	02	74
2019	03	ald25_54	03	182
2019	03	ald25_54	11	6788
2019	03	ald25_54	12	13050
2019	03	ald25_54	13	10639
2019	03	ald25_54	14	5057
2019	03	ald25_54	21	16350
2019	03	ald25_54	22	16269
2019	03	ald25_54	23	19029
2019	03	ald25_54	24	43828
2019	03	ald25_54	25	18414
2019	03	ald25_54	26	15927
2019	03	ald25_54	31	11289
2019	03	ald25_54	32	4568
2019	03	ald25_54	33	34946
2019	03	ald25_54	34	5113
2019	03	ald25_54	35	6681
2019	03	ald25_54	41	9156
2019	03	ald25_54	42	5175
2019	03	ald25_54	43	8787
2019	03	ald25_54	44	613
2019	03	ald25_54	51	12073
2019	03	ald25_54	52	13663
2019	03	ald25_54	53	17966
2019	03	ald25_54	54	3049
2019	03	ald25_54	61	206
2019	03	ald25_54	62	46
2019	03	ald25_54	71	8497
2019	03	ald25_54	72	2371
2019	03	ald25_54	73	480
2019	03	ald25_54	74	3326
2019	03	ald25_54	75	929
2019	03	ald25_54	81	1694
2019	03	ald25_54	82	105
2019	03	ald25_54	83	6831
2019	03	ald25_54	91	7424
2019	03	ald25_54	92	45
2019	03	ald25_54	93	1868
2019	03	ald25_54	94	2852
2019	03	ald25_54	95	24
2019	03	ald25_54	96	1124
2019	03	ald55_66	00	133
2019	03	ald55_66	01	61
2019	03	ald55_66	03	9
2019	03	ald55_66	11	3039
2019	03	ald55_66	12	4477
2019	03	ald55_66	13	3990
2019	03	ald55_66	14	868
2019	03	ald55_66	21	3142
2019	03	ald55_66	22	3361
2019	03	ald55_66	23	3765
2019	03	ald55_66	24	10212
2019	03	ald55_66	25	2742
2019	03	ald55_66	26	2664
2019	03	ald55_66	31	3010
2019	03	ald55_66	32	1070
2019	03	ald55_66	33	7826
2019	03	ald55_66	34	878
2019	03	ald55_66	35	967
2019	03	ald55_66	41	2390
2019	03	ald55_66	42	1010
2019	03	ald55_66	43	2103
2019	03	ald55_66	44	247
2019	03	ald55_66	51	1897
2019	03	ald55_66	52	1348
2019	03	ald55_66	53	3493
2019	03	ald55_66	54	325
2019	03	ald55_66	61	52
2019	03	ald55_66	62	8
2019	03	ald55_66	71	1396
2019	03	ald55_66	72	510
2019	03	ald55_66	73	165
2019	03	ald55_66	74	677
2019	03	ald55_66	75	203
2019	03	ald55_66	81	389
2019	03	ald55_66	82	27
2019	03	ald55_66	83	1811
2019	03	ald55_66	91	1293
2019	03	ald55_66	92	8
2019	03	ald55_66	93	279
2019	03	ald55_66	94	440
2019	03	ald55_66	95	4
2019	03	ald55_66	96	247
2019	03	ald67_74	00	58
2019	03	ald67_74	11	354
2019	03	ald67_74	12	307
2019	03	ald67_74	13	290
2019	03	ald67_74	14	101
2019	03	ald67_74	21	410
2019	03	ald67_74	22	357
2019	03	ald67_74	23	617
2019	03	ald67_74	24	797
2019	03	ald67_74	25	112
2019	03	ald67_74	26	387
2019	03	ald67_74	31	249
2019	03	ald67_74	32	88
2019	03	ald67_74	33	511
2019	03	ald67_74	34	100
2019	03	ald67_74	35	63
2019	03	ald67_74	41	287
2019	03	ald67_74	42	121
2019	03	ald67_74	43	173
2019	03	ald67_74	44	13
2019	03	ald67_74	51	239
2019	03	ald67_74	52	180
2019	03	ald67_74	53	365
2019	03	ald67_74	54	22
2019	03	ald67_74	61	6
2019	03	ald67_74	71	98
2019	03	ald67_74	72	41
2019	03	ald67_74	73	18
2019	03	ald67_74	74	43
2019	03	ald67_74	75	10
2019	03	ald67_74	81	23
2019	03	ald67_74	83	291
2019	03	ald67_74	91	76
2019	03	ald67_74	92	5
2019	03	ald67_74	93	34
2019	03	ald67_74	94	30
2019	03	ald67_74	96	96
2019	04	ald15_24	00	49
2019	04	ald15_24	01	10
2019	04	ald15_24	02	37
2019	04	ald15_24	03	453
2019	04	ald15_24	11	9
2019	04	ald15_24	13	12
2019	04	ald15_24	14	24
2019	04	ald15_24	21	16
2019	04	ald15_24	22	192
2019	04	ald15_24	23	152
2019	04	ald15_24	24	34
2019	04	ald15_24	25	39
2019	04	ald15_24	26	42
2019	04	ald15_24	31	74
2019	04	ald15_24	32	77
2019	04	ald15_24	33	138
2019	04	ald15_24	34	170
2019	04	ald15_24	35	42
2019	04	ald15_24	41	113
2019	04	ald15_24	42	190
2019	04	ald15_24	43	193
2019	04	ald15_24	44	15
2019	04	ald15_24	51	487
2019	04	ald15_24	52	2210
2019	04	ald15_24	53	2038
2019	04	ald15_24	54	58
2019	04	ald15_24	61	222
2019	04	ald15_24	62	25
2019	04	ald15_24	71	550
2019	04	ald15_24	72	482
2019	04	ald15_24	73	8
2019	04	ald15_24	74	400
2019	04	ald15_24	75	46
2019	04	ald15_24	81	271
2019	04	ald15_24	82	18
2019	04	ald15_24	83	288
2019	04	ald15_24	91	257
2019	04	ald15_24	92	57
2019	04	ald15_24	93	285
2019	04	ald15_24	94	238
2019	04	ald15_24	96	67
2019	04	ald25_54	00	183
2019	04	ald25_54	01	761
2019	04	ald25_54	02	50
2019	04	ald25_54	03	79
2019	04	ald25_54	11	710
2019	04	ald25_54	12	952
2019	04	ald25_54	13	1598
2019	04	ald25_54	14	1039
2019	04	ald25_54	21	1011
2019	04	ald25_54	22	4023
2019	04	ald25_54	23	4154
2019	04	ald25_54	24	2478
2019	04	ald25_54	25	595
2019	04	ald25_54	26	966
2019	04	ald25_54	31	1634
2019	04	ald25_54	32	988
2019	04	ald25_54	33	2790
2019	04	ald25_54	34	700
2019	04	ald25_54	35	290
2019	04	ald25_54	41	955
2019	04	ald25_54	42	560
2019	04	ald25_54	43	1059
2019	04	ald25_54	44	86
2019	04	ald25_54	51	1497
2019	04	ald25_54	52	3188
2019	04	ald25_54	53	6187
2019	04	ald25_54	54	331
2019	04	ald25_54	61	408
2019	04	ald25_54	62	37
2019	04	ald25_54	71	2271
2019	04	ald25_54	72	1499
2019	04	ald25_54	73	73
2019	04	ald25_54	74	839
2019	04	ald25_54	75	282
2019	04	ald25_54	81	1957
2019	04	ald25_54	82	66
2019	04	ald25_54	83	2167
2019	04	ald25_54	91	1330
2019	04	ald25_54	92	91
2019	04	ald25_54	93	560
2019	04	ald25_54	94	354
2019	04	ald25_54	95	5
2019	04	ald25_54	96	370
2019	04	ald55_66	00	64
2019	04	ald55_66	01	34
2019	04	ald55_66	11	412
2019	04	ald55_66	12	431
2019	04	ald55_66	13	891
2019	04	ald55_66	14	243
2019	04	ald55_66	21	334
2019	04	ald55_66	22	1025
2019	04	ald55_66	23	1181
2019	04	ald55_66	24	1025
2019	04	ald55_66	25	129
2019	04	ald55_66	26	247
2019	04	ald55_66	31	595
2019	04	ald55_66	32	322
2019	04	ald55_66	33	1076
2019	04	ald55_66	34	180
2019	04	ald55_66	35	71
2019	04	ald55_66	41	489
2019	04	ald55_66	42	159
2019	04	ald55_66	43	420
2019	04	ald55_66	44	119
2019	04	ald55_66	51	506
2019	04	ald55_66	52	824
2019	04	ald55_66	53	2461
2019	04	ald55_66	54	85
2019	04	ald55_66	61	121
2019	04	ald55_66	62	28
2019	04	ald55_66	71	486
2019	04	ald55_66	72	372
2019	04	ald55_66	73	27
2019	04	ald55_66	74	224
2019	04	ald55_66	75	75
2019	04	ald55_66	81	738
2019	04	ald55_66	82	9
2019	04	ald55_66	83	892
2019	04	ald55_66	91	561
2019	04	ald55_66	92	18
2019	04	ald55_66	93	137
2019	04	ald55_66	94	133
2019	04	ald55_66	96	130
2019	04	ald67_74	00	24
2019	04	ald67_74	11	58
2019	04	ald67_74	12	38
2019	04	ald67_74	13	78
2019	04	ald67_74	14	24
2019	04	ald67_74	21	48
2019	04	ald67_74	22	104
2019	04	ald67_74	23	103
2019	04	ald67_74	24	91
2019	04	ald67_74	25	8
2019	04	ald67_74	26	39
2019	04	ald67_74	31	60
2019	04	ald67_74	32	22
2019	04	ald67_74	33	88
2019	04	ald67_74	34	12
2019	04	ald67_74	35	4
2019	04	ald67_74	41	78
2019	04	ald67_74	42	17
2019	04	ald67_74	43	47
2019	04	ald67_74	44	9
2019	04	ald67_74	51	130
2019	04	ald67_74	52	114
2019	04	ald67_74	53	329
2019	04	ald67_74	54	12
2019	04	ald67_74	61	51
2019	04	ald67_74	62	6
2019	04	ald67_74	71	54
2019	04	ald67_74	72	42
2019	04	ald67_74	73	9
2019	04	ald67_74	74	12
2019	04	ald67_74	75	6
2019	04	ald67_74	81	48
2019	04	ald67_74	83	212
2019	04	ald67_74	91	83
2019	04	ald67_74	92	11
2019	04	ald67_74	93	32
2019	04	ald67_74	94	30
2019	04	ald67_74	96	66
2019	05	ald15_24	00	32
2019	05	ald15_24	01	10
2019	05	ald15_24	02	13
2019	05	ald15_24	03	426
2019	05	ald15_24	11	11
2019	05	ald15_24	12	5
2019	05	ald15_24	13	10
2019	05	ald15_24	14	46
2019	05	ald15_24	21	11
2019	05	ald15_24	22	205
2019	05	ald15_24	23	234
2019	05	ald15_24	24	30
2019	05	ald15_24	25	26
2019	05	ald15_24	26	38
2019	05	ald15_24	31	48
2019	05	ald15_24	32	86
2019	05	ald15_24	33	205
2019	05	ald15_24	34	98
2019	05	ald15_24	35	54
2019	05	ald15_24	41	108
2019	05	ald15_24	42	379
2019	05	ald15_24	43	167
2019	05	ald15_24	44	20
2019	05	ald15_24	51	695
2019	05	ald15_24	52	2614
2019	05	ald15_24	53	1954
2019	05	ald15_24	54	34
2019	05	ald15_24	61	384
2019	05	ald15_24	62	18
2019	05	ald15_24	71	563
2019	05	ald15_24	72	441
2019	05	ald15_24	73	22
2019	05	ald15_24	74	504
2019	05	ald15_24	75	48
2019	05	ald15_24	81	348
2019	05	ald15_24	82	38
2019	05	ald15_24	83	377
2019	05	ald15_24	91	156
2019	05	ald15_24	92	39
2019	05	ald15_24	93	385
2019	05	ald15_24	94	337
2019	05	ald15_24	96	54
2019	05	ald25_54	00	139
2019	05	ald25_54	01	225
2019	05	ald25_54	02	15
2019	05	ald25_54	03	36
2019	05	ald25_54	11	779
2019	05	ald25_54	12	740
2019	05	ald25_54	13	1587
2019	05	ald25_54	14	1021
2019	05	ald25_54	21	975
2019	05	ald25_54	22	3839
2019	05	ald25_54	23	4409
2019	05	ald25_54	24	1898
2019	05	ald25_54	25	463
2019	05	ald25_54	26	900
2019	05	ald25_54	31	1693
2019	05	ald25_54	32	916
2019	05	ald25_54	33	2650
2019	05	ald25_54	34	610
2019	05	ald25_54	35	296
2019	05	ald25_54	41	966
2019	05	ald25_54	42	687
2019	05	ald25_54	43	976
2019	05	ald25_54	44	81
2019	05	ald25_54	51	1725
2019	05	ald25_54	52	3260
2019	05	ald25_54	53	5760
2019	05	ald25_54	54	183
2019	05	ald25_54	61	430
2019	05	ald25_54	62	25
2019	05	ald25_54	71	2492
2019	05	ald25_54	72	1345
2019	05	ald25_54	73	86
2019	05	ald25_54	74	913
2019	05	ald25_54	75	255
2019	05	ald25_54	81	2199
2019	05	ald25_54	82	118
2019	05	ald25_54	83	2428
2019	05	ald25_54	91	1325
2019	05	ald25_54	92	55
2019	05	ald25_54	93	680
2019	05	ald25_54	94	393
2019	05	ald25_54	96	357
2019	05	ald55_66	00	63
2019	05	ald55_66	01	43
2019	05	ald55_66	11	383
2019	05	ald55_66	12	383
2019	05	ald55_66	13	746
2019	05	ald55_66	14	286
2019	05	ald55_66	21	335
2019	05	ald55_66	22	983
2019	05	ald55_66	23	1178
2019	05	ald55_66	24	804
2019	05	ald55_66	25	116
2019	05	ald55_66	26	264
2019	05	ald55_66	31	563
2019	05	ald55_66	32	285
2019	05	ald55_66	33	1044
2019	05	ald55_66	34	182
2019	05	ald55_66	35	67
2019	05	ald55_66	41	496
2019	05	ald55_66	42	142
2019	05	ald55_66	43	395
2019	05	ald55_66	44	113
2019	05	ald55_66	51	589
2019	05	ald55_66	52	853
2019	05	ald55_66	53	2468
2019	05	ald55_66	54	43
2019	05	ald55_66	61	141
2019	05	ald55_66	62	8
2019	05	ald55_66	71	516
2019	05	ald55_66	72	294
2019	05	ald55_66	73	51
2019	05	ald55_66	74	178
2019	05	ald55_66	75	61
2019	05	ald55_66	81	660
2019	05	ald55_66	82	37
2019	05	ald55_66	83	936
2019	05	ald55_66	91	579
2019	05	ald55_66	92	11
2019	05	ald55_66	93	144
2019	05	ald55_66	94	115
2019	05	ald55_66	96	123
2019	05	ald67_74	00	32
2019	05	ald67_74	11	65
2019	05	ald67_74	12	26
2019	05	ald67_74	13	60
2019	05	ald67_74	14	21
2019	05	ald67_74	21	37
2019	05	ald67_74	22	102
2019	05	ald67_74	23	112
2019	05	ald67_74	24	67
2019	05	ald67_74	26	29
2019	05	ald67_74	31	39
2019	05	ald67_74	32	16
2019	05	ald67_74	33	96
2019	05	ald67_74	34	18
2019	05	ald67_74	41	74
2019	05	ald67_74	42	31
2019	05	ald67_74	43	40
2019	05	ald67_74	44	11
2019	05	ald67_74	51	103
2019	05	ald67_74	52	105
2019	05	ald67_74	53	436
2019	05	ald67_74	61	86
2019	05	ald67_74	62	7
2019	05	ald67_74	71	47
2019	05	ald67_74	72	38
2019	05	ald67_74	74	17
2019	05	ald67_74	75	7
2019	05	ald67_74	81	49
2019	05	ald67_74	83	234
2019	05	ald67_74	91	66
2019	05	ald67_74	93	20
2019	05	ald67_74	94	21
2019	05	ald67_74	96	43
2019	06	ald15_24	00	54
2019	06	ald15_24	01	7
2019	06	ald15_24	02	10
2019	06	ald15_24	03	519
2019	06	ald15_24	11	13
2019	06	ald15_24	12	4
2019	06	ald15_24	13	14
2019	06	ald15_24	14	33
2019	06	ald15_24	21	27
2019	06	ald15_24	22	271
2019	06	ald15_24	23	284
2019	06	ald15_24	24	51
2019	06	ald15_24	25	49
2019	06	ald15_24	26	34
2019	06	ald15_24	31	153
2019	06	ald15_24	32	77
2019	06	ald15_24	33	241
2019	06	ald15_24	34	270
2019	06	ald15_24	35	75
2019	06	ald15_24	41	241
2019	06	ald15_24	42	305
2019	06	ald15_24	43	375
2019	06	ald15_24	44	28
2019	06	ald15_24	51	763
2019	06	ald15_24	52	3808
2019	06	ald15_24	53	2103
2019	06	ald15_24	54	99
2019	06	ald15_24	61	131
2019	06	ald15_24	62	13
2019	06	ald15_24	71	767
2019	06	ald15_24	72	631
2019	06	ald15_24	73	19
2019	06	ald15_24	74	820
2019	06	ald15_24	75	80
2019	06	ald15_24	81	271
2019	06	ald15_24	82	33
2019	06	ald15_24	83	414
2019	06	ald15_24	91	363
2019	06	ald15_24	92	46
2019	06	ald15_24	93	667
2019	06	ald15_24	94	336
2019	06	ald15_24	96	129
2019	06	ald25_54	00	365
2019	06	ald25_54	01	185
2019	06	ald25_54	02	20
2019	06	ald25_54	03	35
2019	06	ald25_54	11	1323
2019	06	ald25_54	12	1556
2019	06	ald25_54	13	2808
2019	06	ald25_54	14	1628
2019	06	ald25_54	21	2131
2019	06	ald25_54	22	5069
2019	06	ald25_54	23	6075
2019	06	ald25_54	24	3467
2019	06	ald25_54	25	856
2019	06	ald25_54	26	1328
2019	06	ald25_54	31	5157
2019	06	ald25_54	32	1267
2019	06	ald25_54	33	4773
2019	06	ald25_54	34	917
2019	06	ald25_54	35	627
2019	06	ald25_54	41	1949
2019	06	ald25_54	42	895
2019	06	ald25_54	43	2300
2019	06	ald25_54	44	144
2019	06	ald25_54	51	2288
2019	06	ald25_54	52	4713
2019	06	ald25_54	53	8285
2019	06	ald25_54	54	469
2019	06	ald25_54	61	390
2019	06	ald25_54	62	27
2019	06	ald25_54	71	4010
2019	06	ald25_54	72	2291
2019	06	ald25_54	73	118
2019	06	ald25_54	74	1428
2019	06	ald25_54	75	367
2019	06	ald25_54	81	1921
2019	06	ald25_54	82	444
2019	06	ald25_54	83	3118
2019	06	ald25_54	91	1999
2019	06	ald25_54	92	106
2019	06	ald25_54	93	1470
2019	06	ald25_54	94	507
2019	06	ald25_54	96	407
2019	06	ald55_66	00	96
2019	06	ald55_66	01	43
2019	06	ald55_66	03	4
2019	06	ald55_66	11	694
2019	06	ald55_66	12	702
2019	06	ald55_66	13	1243
2019	06	ald55_66	14	384
2019	06	ald55_66	21	607
2019	06	ald55_66	22	1242
2019	06	ald55_66	23	1456
2019	06	ald55_66	24	1200
2019	06	ald55_66	25	198
2019	06	ald55_66	26	318
2019	06	ald55_66	31	1493
2019	06	ald55_66	32	347
2019	06	ald55_66	33	1593
2019	06	ald55_66	34	213
2019	06	ald55_66	35	100
2019	06	ald55_66	41	768
2019	06	ald55_66	42	188
2019	06	ald55_66	43	754
2019	06	ald55_66	44	101
2019	06	ald55_66	51	611
2019	06	ald55_66	52	969
2019	06	ald55_66	53	2973
2019	06	ald55_66	54	90
2019	06	ald55_66	61	80
2019	06	ald55_66	62	14
2019	06	ald55_66	71	704
2019	06	ald55_66	72	551
2019	06	ald55_66	73	45
2019	06	ald55_66	74	318
2019	06	ald55_66	75	77
2019	06	ald55_66	81	506
2019	06	ald55_66	82	146
2019	06	ald55_66	83	1048
2019	06	ald55_66	91	513
2019	06	ald55_66	92	20
2019	06	ald55_66	93	285
2019	06	ald55_66	94	148
2019	06	ald55_66	96	96
2019	06	ald67_74	00	12
2019	06	ald67_74	11	162
2019	06	ald67_74	12	64
2019	06	ald67_74	13	105
2019	06	ald67_74	14	53
2019	06	ald67_74	21	56
2019	06	ald67_74	22	121
2019	06	ald67_74	23	122
2019	06	ald67_74	24	101
2019	06	ald67_74	25	8
2019	06	ald67_74	26	56
2019	06	ald67_74	31	120
2019	06	ald67_74	32	36
2019	06	ald67_74	33	163
2019	06	ald67_74	34	29
2019	06	ald67_74	35	7
2019	06	ald67_74	41	143
2019	06	ald67_74	42	14
2019	06	ald67_74	43	80
2019	06	ald67_74	44	14
2019	06	ald67_74	51	138
2019	06	ald67_74	52	175
2019	06	ald67_74	53	421
2019	06	ald67_74	54	8
2019	06	ald67_74	61	26
2019	06	ald67_74	71	51
2019	06	ald67_74	72	53
2019	06	ald67_74	73	4
2019	06	ald67_74	74	21
2019	06	ald67_74	75	8
2019	06	ald67_74	81	37
2019	06	ald67_74	82	6
2019	06	ald67_74	83	231
2019	06	ald67_74	91	71
2019	06	ald67_74	92	6
2019	06	ald67_74	93	57
2019	06	ald67_74	94	23
2019	06	ald67_74	96	33
2019	07	ald15_24	00	104
2019	07	ald15_24	02	15
2019	07	ald15_24	03	516
2019	07	ald15_24	11	19
2019	07	ald15_24	12	10
2019	07	ald15_24	13	10
2019	07	ald15_24	14	44
2019	07	ald15_24	21	20
2019	07	ald15_24	22	179
2019	07	ald15_24	23	170
2019	07	ald15_24	24	35
2019	07	ald15_24	25	35
2019	07	ald15_24	26	64
2019	07	ald15_24	31	115
2019	07	ald15_24	32	65
2019	07	ald15_24	33	304
2019	07	ald15_24	34	233
2019	07	ald15_24	35	98
2019	07	ald15_24	41	191
2019	07	ald15_24	42	222
2019	07	ald15_24	43	307
2019	07	ald15_24	44	15
2019	07	ald15_24	51	713
2019	07	ald15_24	52	3335
2019	07	ald15_24	53	1892
2019	07	ald15_24	54	104
2019	07	ald15_24	61	147
2019	07	ald15_24	71	678
2019	07	ald15_24	72	483
2019	07	ald15_24	73	23
2019	07	ald15_24	74	469
2019	07	ald15_24	75	61
2019	07	ald15_24	81	316
2019	07	ald15_24	82	57
2019	07	ald15_24	83	263
2019	07	ald15_24	91	397
2019	07	ald15_24	92	55
2019	07	ald15_24	93	581
2019	07	ald15_24	94	314
2019	07	ald15_24	96	102
2019	07	ald25_54	00	239
2019	07	ald25_54	01	200
2019	07	ald25_54	02	12
2019	07	ald25_54	03	51
2019	07	ald25_54	11	1040
2019	07	ald25_54	12	1381
2019	07	ald25_54	13	2087
2019	07	ald25_54	14	1228
2019	07	ald25_54	21	1515
2019	07	ald25_54	22	4341
2019	07	ald25_54	23	5509
2019	07	ald25_54	24	2904
2019	07	ald25_54	25	969
2019	07	ald25_54	26	1307
2019	07	ald25_54	31	3229
2019	07	ald25_54	32	1133
2019	07	ald25_54	33	4541
2019	07	ald25_54	34	852
2019	07	ald25_54	35	535
2019	07	ald25_54	41	1456
2019	07	ald25_54	42	772
2019	07	ald25_54	43	2030
2019	07	ald25_54	44	111
2019	07	ald25_54	51	2099
2019	07	ald25_54	52	3881
2019	07	ald25_54	53	7705
2019	07	ald25_54	54	624
2019	07	ald25_54	61	354
2019	07	ald25_54	62	9
2019	07	ald25_54	71	3323
2019	07	ald25_54	72	1720
2019	07	ald25_54	73	127
2019	07	ald25_54	74	1027
2019	07	ald25_54	75	326
2019	07	ald25_54	81	2272
2019	07	ald25_54	82	354
2019	07	ald25_54	83	1802
2019	07	ald25_54	91	1754
2019	07	ald25_54	92	84
2019	07	ald25_54	93	1202
2019	07	ald25_54	94	359
2019	07	ald25_54	95	7
2019	07	ald25_54	96	400
2019	07	ald55_66	00	52
2019	07	ald55_66	01	38
2019	07	ald55_66	11	587
2019	07	ald55_66	12	685
2019	07	ald55_66	13	1013
2019	07	ald55_66	14	345
2019	07	ald55_66	21	403
2019	07	ald55_66	22	1157
2019	07	ald55_66	23	1365
2019	07	ald55_66	24	1107
2019	07	ald55_66	25	193
2019	07	ald55_66	26	344
2019	07	ald55_66	31	1019
2019	07	ald55_66	32	413
2019	07	ald55_66	33	1383
2019	07	ald55_66	34	183
2019	07	ald55_66	35	98
2019	07	ald55_66	41	672
2019	07	ald55_66	42	198
2019	07	ald55_66	43	662
2019	07	ald55_66	44	72
2019	07	ald55_66	51	544
2019	07	ald55_66	52	952
2019	07	ald55_66	53	2762
2019	07	ald55_66	54	114
2019	07	ald55_66	61	104
2019	07	ald55_66	71	627
2019	07	ald55_66	72	465
2019	07	ald55_66	73	40
2019	07	ald55_66	74	263
2019	07	ald55_66	75	78
2019	07	ald55_66	81	592
2019	07	ald55_66	82	96
2019	07	ald55_66	83	648
2019	07	ald55_66	91	516
2019	07	ald55_66	92	22
2019	07	ald55_66	93	190
2019	07	ald55_66	94	107
2019	07	ald55_66	96	75
2019	07	ald67_74	00	14
2019	07	ald67_74	11	105
2019	07	ald67_74	12	61
2019	07	ald67_74	13	67
2019	07	ald67_74	14	33
2019	07	ald67_74	21	47
2019	07	ald67_74	22	122
2019	07	ald67_74	23	110
2019	07	ald67_74	24	110
2019	07	ald67_74	25	9
2019	07	ald67_74	26	46
2019	07	ald67_74	31	88
2019	07	ald67_74	32	20
2019	07	ald67_74	33	100
2019	07	ald67_74	34	22
2019	07	ald67_74	35	11
2019	07	ald67_74	41	92
2019	07	ald67_74	42	15
2019	07	ald67_74	43	65
2019	07	ald67_74	44	13
2019	07	ald67_74	51	115
2019	07	ald67_74	52	121
2019	07	ald67_74	53	326
2019	07	ald67_74	54	20
2019	07	ald67_74	61	22
2019	07	ald67_74	71	65
2019	07	ald67_74	72	52
2019	07	ald67_74	73	6
2019	07	ald67_74	74	16
2019	07	ald67_74	81	47
2019	07	ald67_74	82	7
2019	07	ald67_74	83	161
2019	07	ald67_74	91	53
2019	07	ald67_74	92	8
2019	07	ald67_74	93	32
2019	07	ald67_74	94	12
2019	07	ald67_74	96	28
2019	08	ald15_24	00	14
2019	08	ald15_24	02	10
2019	08	ald15_24	03	305
2019	08	ald15_24	11	9
2019	08	ald15_24	13	8
2019	08	ald15_24	14	29
2019	08	ald15_24	21	11
2019	08	ald15_24	22	164
2019	08	ald15_24	23	268
2019	08	ald15_24	24	23
2019	08	ald15_24	25	24
2019	08	ald15_24	26	35
2019	08	ald15_24	31	50
2019	08	ald15_24	32	70
2019	08	ald15_24	33	127
2019	08	ald15_24	34	90
2019	08	ald15_24	35	40
2019	08	ald15_24	41	77
2019	08	ald15_24	42	93
2019	08	ald15_24	43	112
2019	08	ald15_24	44	13
2019	08	ald15_24	51	534
2019	08	ald15_24	52	2424
2019	08	ald15_24	53	1217
2019	08	ald15_24	54	51
2019	08	ald15_24	61	119
2019	08	ald15_24	71	484
2019	08	ald15_24	72	410
2019	08	ald15_24	73	11
2019	08	ald15_24	74	448
2019	08	ald15_24	75	24
2019	08	ald15_24	81	383
2019	08	ald15_24	82	25
2019	08	ald15_24	83	230
2019	08	ald15_24	91	192
2019	08	ald15_24	92	18
2019	08	ald15_24	93	301
2019	08	ald15_24	94	241
2019	08	ald15_24	96	49
2019	08	ald25_54	00	85
2019	08	ald25_54	01	38
2019	08	ald25_54	02	5
2019	08	ald25_54	03	9
2019	08	ald25_54	11	667
2019	08	ald25_54	12	690
2019	08	ald25_54	13	1462
2019	08	ald25_54	14	948
2019	08	ald25_54	21	1007
2019	08	ald25_54	22	3549
2019	08	ald25_54	23	4257
2019	08	ald25_54	24	1525
2019	08	ald25_54	25	417
2019	08	ald25_54	26	934
2019	08	ald25_54	31	2057
2019	08	ald25_54	32	715
2019	08	ald25_54	33	2440
2019	08	ald25_54	34	592
2019	08	ald25_54	35	310
2019	08	ald25_54	41	920
2019	08	ald25_54	42	431
2019	08	ald25_54	43	832
2019	08	ald25_54	44	95
2019	08	ald25_54	51	1375
2019	08	ald25_54	52	3230
2019	08	ald25_54	53	5540
2019	08	ald25_54	54	358
2019	08	ald25_54	61	170
2019	08	ald25_54	62	43
2019	08	ald25_54	71	2036
2019	08	ald25_54	72	1416
2019	08	ald25_54	73	99
2019	08	ald25_54	74	979
2019	08	ald25_54	75	118
2019	08	ald25_54	81	1869
2019	08	ald25_54	82	267
2019	08	ald25_54	83	1806
2019	08	ald25_54	91	1107
2019	08	ald25_54	92	47
2019	08	ald25_54	93	475
2019	08	ald25_54	94	271
2019	08	ald25_54	96	243
2019	08	ald55_66	00	28
2019	08	ald55_66	01	4
2019	08	ald55_66	11	402
2019	08	ald55_66	12	340
2019	08	ald55_66	13	751
2019	08	ald55_66	14	220
2019	08	ald55_66	21	357
2019	08	ald55_66	22	886
2019	08	ald55_66	23	1070
2019	08	ald55_66	24	706
2019	08	ald55_66	25	83
2019	08	ald55_66	26	263
2019	08	ald55_66	31	788
2019	08	ald55_66	32	231
2019	08	ald55_66	33	1040
2019	08	ald55_66	34	156
2019	08	ald55_66	35	45
2019	08	ald55_66	41	488
2019	08	ald55_66	42	98
2019	08	ald55_66	43	360
2019	08	ald55_66	44	113
2019	08	ald55_66	51	344
2019	08	ald55_66	52	672
2019	08	ald55_66	53	2276
2019	08	ald55_66	54	77
2019	08	ald55_66	61	46
2019	08	ald55_66	62	10
2019	08	ald55_66	71	346
2019	08	ald55_66	72	373
2019	08	ald55_66	73	45
2019	08	ald55_66	74	276
2019	08	ald55_66	75	24
2019	08	ald55_66	81	475
2019	08	ald55_66	82	103
2019	08	ald55_66	83	748
2019	08	ald55_66	91	410
2019	08	ald55_66	92	15
2019	08	ald55_66	93	108
2019	08	ald55_66	94	95
2019	08	ald55_66	96	65
2019	08	ald67_74	00	13
2019	08	ald67_74	11	67
2019	08	ald67_74	12	46
2019	08	ald67_74	13	65
2019	08	ald67_74	14	31
2019	08	ald67_74	21	48
2019	08	ald67_74	22	78
2019	08	ald67_74	23	95
2019	08	ald67_74	24	63
2019	08	ald67_74	25	7
2019	08	ald67_74	26	38
2019	08	ald67_74	31	55
2019	08	ald67_74	32	16
2019	08	ald67_74	33	67
2019	08	ald67_74	34	21
2019	08	ald67_74	35	9
2019	08	ald67_74	41	48
2019	08	ald67_74	42	10
2019	08	ald67_74	43	47
2019	08	ald67_74	51	75
2019	08	ald67_74	52	91
2019	08	ald67_74	53	287
2019	08	ald67_74	54	8
2019	08	ald67_74	61	15
2019	08	ald67_74	62	5
2019	08	ald67_74	71	32
2019	08	ald67_74	72	35
2019	08	ald67_74	73	8
2019	08	ald67_74	74	17
2019	08	ald67_74	81	20
2019	08	ald67_74	82	6
2019	08	ald67_74	83	180
2019	08	ald67_74	91	36
2019	08	ald67_74	93	28
2019	08	ald67_74	94	10
2019	08	ald67_74	96	40
2019	09	ald15_24	00	31
2019	09	ald15_24	02	5
2019	09	ald15_24	03	216
2019	09	ald15_24	11	11
2019	09	ald15_24	12	4
2019	09	ald15_24	14	17
2019	09	ald15_24	21	4
2019	09	ald15_24	22	111
2019	09	ald15_24	23	173
2019	09	ald15_24	24	9
2019	09	ald15_24	25	24
2019	09	ald15_24	26	13
2019	09	ald15_24	31	34
2019	09	ald15_24	32	40
2019	09	ald15_24	33	80
2019	09	ald15_24	34	99
2019	09	ald15_24	35	52
2019	09	ald15_24	41	103
2019	09	ald15_24	42	60
2019	09	ald15_24	43	143
2019	09	ald15_24	44	12
2019	09	ald15_24	51	333
2019	09	ald15_24	52	1627
2019	09	ald15_24	53	917
2019	09	ald15_24	54	36
2019	09	ald15_24	61	54
2019	09	ald15_24	62	4
2019	09	ald15_24	71	332
2019	09	ald15_24	72	263
2019	09	ald15_24	74	225
2019	09	ald15_24	75	26
2019	09	ald15_24	81	173
2019	09	ald15_24	82	20
2019	09	ald15_24	83	148
2019	09	ald15_24	91	137
2019	09	ald15_24	92	23
2019	09	ald15_24	93	188
2019	09	ald15_24	94	229
2019	09	ald15_24	96	30
2019	09	ald25_54	00	93
2019	09	ald25_54	01	41
2019	09	ald25_54	02	5
2019	09	ald25_54	03	8
2019	09	ald25_54	11	522
2019	09	ald25_54	12	530
2019	09	ald25_54	13	1017
2019	09	ald25_54	14	542
2019	09	ald25_54	21	509
2019	09	ald25_54	22	2248
2019	09	ald25_54	23	2969
2019	09	ald25_54	24	1284
2019	09	ald25_54	25	528
2019	09	ald25_54	26	574
2019	09	ald25_54	31	1329
2019	09	ald25_54	32	454
2019	09	ald25_54	33	1476
2019	09	ald25_54	34	483
2019	09	ald25_54	35	256
2019	09	ald25_54	41	766
2019	09	ald25_54	42	217
2019	09	ald25_54	43	700
2019	09	ald25_54	44	72
2019	09	ald25_54	51	852
2019	09	ald25_54	52	2039
2019	09	ald25_54	53	3658
2019	09	ald25_54	54	184
2019	09	ald25_54	61	135
2019	09	ald25_54	62	26
2019	09	ald25_54	71	1400
2019	09	ald25_54	72	734
2019	09	ald25_54	73	61
2019	09	ald25_54	74	528
2019	09	ald25_54	75	123
2019	09	ald25_54	81	945
2019	09	ald25_54	82	148
2019	09	ald25_54	83	1099
2019	09	ald25_54	91	762
2019	09	ald25_54	92	25
2019	09	ald25_54	93	390
2019	09	ald25_54	94	143
2019	09	ald25_54	96	160
2019	09	ald55_66	00	19
2019	09	ald55_66	01	4
2019	09	ald55_66	11	282
2019	09	ald55_66	12	289
2019	09	ald55_66	13	398
2019	09	ald55_66	14	165
2019	09	ald55_66	21	164
2019	09	ald55_66	22	606
2019	09	ald55_66	23	649
2019	09	ald55_66	24	450
2019	09	ald55_66	25	77
2019	09	ald55_66	26	150
2019	09	ald55_66	31	416
2019	09	ald55_66	32	135
2019	09	ald55_66	33	456
2019	09	ald55_66	34	92
2019	09	ald55_66	35	50
2019	09	ald55_66	41	381
2019	09	ald55_66	42	53
2019	09	ald55_66	43	193
2019	09	ald55_66	44	72
2019	09	ald55_66	51	219
2019	09	ald55_66	52	437
2019	09	ald55_66	53	1278
2019	09	ald55_66	54	28
2019	09	ald55_66	61	24
2019	09	ald55_66	71	239
2019	09	ald55_66	72	142
2019	09	ald55_66	73	26
2019	09	ald55_66	74	109
2019	09	ald55_66	75	25
2019	09	ald55_66	81	244
2019	09	ald55_66	82	95
2019	09	ald55_66	83	467
2019	09	ald55_66	91	258
2019	09	ald55_66	92	19
2019	09	ald55_66	93	77
2019	09	ald55_66	94	49
2019	09	ald55_66	96	38
2019	09	ald67_74	00	4
2019	09	ald67_74	11	63
2019	09	ald67_74	12	27
2019	09	ald67_74	13	34
2019	09	ald67_74	14	15
2019	09	ald67_74	21	25
2019	09	ald67_74	22	50
2019	09	ald67_74	23	37
2019	09	ald67_74	24	32
2019	09	ald67_74	25	4
2019	09	ald67_74	26	25
2019	09	ald67_74	31	30
2019	09	ald67_74	32	13
2019	09	ald67_74	33	39
2019	09	ald67_74	34	11
2019	09	ald67_74	41	38
2019	09	ald67_74	42	12
2019	09	ald67_74	43	24
2019	09	ald67_74	44	5
2019	09	ald67_74	51	41
2019	09	ald67_74	52	55
2019	09	ald67_74	53	165
2019	09	ald67_74	61	8
2019	09	ald67_74	71	25
2019	09	ald67_74	72	25
2019	09	ald67_74	73	6
2019	09	ald67_74	74	8
2019	09	ald67_74	81	17
2019	09	ald67_74	83	137
2019	09	ald67_74	91	29
2019	09	ald67_74	93	5
2019	09	ald67_74	94	12
2019	09	ald67_74	96	5
2019	10	ald15_24	00	31
2019	10	ald15_24	01	5
2019	10	ald15_24	02	13
2019	10	ald15_24	03	296
2019	10	ald15_24	11	16
2019	10	ald15_24	12	5
2019	10	ald15_24	13	6
2019	10	ald15_24	14	42
2019	10	ald15_24	21	25
2019	10	ald15_24	22	210
2019	10	ald15_24	23	319
2019	10	ald15_24	24	23
2019	10	ald15_24	25	16
2019	10	ald15_24	26	54
2019	10	ald15_24	31	66
2019	10	ald15_24	32	96
2019	10	ald15_24	33	198
2019	10	ald15_24	34	200
2019	10	ald15_24	35	82
2019	10	ald15_24	41	194
2019	10	ald15_24	42	167
2019	10	ald15_24	43	355
2019	10	ald15_24	44	19
2019	10	ald15_24	51	842
2019	10	ald15_24	52	3309
2019	10	ald15_24	53	1700
2019	10	ald15_24	54	93
2019	10	ald15_24	61	178
2019	10	ald15_24	62	49
2019	10	ald15_24	71	799
2019	10	ald15_24	72	508
2019	10	ald15_24	73	15
2019	10	ald15_24	74	459
2019	10	ald15_24	75	42
2019	10	ald15_24	81	503
2019	10	ald15_24	82	6
2019	10	ald15_24	83	264
2019	10	ald15_24	91	347
2019	10	ald15_24	92	36
2019	10	ald15_24	93	431
2019	10	ald15_24	94	268
2019	10	ald15_24	96	94
2019	10	ald25_54	00	116
2019	10	ald25_54	01	124
2019	10	ald25_54	02	8
2019	10	ald25_54	03	17
2019	10	ald25_54	11	799
2019	10	ald25_54	12	1015
2019	10	ald25_54	13	1887
2019	10	ald25_54	14	1096
2019	10	ald25_54	21	1393
2019	10	ald25_54	22	3753
2019	10	ald25_54	23	5253
2019	10	ald25_54	24	1995
2019	10	ald25_54	25	702
2019	10	ald25_54	26	1168
2019	10	ald25_54	31	2947
2019	10	ald25_54	32	885
2019	10	ald25_54	33	3448
2019	10	ald25_54	34	1058
2019	10	ald25_54	35	423
2019	10	ald25_54	41	1310
2019	10	ald25_54	42	695
2019	10	ald25_54	43	1450
2019	10	ald25_54	44	80
2019	10	ald25_54	51	1553
2019	10	ald25_54	52	3571
2019	10	ald25_54	53	6131
2019	10	ald25_54	54	326
2019	10	ald25_54	61	180
2019	10	ald25_54	62	113
2019	10	ald25_54	71	2694
2019	10	ald25_54	72	1647
2019	10	ald25_54	73	84
2019	10	ald25_54	74	1010
2019	10	ald25_54	75	201
2019	10	ald25_54	81	1892
2019	10	ald25_54	82	55
2019	10	ald25_54	83	1834
2019	10	ald25_54	91	1261
2019	10	ald25_54	92	34
2019	10	ald25_54	93	761
2019	10	ald25_54	94	347
2019	10	ald25_54	95	4
2019	10	ald25_54	96	194
2019	10	ald55_66	00	48
2019	10	ald55_66	01	28
2019	10	ald55_66	03	4
2019	10	ald55_66	11	361
2019	10	ald55_66	12	463
2019	10	ald55_66	13	809
2019	10	ald55_66	14	252
2019	10	ald55_66	21	318
2019	10	ald55_66	22	844
2019	10	ald55_66	23	1166
2019	10	ald55_66	24	674
2019	10	ald55_66	25	109
2019	10	ald55_66	26	344
2019	10	ald55_66	31	830
2019	10	ald55_66	32	209
2019	10	ald55_66	33	1108
2019	10	ald55_66	34	226
2019	10	ald55_66	35	58
2019	10	ald55_66	41	556
2019	10	ald55_66	42	161
2019	10	ald55_66	43	421
2019	10	ald55_66	44	96
2019	10	ald55_66	51	379
2019	10	ald55_66	52	654
2019	10	ald55_66	53	2184
2019	10	ald55_66	54	79
2019	10	ald55_66	61	40
2019	10	ald55_66	62	20
2019	10	ald55_66	71	431
2019	10	ald55_66	72	413
2019	10	ald55_66	73	13
2019	10	ald55_66	74	223
2019	10	ald55_66	75	35
2019	10	ald55_66	81	570
2019	10	ald55_66	82	17
2019	10	ald55_66	83	601
2019	10	ald55_66	91	444
2019	10	ald55_66	92	5
2019	10	ald55_66	93	119
2019	10	ald55_66	94	94
2019	10	ald55_66	96	53
2019	10	ald67_74	00	4
2019	10	ald67_74	11	57
2019	10	ald67_74	12	36
2019	10	ald67_74	13	46
2019	10	ald67_74	14	26
2019	10	ald67_74	21	35
2019	10	ald67_74	22	83
2019	10	ald67_74	23	139
2019	10	ald67_74	24	79
2019	10	ald67_74	25	4
2019	10	ald67_74	26	44
2019	10	ald67_74	31	78
2019	10	ald67_74	32	9
2019	10	ald67_74	33	97
2019	10	ald67_74	34	23
2019	10	ald67_74	41	58
2019	10	ald67_74	42	12
2019	10	ald67_74	43	55
2019	10	ald67_74	44	9
2019	10	ald67_74	51	86
2019	10	ald67_74	52	80
2019	10	ald67_74	53	278
2019	10	ald67_74	54	11
2019	10	ald67_74	61	13
2019	10	ald67_74	71	24
2019	10	ald67_74	72	32
2019	10	ald67_74	73	7
2019	10	ald67_74	74	18
2019	10	ald67_74	75	4
2019	10	ald67_74	81	35
2019	10	ald67_74	83	151
2019	10	ald67_74	91	46
2019	10	ald67_74	93	35
2019	10	ald67_74	94	13
2019	10	ald67_74	96	25
2019	11	ald15_24	00	82
2019	11	ald15_24	01	10
2019	11	ald15_24	02	28
2019	11	ald15_24	03	738
2019	11	ald15_24	11	28
2019	11	ald15_24	12	16
2019	11	ald15_24	13	20
2019	11	ald15_24	14	89
2019	11	ald15_24	21	89
2019	11	ald15_24	22	499
2019	11	ald15_24	23	745
2019	11	ald15_24	24	112
2019	11	ald15_24	25	136
2019	11	ald15_24	26	153
2019	11	ald15_24	31	466
2019	11	ald15_24	32	182
2019	11	ald15_24	33	505
2019	11	ald15_24	34	593
2019	11	ald15_24	35	178
2019	11	ald15_24	41	466
2019	11	ald15_24	42	510
2019	11	ald15_24	43	775
2019	11	ald15_24	44	36
2019	11	ald15_24	51	1959
2019	11	ald15_24	52	6564
2019	11	ald15_24	53	4471
2019	11	ald15_24	54	665
2019	11	ald15_24	61	1125
2019	11	ald15_24	62	137
2019	11	ald15_24	71	1383
2019	11	ald15_24	72	1728
2019	11	ald15_24	73	46
2019	11	ald15_24	74	1348
2019	11	ald15_24	75	123
2019	11	ald15_24	81	1344
2019	11	ald15_24	82	47
2019	11	ald15_24	83	645
2019	11	ald15_24	91	676
2019	11	ald15_24	92	64
2019	11	ald15_24	93	896
2019	11	ald15_24	94	476
2019	11	ald15_24	96	129
2019	11	ald25_54	00	255
2019	11	ald25_54	01	238
2019	11	ald25_54	02	21
2019	11	ald25_54	03	53
2019	11	ald25_54	11	2098
2019	11	ald25_54	12	2821
2019	11	ald25_54	13	6042
2019	11	ald25_54	14	2288
2019	11	ald25_54	21	7656
2019	11	ald25_54	22	8953
2019	11	ald25_54	23	12263
2019	11	ald25_54	24	7159
2019	11	ald25_54	25	3608
2019	11	ald25_54	26	2946
2019	11	ald25_54	31	13843
2019	11	ald25_54	32	2231
2019	11	ald25_54	33	8893
2019	11	ald25_54	34	2075
2019	11	ald25_54	35	1333
2019	11	ald25_54	41	3280
2019	11	ald25_54	42	1442
2019	11	ald25_54	43	4222
2019	11	ald25_54	44	236
2019	11	ald25_54	51	4698
2019	11	ald25_54	52	7613
2019	11	ald25_54	53	14344
2019	11	ald25_54	54	1572
2019	11	ald25_54	61	962
2019	11	ald25_54	62	289
2019	11	ald25_54	71	7367
2019	11	ald25_54	72	6319
2019	11	ald25_54	73	284
2019	11	ald25_54	74	3068
2019	11	ald25_54	75	710
2019	11	ald25_54	81	8324
2019	11	ald25_54	82	373
2019	11	ald25_54	83	4673
2019	11	ald25_54	91	3999
2019	11	ald25_54	92	118
2019	11	ald25_54	93	2159
2019	11	ald25_54	94	826
2019	11	ald25_54	95	9
2019	11	ald25_54	96	542
2019	11	ald55_66	00	71
2019	11	ald55_66	01	37
2019	11	ald55_66	03	6
2019	11	ald55_66	11	1073
2019	11	ald55_66	12	1178
2019	11	ald55_66	13	2590
2019	11	ald55_66	14	515
2019	11	ald55_66	21	2207
2019	11	ald55_66	22	1817
2019	11	ald55_66	23	2738
2019	11	ald55_66	24	2191
2019	11	ald55_66	25	554
2019	11	ald55_66	26	617
2019	11	ald55_66	31	3423
2019	11	ald55_66	32	553
2019	11	ald55_66	33	2607
2019	11	ald55_66	34	334
2019	11	ald55_66	35	208
2019	11	ald55_66	41	1243
2019	11	ald55_66	42	294
2019	11	ald55_66	43	1177
2019	11	ald55_66	44	157
2019	11	ald55_66	51	1007
2019	11	ald55_66	52	1696
2019	11	ald55_66	53	4452
2019	11	ald55_66	54	189
2019	11	ald55_66	61	282
2019	11	ald55_66	62	50
2019	11	ald55_66	71	1342
2019	11	ald55_66	72	1137
2019	11	ald55_66	73	90
2019	11	ald55_66	74	542
2019	11	ald55_66	75	125
2019	11	ald55_66	81	1681
2019	11	ald55_66	82	74
2019	11	ald55_66	83	1437
2019	11	ald55_66	91	999
2019	11	ald55_66	92	19
2019	11	ald55_66	93	389
2019	11	ald55_66	94	215
2019	11	ald55_66	96	143
2019	11	ald67_74	00	22
2019	11	ald67_74	03	4
2019	11	ald67_74	11	166
2019	11	ald67_74	12	78
2019	11	ald67_74	13	150
2019	11	ald67_74	14	64
2019	11	ald67_74	21	140
2019	11	ald67_74	22	203
2019	11	ald67_74	23	188
2019	11	ald67_74	24	181
2019	11	ald67_74	25	22
2019	11	ald67_74	26	81
2019	11	ald67_74	31	199
2019	11	ald67_74	32	41
2019	11	ald67_74	33	178
2019	11	ald67_74	34	65
2019	11	ald67_74	35	8
2019	11	ald67_74	41	137
2019	11	ald67_74	42	26
2019	11	ald67_74	43	106
2019	11	ald67_74	44	12
2019	11	ald67_74	51	166
2019	11	ald67_74	52	159
2019	11	ald67_74	53	571
2019	11	ald67_74	54	18
2019	11	ald67_74	61	135
2019	11	ald67_74	71	73
2019	11	ald67_74	72	67
2019	11	ald67_74	73	33
2019	11	ald67_74	74	28
2019	11	ald67_74	75	18
2019	11	ald67_74	81	64
2019	11	ald67_74	83	291
2019	11	ald67_74	91	74
2019	11	ald67_74	92	5
2019	11	ald67_74	93	42
2019	11	ald67_74	94	29
2019	11	ald67_74	96	44
2019	12	ald15_24	00	105
2019	12	ald15_24	01	37
2019	12	ald15_24	02	86
2019	12	ald15_24	03	981
2019	12	ald15_24	11	28
2019	12	ald15_24	12	24
2019	12	ald15_24	13	28
2019	12	ald15_24	14	129
2019	12	ald15_24	21	82
2019	12	ald15_24	22	633
2019	12	ald15_24	23	1031
2019	12	ald15_24	24	199
2019	12	ald15_24	25	101
2019	12	ald15_24	26	127
2019	12	ald15_24	31	378
2019	12	ald15_24	32	162
2019	12	ald15_24	33	808
2019	12	ald15_24	34	665
2019	12	ald15_24	35	182
2019	12	ald15_24	41	578
2019	12	ald15_24	42	893
2019	12	ald15_24	43	614
2019	12	ald15_24	44	50
2019	12	ald15_24	51	2435
2019	12	ald15_24	52	8465
2019	12	ald15_24	53	5956
2019	12	ald15_24	54	418
2019	12	ald15_24	61	286
2019	12	ald15_24	62	355
2019	12	ald15_24	71	1716
2019	12	ald15_24	72	1462
2019	12	ald15_24	73	26
2019	12	ald15_24	74	1475
2019	12	ald15_24	75	90
2019	12	ald15_24	81	884
2019	12	ald15_24	82	43
2019	12	ald15_24	83	821
2019	12	ald15_24	91	844
2019	12	ald15_24	92	71
2019	12	ald15_24	93	901
2019	12	ald15_24	94	536
2019	12	ald15_24	96	732
2019	12	ald25_54	00	382
2019	12	ald25_54	01	1346
2019	12	ald25_54	02	67
2019	12	ald25_54	03	180
2019	12	ald25_54	11	2135
2019	12	ald25_54	12	2750
2019	12	ald25_54	13	5748
2019	12	ald25_54	14	2838
2019	12	ald25_54	21	6495
2019	12	ald25_54	22	11425
2019	12	ald25_54	23	14997
2019	12	ald25_54	24	9327
2019	12	ald25_54	25	3054
2019	12	ald25_54	26	3501
2019	12	ald25_54	31	10522
2019	12	ald25_54	32	2645
2019	12	ald25_54	33	10236
2019	12	ald25_54	34	2180
2019	12	ald25_54	35	1394
2019	12	ald25_54	41	3566
2019	12	ald25_54	42	1867
2019	12	ald25_54	43	3756
2019	12	ald25_54	44	217
2019	12	ald25_54	51	5497
2019	12	ald25_54	52	8211
2019	12	ald25_54	53	15934
2019	12	ald25_54	54	1293
2019	12	ald25_54	61	405
2019	12	ald25_54	62	824
2019	12	ald25_54	71	7608
2019	12	ald25_54	72	4737
2019	12	ald25_54	73	213
2019	12	ald25_54	74	3082
2019	12	ald25_54	75	624
2019	12	ald25_54	81	4059
2019	12	ald25_54	82	350
2019	12	ald25_54	83	5105
2019	12	ald25_54	91	4129
2019	12	ald25_54	92	172
2019	12	ald25_54	93	2168
2019	12	ald25_54	94	836
2019	12	ald25_54	95	8
2019	12	ald25_54	96	584
2019	12	ald55_66	00	99
2019	12	ald55_66	01	117
2019	12	ald55_66	03	6
2019	12	ald55_66	11	1118
2019	12	ald55_66	12	1097
2019	12	ald55_66	13	2492
2019	12	ald55_66	14	576
2019	12	ald55_66	21	1785
2019	12	ald55_66	22	2575
2019	12	ald55_66	23	3471
2019	12	ald55_66	24	2871
2019	12	ald55_66	25	529
2019	12	ald55_66	26	825
2019	12	ald55_66	31	2795
2019	12	ald55_66	32	771
2019	12	ald55_66	33	2857
2019	12	ald55_66	34	383
2019	12	ald55_66	35	243
2019	12	ald55_66	41	1333
2019	12	ald55_66	42	309
2019	12	ald55_66	43	1165
2019	12	ald55_66	44	196
2019	12	ald55_66	51	1294
2019	12	ald55_66	52	1474
2019	12	ald55_66	53	5333
2019	12	ald55_66	54	192
2019	12	ald55_66	61	127
2019	12	ald55_66	62	140
2019	12	ald55_66	71	1394
2019	12	ald55_66	72	1075
2019	12	ald55_66	73	99
2019	12	ald55_66	74	671
2019	12	ald55_66	75	112
2019	12	ald55_66	81	977
2019	12	ald55_66	82	99
2019	12	ald55_66	83	1799
2019	12	ald55_66	91	1014
2019	12	ald55_66	92	29
2019	12	ald55_66	93	361
2019	12	ald55_66	94	161
2019	12	ald55_66	96	158
2019	12	ald67_74	00	44
2019	12	ald67_74	03	5
2019	12	ald67_74	11	183
2019	12	ald67_74	12	113
2019	12	ald67_74	13	153
2019	12	ald67_74	14	67
2019	12	ald67_74	21	160
2019	12	ald67_74	22	234
2019	12	ald67_74	23	310
2019	12	ald67_74	24	260
2019	12	ald67_74	25	24
2019	12	ald67_74	26	119
2019	12	ald67_74	31	183
2019	12	ald67_74	32	50
2019	12	ald67_74	33	226
2019	12	ald67_74	34	64
2019	12	ald67_74	35	16
2019	12	ald67_74	41	164
2019	12	ald67_74	42	32
2019	12	ald67_74	43	124
2019	12	ald67_74	44	8
2019	12	ald67_74	51	207
2019	12	ald67_74	52	185
2019	12	ald67_74	53	851
2019	12	ald67_74	54	19
2019	12	ald67_74	61	55
2019	12	ald67_74	62	11
2019	12	ald67_74	71	76
2019	12	ald67_74	72	80
2019	12	ald67_74	73	6
2019	12	ald67_74	74	52
2019	12	ald67_74	75	10
2019	12	ald67_74	81	56
2019	12	ald67_74	82	7
2019	12	ald67_74	83	365
2019	12	ald67_74	91	110
2019	12	ald67_74	93	45
2019	12	ald67_74	94	30
2019	12	ald67_74	96	80
2019	14	ald15_24	00	24
2019	14	ald15_24	03	193
2019	14	ald15_24	11	6
2019	14	ald15_24	13	8
2019	14	ald15_24	14	10
2019	14	ald15_24	21	7
2019	14	ald15_24	22	111
2019	14	ald15_24	23	117
2019	14	ald15_24	24	24
2019	14	ald15_24	25	10
2019	14	ald15_24	26	25
2019	14	ald15_24	31	54
2019	14	ald15_24	32	56
2019	14	ald15_24	33	61
2019	14	ald15_24	34	79
2019	14	ald15_24	35	29
2019	14	ald15_24	41	88
2019	14	ald15_24	42	121
2019	14	ald15_24	43	83
2019	14	ald15_24	44	23
2019	14	ald15_24	51	269
2019	14	ald15_24	52	1486
2019	14	ald15_24	53	1166
2019	14	ald15_24	54	48
2019	14	ald15_24	61	190
2019	14	ald15_24	62	86
2019	14	ald15_24	71	364
2019	14	ald15_24	72	349
2019	14	ald15_24	73	14
2019	14	ald15_24	74	389
2019	14	ald15_24	75	30
2019	14	ald15_24	81	467
2019	14	ald15_24	83	309
2019	14	ald15_24	91	192
2019	14	ald15_24	92	17
2019	14	ald15_24	93	289
2019	14	ald15_24	94	161
2019	14	ald15_24	96	28
2019	14	ald25_54	00	104
2019	14	ald25_54	01	20
2019	14	ald25_54	02	4
2019	14	ald25_54	03	17
2019	14	ald25_54	11	459
2019	14	ald25_54	12	497
2019	14	ald25_54	13	1106
2019	14	ald25_54	14	579
2019	14	ald25_54	21	628
2019	14	ald25_54	22	2245
2019	14	ald25_54	23	2975
2019	14	ald25_54	24	1300
2019	14	ald25_54	25	316
2019	14	ald25_54	26	515
2019	14	ald25_54	31	1597
2019	14	ald25_54	32	502
2019	14	ald25_54	33	1315
2019	14	ald25_54	34	295
2019	14	ald25_54	35	225
2019	14	ald25_54	41	673
2019	14	ald25_54	42	347
2019	14	ald25_54	43	540
2019	14	ald25_54	44	83
2019	14	ald25_54	51	819
2019	14	ald25_54	52	1560
2019	14	ald25_54	53	3497
2019	14	ald25_54	54	160
2019	14	ald25_54	61	174
2019	14	ald25_54	62	293
2019	14	ald25_54	71	1351
2019	14	ald25_54	72	904
2019	14	ald25_54	73	123
2019	14	ald25_54	74	569
2019	14	ald25_54	75	180
2019	14	ald25_54	81	2009
2019	14	ald25_54	82	12
2019	14	ald25_54	83	1449
2019	14	ald25_54	91	896
2019	14	ald25_54	92	22
2019	14	ald25_54	93	566
2019	14	ald25_54	94	142
2019	14	ald25_54	95	4
2019	14	ald25_54	96	150
2019	14	ald55_66	00	46
2019	14	ald55_66	11	250
2019	14	ald55_66	12	228
2019	14	ald55_66	13	582
2019	14	ald55_66	14	222
2019	14	ald55_66	21	207
2019	14	ald55_66	22	597
2019	14	ald55_66	23	880
2019	14	ald55_66	24	546
2019	14	ald55_66	25	36
2019	14	ald55_66	26	176
2019	14	ald55_66	31	546
2019	14	ald55_66	32	155
2019	14	ald55_66	33	485
2019	14	ald55_66	34	67
2019	14	ald55_66	35	27
2019	14	ald55_66	41	339
2019	14	ald55_66	42	54
2019	14	ald55_66	43	204
2019	14	ald55_66	44	111
2019	14	ald55_66	51	270
2019	14	ald55_66	52	448
2019	14	ald55_66	53	1601
2019	14	ald55_66	54	37
2019	14	ald55_66	61	55
2019	14	ald55_66	62	59
2019	14	ald55_66	71	347
2019	14	ald55_66	72	235
2019	14	ald55_66	73	21
2019	14	ald55_66	74	158
2019	14	ald55_66	75	59
2019	14	ald55_66	81	584
2019	14	ald55_66	82	4
2019	14	ald55_66	83	662
2019	14	ald55_66	91	341
2019	14	ald55_66	92	5
2019	14	ald55_66	93	116
2019	14	ald55_66	94	79
2019	14	ald55_66	96	33
2019	14	ald67_74	00	10
2019	14	ald67_74	11	48
2019	14	ald67_74	12	20
2019	14	ald67_74	13	51
2019	14	ald67_74	14	16
2019	14	ald67_74	21	27
2019	14	ald67_74	22	61
2019	14	ald67_74	23	86
2019	14	ald67_74	24	44
2019	14	ald67_74	26	37
2019	14	ald67_74	31	56
2019	14	ald67_74	32	12
2019	14	ald67_74	33	46
2019	14	ald67_74	34	8
2019	14	ald67_74	41	52
2019	14	ald67_74	42	10
2019	14	ald67_74	43	20
2019	14	ald67_74	44	14
2019	14	ald67_74	51	71
2019	14	ald67_74	52	65
2019	14	ald67_74	53	332
2019	14	ald67_74	54	7
2019	14	ald67_74	61	55
2019	14	ald67_74	62	4
2019	14	ald67_74	71	29
2019	14	ald67_74	72	25
2019	14	ald67_74	73	4
2019	14	ald67_74	74	16
2019	14	ald67_74	75	5
2019	14	ald67_74	81	41
2019	14	ald67_74	83	186
2019	14	ald67_74	91	47
2019	14	ald67_74	93	18
2019	14	ald67_74	94	18
2019	14	ald67_74	96	29
2019	15	ald15_24	00	103
2019	15	ald15_24	02	14
2019	15	ald15_24	03	446
2019	15	ald15_24	11	19
2019	15	ald15_24	13	12
2019	15	ald15_24	14	29
2019	15	ald15_24	21	21
2019	15	ald15_24	22	249
2019	15	ald15_24	23	328
2019	15	ald15_24	24	43
2019	15	ald15_24	25	30
2019	15	ald15_24	26	69
2019	15	ald15_24	31	231
2019	15	ald15_24	32	115
2019	15	ald15_24	33	148
2019	15	ald15_24	34	251
2019	15	ald15_24	35	59
2019	15	ald15_24	41	164
2019	15	ald15_24	42	244
2019	15	ald15_24	43	350
2019	15	ald15_24	44	22
2019	15	ald15_24	51	771
2019	15	ald15_24	52	3562
2019	15	ald15_24	53	2654
2019	15	ald15_24	54	116
2019	15	ald15_24	61	262
2019	15	ald15_24	62	171
2019	15	ald15_24	71	589
2019	15	ald15_24	72	957
2019	15	ald15_24	73	17
2019	15	ald15_24	74	753
2019	15	ald15_24	75	58
2019	15	ald15_24	81	605
2019	15	ald15_24	82	13
2019	15	ald15_24	83	487
2019	15	ald15_24	91	484
2019	15	ald15_24	92	14
2019	15	ald15_24	93	498
2019	15	ald15_24	94	331
2019	15	ald15_24	96	153
2019	15	ald25_54	00	338
2019	15	ald25_54	01	61
2019	15	ald25_54	02	7
2019	15	ald25_54	03	26
2019	15	ald25_54	11	1045
2019	15	ald25_54	12	1467
2019	15	ald25_54	13	2738
2019	15	ald25_54	14	1373
2019	15	ald25_54	21	1548
2019	15	ald25_54	22	5368
2019	15	ald25_54	23	6577
2019	15	ald25_54	24	2604
2019	15	ald25_54	25	831
2019	15	ald25_54	26	1222
2019	15	ald25_54	31	5700
2019	15	ald25_54	32	1219
2019	15	ald25_54	33	4165
2019	15	ald25_54	34	865
2019	15	ald25_54	35	465
2019	15	ald25_54	41	1624
2019	15	ald25_54	42	741
2019	15	ald25_54	43	2042
2019	15	ald25_54	44	131
2019	15	ald25_54	51	2100
2019	15	ald25_54	52	4071
2019	15	ald25_54	53	8269
2019	15	ald25_54	54	432
2019	15	ald25_54	61	259
2019	15	ald25_54	62	504
2019	15	ald25_54	71	3478
2019	15	ald25_54	72	2886
2019	15	ald25_54	73	76
2019	15	ald25_54	74	1575
2019	15	ald25_54	75	477
2019	15	ald25_54	81	3973
2019	15	ald25_54	82	116
2019	15	ald25_54	83	3074
2019	15	ald25_54	91	1953
2019	15	ald25_54	92	26
2019	15	ald25_54	93	1014
2019	15	ald25_54	94	407
2019	15	ald25_54	95	20
2019	15	ald25_54	96	389
2019	15	ald55_66	00	119
2019	15	ald55_66	03	5
2019	15	ald55_66	11	625
2019	15	ald55_66	12	707
2019	15	ald55_66	13	1384
2019	15	ald55_66	14	445
2019	15	ald55_66	21	430
2019	15	ald55_66	22	1392
2019	15	ald55_66	23	1585
2019	15	ald55_66	24	956
2019	15	ald55_66	25	150
2019	15	ald55_66	26	293
2019	15	ald55_66	31	1779
2019	15	ald55_66	32	344
2019	15	ald55_66	33	1501
2019	15	ald55_66	34	194
2019	15	ald55_66	35	73
2019	15	ald55_66	41	765
2019	15	ald55_66	42	176
2019	15	ald55_66	43	717
2019	15	ald55_66	44	128
2019	15	ald55_66	51	648
2019	15	ald55_66	52	1065
2019	15	ald55_66	53	3422
2019	15	ald55_66	54	109
2019	15	ald55_66	61	88
2019	15	ald55_66	62	92
2019	15	ald55_66	71	761
2019	15	ald55_66	72	702
2019	15	ald55_66	73	30
2019	15	ald55_66	74	448
2019	15	ald55_66	75	113
2019	15	ald55_66	81	1170
2019	15	ald55_66	82	24
2019	15	ald55_66	83	1279
2019	15	ald55_66	91	632
2019	15	ald55_66	92	14
2019	15	ald55_66	93	215
2019	15	ald55_66	94	140
2019	15	ald55_66	96	93
2019	15	ald67_74	00	47
2019	15	ald67_74	11	123
2019	15	ald67_74	12	65
2019	15	ald67_74	13	128
2019	15	ald67_74	14	48
2019	15	ald67_74	21	56
2019	15	ald67_74	22	134
2019	15	ald67_74	23	169
2019	15	ald67_74	24	96
2019	15	ald67_74	25	4
2019	15	ald67_74	26	52
2019	15	ald67_74	31	154
2019	15	ald67_74	32	25
2019	15	ald67_74	33	145
2019	15	ald67_74	34	19
2019	15	ald67_74	35	9
2019	15	ald67_74	41	108
2019	15	ald67_74	42	13
2019	15	ald67_74	43	77
2019	15	ald67_74	44	12
2019	15	ald67_74	51	144
2019	15	ald67_74	52	134
2019	15	ald67_74	53	614
2019	15	ald67_74	54	13
2019	15	ald67_74	61	49
2019	15	ald67_74	62	10
2019	15	ald67_74	71	62
2019	15	ald67_74	72	70
2019	15	ald67_74	73	5
2019	15	ald67_74	74	21
2019	15	ald67_74	75	11
2019	15	ald67_74	81	85
2019	15	ald67_74	83	289
2019	15	ald67_74	91	93
2019	15	ald67_74	93	50
2019	15	ald67_74	94	25
2019	15	ald67_74	96	46
2019	18	ald15_24	00	65
2019	18	ald15_24	01	17
2019	18	ald15_24	02	41
2019	18	ald15_24	03	525
2019	18	ald15_24	11	14
2019	18	ald15_24	13	9
2019	18	ald15_24	14	58
2019	18	ald15_24	21	21
2019	18	ald15_24	22	253
2019	18	ald15_24	23	299
2019	18	ald15_24	24	47
2019	18	ald15_24	25	25
2019	18	ald15_24	26	90
2019	18	ald15_24	31	129
2019	18	ald15_24	32	114
2019	18	ald15_24	33	202
2019	18	ald15_24	34	111
2019	18	ald15_24	35	79
2019	18	ald15_24	41	191
2019	18	ald15_24	42	235
2019	18	ald15_24	43	292
2019	18	ald15_24	44	22
2019	18	ald15_24	51	847
2019	18	ald15_24	52	3425
2019	18	ald15_24	53	2466
2019	18	ald15_24	54	114
2019	18	ald15_24	61	241
2019	18	ald15_24	62	289
2019	18	ald15_24	71	661
2019	18	ald15_24	72	713
2019	18	ald15_24	73	9
2019	18	ald15_24	74	708
2019	18	ald15_24	75	54
2019	18	ald15_24	81	612
2019	18	ald15_24	82	17
2019	18	ald15_24	83	481
2019	18	ald15_24	91	392
2019	18	ald15_24	92	26
2019	18	ald15_24	93	585
2019	18	ald15_24	94	318
2019	18	ald15_24	96	131
2019	18	ald25_54	00	324
2019	18	ald25_54	01	601
2019	18	ald25_54	02	36
2019	18	ald25_54	03	64
2019	18	ald25_54	11	1023
2019	18	ald25_54	12	1135
2019	18	ald25_54	13	2487
2019	18	ald25_54	14	1330
2019	18	ald25_54	21	1100
2019	18	ald25_54	22	5389
2019	18	ald25_54	23	6055
2019	18	ald25_54	24	3275
2019	18	ald25_54	25	592
2019	18	ald25_54	26	1610
2019	18	ald25_54	31	3100
2019	18	ald25_54	32	1330
2019	18	ald25_54	33	3255
2019	18	ald25_54	34	707
2019	18	ald25_54	35	417
2019	18	ald25_54	41	1571
2019	18	ald25_54	42	764
2019	18	ald25_54	43	1689
2019	18	ald25_54	44	179
2019	18	ald25_54	51	2143
2019	18	ald25_54	52	3968
2019	18	ald25_54	53	8202
2019	18	ald25_54	54	581
2019	18	ald25_54	61	338
2019	18	ald25_54	62	722
2019	18	ald25_54	71	2610
2019	18	ald25_54	72	2074
2019	18	ald25_54	73	88
2019	18	ald25_54	74	1208
2019	18	ald25_54	75	336
2019	18	ald25_54	81	2857
2019	18	ald25_54	82	87
2019	18	ald25_54	83	2787
2019	18	ald25_54	91	1909
2019	18	ald25_54	92	47
2019	18	ald25_54	93	1296
2019	18	ald25_54	94	372
2019	18	ald25_54	96	487
2019	18	ald55_66	00	100
2019	18	ald55_66	01	86
2019	18	ald55_66	03	10
2019	18	ald55_66	11	619
2019	18	ald55_66	12	560
2019	18	ald55_66	13	1202
2019	18	ald55_66	14	391
2019	18	ald55_66	21	404
2019	18	ald55_66	22	1318
2019	18	ald55_66	23	1800
2019	18	ald55_66	24	1378
2019	18	ald55_66	25	108
2019	18	ald55_66	26	475
2019	18	ald55_66	31	1165
2019	18	ald55_66	32	309
2019	18	ald55_66	33	1186
2019	18	ald55_66	34	205
2019	18	ald55_66	35	79
2019	18	ald55_66	41	735
2019	18	ald55_66	42	178
2019	18	ald55_66	43	555
2019	18	ald55_66	44	180
2019	18	ald55_66	51	672
2019	18	ald55_66	52	881
2019	18	ald55_66	53	3103
2019	18	ald55_66	54	157
2019	18	ald55_66	61	68
2019	18	ald55_66	62	125
2019	18	ald55_66	71	515
2019	18	ald55_66	72	526
2019	18	ald55_66	73	24
2019	18	ald55_66	74	298
2019	18	ald55_66	75	76
2019	18	ald55_66	81	708
2019	18	ald55_66	82	9
2019	18	ald55_66	83	1163
2019	18	ald55_66	91	644
2019	18	ald55_66	92	20
2019	18	ald55_66	93	279
2019	18	ald55_66	94	124
2019	18	ald55_66	96	156
2019	18	ald67_74	00	42
2019	18	ald67_74	03	4
2019	18	ald67_74	11	78
2019	18	ald67_74	12	46
2019	18	ald67_74	13	87
2019	18	ald67_74	14	45
2019	18	ald67_74	21	40
2019	18	ald67_74	22	125
2019	18	ald67_74	23	132
2019	18	ald67_74	24	88
2019	18	ald67_74	25	11
2019	18	ald67_74	26	53
2019	18	ald67_74	31	97
2019	18	ald67_74	32	29
2019	18	ald67_74	33	87
2019	18	ald67_74	34	35
2019	18	ald67_74	35	6
2019	18	ald67_74	41	84
2019	18	ald67_74	42	17
2019	18	ald67_74	43	51
2019	18	ald67_74	44	22
2019	18	ald67_74	51	132
2019	18	ald67_74	52	130
2019	18	ald67_74	53	562
2019	18	ald67_74	54	10
2019	18	ald67_74	61	27
2019	18	ald67_74	62	9
2019	18	ald67_74	71	55
2019	18	ald67_74	72	60
2019	18	ald67_74	74	15
2019	18	ald67_74	75	12
2019	18	ald67_74	81	44
2019	18	ald67_74	83	285
2019	18	ald67_74	91	80
2019	18	ald67_74	93	43
2019	18	ald67_74	94	18
2019	18	ald67_74	96	62
2019	19	ald15_24	00	52
2019	19	ald15_24	01	66
2019	19	ald15_24	02	123
2019	19	ald15_24	03	537
2019	19	ald15_24	11	13
2019	19	ald15_24	12	9
2019	19	ald15_24	13	8
2019	19	ald15_24	14	41
2019	19	ald15_24	21	26
2019	19	ald15_24	22	252
2019	19	ald15_24	23	309
2019	19	ald15_24	24	67
2019	19	ald15_24	25	30
2019	19	ald15_24	26	76
2019	19	ald15_24	31	81
2019	19	ald15_24	32	122
2019	19	ald15_24	33	204
2019	19	ald15_24	34	123
2019	19	ald15_24	35	71
2019	19	ald15_24	41	144
2019	19	ald15_24	42	235
2019	19	ald15_24	43	226
2019	19	ald15_24	44	29
2019	19	ald15_24	51	834
2019	19	ald15_24	52	3205
2019	19	ald15_24	53	2157
2019	19	ald15_24	54	160
2019	19	ald15_24	61	80
2019	19	ald15_24	62	195
2019	19	ald15_24	71	442
2019	19	ald15_24	72	463
2019	19	ald15_24	73	9
2019	19	ald15_24	74	522
2019	19	ald15_24	75	35
2019	19	ald15_24	81	255
2019	19	ald15_24	83	358
2019	19	ald15_24	91	281
2019	19	ald15_24	92	30
2019	19	ald15_24	93	374
2019	19	ald15_24	94	365
2019	19	ald15_24	96	123
2019	19	ald25_54	00	228
2019	19	ald25_54	01	952
2019	19	ald25_54	02	56
2019	19	ald25_54	03	130
2019	19	ald25_54	11	885
2019	19	ald25_54	12	782
2019	19	ald25_54	13	1862
2019	19	ald25_54	14	882
2019	19	ald25_54	21	1501
2019	19	ald25_54	22	4509
2019	19	ald25_54	23	5436
2019	19	ald25_54	24	2970
2019	19	ald25_54	25	520
2019	19	ald25_54	26	1373
2019	19	ald25_54	31	2032
2019	19	ald25_54	32	1288
2019	19	ald25_54	33	2470
2019	19	ald25_54	34	676
2019	19	ald25_54	35	323
2019	19	ald25_54	41	925
2019	19	ald25_54	42	606
2019	19	ald25_54	43	1008
2019	19	ald25_54	44	95
2019	19	ald25_54	51	1737
2019	19	ald25_54	52	2815
2019	19	ald25_54	53	5579
2019	19	ald25_54	54	378
2019	19	ald25_54	61	122
2019	19	ald25_54	62	439
2019	19	ald25_54	71	1788
2019	19	ald25_54	72	1175
2019	19	ald25_54	73	74
2019	19	ald25_54	74	680
2019	19	ald25_54	75	193
2019	19	ald25_54	81	1191
2019	19	ald25_54	82	21
2019	19	ald25_54	83	1928
2019	19	ald25_54	91	1365
2019	19	ald25_54	92	38
2019	19	ald25_54	93	746
2019	19	ald25_54	94	364
2019	19	ald25_54	95	7
2019	19	ald25_54	96	369
2019	19	ald55_66	00	62
2019	19	ald55_66	01	86
2019	19	ald55_66	11	412
2019	19	ald55_66	12	379
2019	19	ald55_66	13	859
2019	19	ald55_66	14	246
2019	19	ald55_66	21	380
2019	19	ald55_66	22	1034
2019	19	ald55_66	23	1412
2019	19	ald55_66	24	1033
2019	19	ald55_66	25	98
2019	19	ald55_66	26	325
2019	19	ald55_66	31	657
2019	19	ald55_66	32	285
2019	19	ald55_66	33	856
2019	19	ald55_66	34	155
2019	19	ald55_66	35	77
2019	19	ald55_66	41	435
2019	19	ald55_66	42	139
2019	19	ald55_66	43	315
2019	19	ald55_66	44	91
2019	19	ald55_66	51	427
2019	19	ald55_66	52	510
2019	19	ald55_66	53	1856
2019	19	ald55_66	54	64
2019	19	ald55_66	61	34
2019	19	ald55_66	62	66
2019	19	ald55_66	71	295
2019	19	ald55_66	72	263
2019	19	ald55_66	73	21
2019	19	ald55_66	74	156
2019	19	ald55_66	75	26
2019	19	ald55_66	81	244
2019	19	ald55_66	83	697
2019	19	ald55_66	91	401
2019	19	ald55_66	92	16
2019	19	ald55_66	93	108
2019	19	ald55_66	94	83
2019	19	ald55_66	96	116
2019	19	ald67_74	00	33
2019	19	ald67_74	11	75
2019	19	ald67_74	12	31
2019	19	ald67_74	13	70
2019	19	ald67_74	14	20
2019	19	ald67_74	21	43
2019	19	ald67_74	22	97
2019	19	ald67_74	23	124
2019	19	ald67_74	24	72
2019	19	ald67_74	26	34
2019	19	ald67_74	31	68
2019	19	ald67_74	32	18
2019	19	ald67_74	33	72
2019	19	ald67_74	34	20
2019	19	ald67_74	35	4
2019	19	ald67_74	41	59
2019	19	ald67_74	42	13
2019	19	ald67_74	43	29
2019	19	ald67_74	44	10
2019	19	ald67_74	51	87
2019	19	ald67_74	52	98
2019	19	ald67_74	53	391
2019	19	ald67_74	54	6
2019	19	ald67_74	61	19
2019	19	ald67_74	62	6
2019	19	ald67_74	71	38
2019	19	ald67_74	72	29
2019	19	ald67_74	74	10
2019	19	ald67_74	75	7
2019	19	ald67_74	81	40
2019	19	ald67_74	83	161
2019	19	ald67_74	91	66
2019	19	ald67_74	92	4
2019	19	ald67_74	93	22
2019	19	ald67_74	94	27
2019	19	ald67_74	96	21
2019	20	ald15_24	00	20
2019	20	ald15_24	01	12
2019	20	ald15_24	02	39
2019	20	ald15_24	03	212
2019	20	ald15_24	11	7
2019	20	ald15_24	14	21
2019	20	ald15_24	21	9
2019	20	ald15_24	22	97
2019	20	ald15_24	23	76
2019	20	ald15_24	24	25
2019	20	ald15_24	25	7
2019	20	ald15_24	26	37
2019	20	ald15_24	31	41
2019	20	ald15_24	32	53
2019	20	ald15_24	33	52
2019	20	ald15_24	34	19
2019	20	ald15_24	35	19
2019	20	ald15_24	41	66
2019	20	ald15_24	42	104
2019	20	ald15_24	43	75
2019	20	ald15_24	44	7
2019	20	ald15_24	51	304
2019	20	ald15_24	52	1046
2019	20	ald15_24	53	783
2019	20	ald15_24	54	46
2019	20	ald15_24	61	39
2019	20	ald15_24	62	114
2019	20	ald15_24	71	279
2019	20	ald15_24	72	233
2019	20	ald15_24	73	8
2019	20	ald15_24	74	226
2019	20	ald15_24	75	29
2019	20	ald15_24	81	231
2019	20	ald15_24	83	168
2019	20	ald15_24	91	145
2019	20	ald15_24	92	5
2019	20	ald15_24	93	238
2019	20	ald15_24	94	95
2019	20	ald15_24	96	73
2019	20	ald25_54	00	47
2019	20	ald25_54	01	129
2019	20	ald25_54	02	27
2019	20	ald25_54	03	31
2019	20	ald25_54	11	397
2019	20	ald25_54	12	390
2019	20	ald25_54	13	831
2019	20	ald25_54	14	463
2019	20	ald25_54	21	404
2019	20	ald25_54	22	1541
2019	20	ald25_54	23	2091
2019	20	ald25_54	24	1190
2019	20	ald25_54	25	115
2019	20	ald25_54	26	646
2019	20	ald25_54	31	914
2019	20	ald25_54	32	352
2019	20	ald25_54	33	1021
2019	20	ald25_54	34	251
2019	20	ald25_54	35	97
2019	20	ald25_54	41	537
2019	20	ald25_54	42	280
2019	20	ald25_54	43	431
2019	20	ald25_54	44	63
2019	20	ald25_54	51	795
2019	20	ald25_54	52	1148
2019	20	ald25_54	53	2624
2019	20	ald25_54	54	292
2019	20	ald25_54	61	50
2019	20	ald25_54	62	413
2019	20	ald25_54	71	738
2019	20	ald25_54	72	509
2019	20	ald25_54	73	27
2019	20	ald25_54	74	388
2019	20	ald25_54	75	138
2019	20	ald25_54	81	930
2019	20	ald25_54	82	7
2019	20	ald25_54	83	872
2019	20	ald25_54	91	680
2019	20	ald25_54	92	16
2019	20	ald25_54	93	424
2019	20	ald25_54	94	129
2019	20	ald25_54	96	150
2019	20	ald55_66	00	26
2019	20	ald55_66	01	22
2019	20	ald55_66	03	4
2019	20	ald55_66	11	190
2019	20	ald55_66	12	171
2019	20	ald55_66	13	331
2019	20	ald55_66	14	129
2019	20	ald55_66	21	112
2019	20	ald55_66	22	403
2019	20	ald55_66	23	699
2019	20	ald55_66	24	460
2019	20	ald55_66	25	23
2019	20	ald55_66	26	164
2019	20	ald55_66	31	253
2019	20	ald55_66	32	126
2019	20	ald55_66	33	297
2019	20	ald55_66	34	58
2019	20	ald55_66	35	15
2019	20	ald55_66	41	225
2019	20	ald55_66	42	53
2019	20	ald55_66	43	140
2019	20	ald55_66	44	38
2019	20	ald55_66	51	230
2019	20	ald55_66	52	188
2019	20	ald55_66	53	842
2019	20	ald55_66	54	78
2019	20	ald55_66	61	15
2019	20	ald55_66	62	68
2019	20	ald55_66	71	147
2019	20	ald55_66	72	93
2019	20	ald55_66	73	16
2019	20	ald55_66	74	66
2019	20	ald55_66	75	19
2019	20	ald55_66	81	219
2019	20	ald55_66	82	4
2019	20	ald55_66	83	327
2019	20	ald55_66	91	212
2019	20	ald55_66	93	64
2019	20	ald55_66	94	31
2019	20	ald55_66	96	41
2019	20	ald67_74	00	18
2019	20	ald67_74	11	24
2019	20	ald67_74	12	16
2019	20	ald67_74	13	28
2019	20	ald67_74	14	16
2019	20	ald67_74	21	10
2019	20	ald67_74	22	42
2019	20	ald67_74	23	39
2019	20	ald67_74	24	25
2019	20	ald67_74	26	30
2019	20	ald67_74	31	24
2019	20	ald67_74	32	5
2019	20	ald67_74	33	25
2019	20	ald67_74	41	29
2019	20	ald67_74	42	7
2019	20	ald67_74	43	12
2019	20	ald67_74	44	9
2019	20	ald67_74	51	35
2019	20	ald67_74	52	37
2019	20	ald67_74	53	167
2019	20	ald67_74	54	6
2019	20	ald67_74	61	5
2019	20	ald67_74	62	10
2019	20	ald67_74	71	18
2019	20	ald67_74	72	7
2019	20	ald67_74	73	6
2019	20	ald67_74	74	11
2019	20	ald67_74	75	5
2019	20	ald67_74	81	18
2019	20	ald67_74	83	80
2019	20	ald67_74	91	33
2019	20	ald67_74	93	19
2019	20	ald67_74	94	13
2019	20	ald67_74	96	13
2019	21	ald15_24	42	6
2019	21	ald15_24	51	12
2019	21	ald15_24	52	18
2019	21	ald15_24	53	6
2019	21	ald15_24	71	21
2019	21	ald15_24	72	5
2019	21	ald15_24	74	4
2019	21	ald15_24	81	6
2019	21	ald15_24	83	4
2019	21	ald15_24	93	6
2019	21	ald25_54	11	23
2019	21	ald25_54	12	22
2019	21	ald25_54	13	36
2019	21	ald25_54	14	24
2019	21	ald25_54	21	48
2019	21	ald25_54	22	11
2019	21	ald25_54	23	68
2019	21	ald25_54	24	63
2019	21	ald25_54	25	6
2019	21	ald25_54	26	12
2019	21	ald25_54	31	66
2019	21	ald25_54	32	12
2019	21	ald25_54	33	58
2019	21	ald25_54	34	6
2019	21	ald25_54	35	4
2019	21	ald25_54	41	21
2019	21	ald25_54	42	29
2019	21	ald25_54	43	27
2019	21	ald25_54	51	76
2019	21	ald25_54	52	46
2019	21	ald25_54	53	22
2019	21	ald25_54	54	17
2019	21	ald25_54	71	44
2019	21	ald25_54	72	32
2019	21	ald25_54	74	20
2019	21	ald25_54	81	28
2019	21	ald25_54	83	34
2019	21	ald25_54	91	5
2019	21	ald25_54	93	5
2019	21	ald55_66	11	12
2019	21	ald55_66	12	14
2019	21	ald55_66	13	10
2019	21	ald55_66	14	10
2019	21	ald55_66	21	4
2019	21	ald55_66	22	11
2019	21	ald55_66	23	7
2019	21	ald55_66	24	12
2019	21	ald55_66	31	21
2019	21	ald55_66	33	7
2019	21	ald55_66	42	5
2019	21	ald55_66	43	17
2019	21	ald55_66	51	8
2019	21	ald55_66	53	7
2019	21	ald55_66	54	7
2019	21	ald55_66	71	7
2019	21	ald55_66	72	21
2019	21	ald55_66	81	12
2019	21	ald55_66	83	17
2019	21	ald55_66	93	4
2019	22	ald25_54	31	5
2019	23	ald15_24	31	33
2019	23	ald15_24	72	25
2019	23	ald15_24	74	29
2019	23	ald15_24	81	232
2019	23	ald25_54	13	340
2019	23	ald25_54	21	150
2019	23	ald25_54	22	34
2019	23	ald25_54	31	705
2019	23	ald25_54	32	13
2019	23	ald25_54	33	12
2019	23	ald25_54	35	8
2019	23	ald25_54	41	5
2019	23	ald25_54	43	29
2019	23	ald25_54	51	203
2019	23	ald25_54	52	12
2019	23	ald25_54	72	401
2019	23	ald25_54	73	57
2019	23	ald25_54	74	139
2019	23	ald25_54	81	1972
2019	23	ald25_54	83	22
2019	23	ald25_54	91	307
2019	23	ald25_54	96	16
2019	23	ald55_66	13	275
2019	23	ald55_66	21	115
2019	23	ald55_66	22	12
2019	23	ald55_66	31	270
2019	23	ald55_66	32	10
2019	23	ald55_66	33	6
2019	23	ald55_66	43	24
2019	23	ald55_66	51	97
2019	23	ald55_66	72	144
2019	23	ald55_66	73	6
2019	23	ald55_66	74	58
2019	23	ald55_66	81	790
2019	23	ald55_66	83	9
2019	23	ald55_66	91	183
2019	23	ald55_66	96	7
2019	50	ald15_24	00	90
2019	50	ald15_24	01	29
2019	50	ald15_24	02	71
2019	50	ald15_24	03	1085
2019	50	ald15_24	11	26
2019	50	ald15_24	12	15
2019	50	ald15_24	13	28
2019	50	ald15_24	14	70
2019	50	ald15_24	21	90
2019	50	ald15_24	22	662
2019	50	ald15_24	23	2367
2019	50	ald15_24	24	113
2019	50	ald15_24	25	157
2019	50	ald15_24	26	111
2019	50	ald15_24	31	282
2019	50	ald15_24	32	226
2019	50	ald15_24	33	937
2019	50	ald15_24	34	603
2019	50	ald15_24	35	243
2019	50	ald15_24	41	348
2019	50	ald15_24	42	808
2019	50	ald15_24	43	535
2019	50	ald15_24	44	50
2019	50	ald15_24	51	2331
2019	50	ald15_24	52	6874
2019	50	ald15_24	53	4695
2019	50	ald15_24	54	234
2019	50	ald15_24	61	720
2019	50	ald15_24	62	407
2019	50	ald15_24	71	1661
2019	50	ald15_24	72	1246
2019	50	ald15_24	73	31
2019	50	ald15_24	74	1180
2019	50	ald15_24	75	142
2019	50	ald15_24	81	883
2019	50	ald15_24	82	62
2019	50	ald15_24	83	860
2019	50	ald15_24	91	668
2019	50	ald15_24	92	79
2019	50	ald15_24	93	944
2019	50	ald15_24	94	662
2019	50	ald15_24	96	337
2019	50	ald25_54	00	399
2019	50	ald25_54	01	700
2019	50	ald25_54	02	55
2019	50	ald25_54	03	81
2019	50	ald25_54	11	1989
2019	50	ald25_54	12	2529
2019	50	ald25_54	13	4490
2019	50	ald25_54	14	2285
2019	50	ald25_54	21	5859
2019	50	ald25_54	22	11193
2019	50	ald25_54	23	15152
2019	50	ald25_54	24	7292
2019	50	ald25_54	25	2953
2019	50	ald25_54	26	2889
2019	50	ald25_54	31	6449
2019	50	ald25_54	32	2433
2019	50	ald25_54	33	8426
2019	50	ald25_54	34	1864
2019	50	ald25_54	35	1309
2019	50	ald25_54	41	2945
2019	50	ald25_54	42	1629
2019	50	ald25_54	43	2984
2019	50	ald25_54	44	258
2019	50	ald25_54	51	4863
2019	50	ald25_54	52	7842
2019	50	ald25_54	53	13086
2019	50	ald25_54	54	907
2019	50	ald25_54	61	919
2019	50	ald25_54	62	742
2019	50	ald25_54	71	6283
2019	50	ald25_54	72	3834
2019	50	ald25_54	73	214
2019	50	ald25_54	74	2115
2019	50	ald25_54	75	766
2019	50	ald25_54	81	4301
2019	50	ald25_54	82	318
2019	50	ald25_54	83	5252
2019	50	ald25_54	91	3653
2019	50	ald25_54	92	99
2019	50	ald25_54	93	1823
2019	50	ald25_54	94	937
2019	50	ald25_54	95	8
2019	50	ald25_54	96	700
2019	50	ald55_66	00	123
2019	50	ald55_66	01	58
2019	50	ald55_66	03	7
2019	50	ald55_66	11	920
2019	50	ald55_66	12	1040
2019	50	ald55_66	13	2112
2019	50	ald55_66	14	584
2019	50	ald55_66	21	1290
2019	50	ald55_66	22	2432
2019	50	ald55_66	23	3147
2019	50	ald55_66	24	2727
2019	50	ald55_66	25	445
2019	50	ald55_66	26	660
2019	50	ald55_66	31	1989
2019	50	ald55_66	32	599
2019	50	ald55_66	33	2343
2019	50	ald55_66	34	340
2019	50	ald55_66	35	217
2019	50	ald55_66	41	1281
2019	50	ald55_66	42	302
2019	50	ald55_66	43	943
2019	50	ald55_66	44	211
2019	50	ald55_66	51	1231
2019	50	ald55_66	52	1648
2019	50	ald55_66	53	4436
2019	50	ald55_66	54	203
2019	50	ald55_66	61	277
2019	50	ald55_66	62	146
2019	50	ald55_66	71	1115
2019	50	ald55_66	72	910
2019	50	ald55_66	73	102
2019	50	ald55_66	74	481
2019	50	ald55_66	75	137
2019	50	ald55_66	81	1107
2019	50	ald55_66	82	81
2019	50	ald55_66	83	2046
2019	50	ald55_66	91	1151
2019	50	ald55_66	92	23
2019	50	ald55_66	93	403
2019	50	ald55_66	94	235
2019	50	ald55_66	96	191
2019	50	ald67_74	00	25
2019	50	ald67_74	11	197
2019	50	ald67_74	12	90
2019	50	ald67_74	13	167
2019	50	ald67_74	14	56
2019	50	ald67_74	21	205
2019	50	ald67_74	22	241
2019	50	ald67_74	23	263
2019	50	ald67_74	24	231
2019	50	ald67_74	25	21
2019	50	ald67_74	26	86
2019	50	ald67_74	31	149
2019	50	ald67_74	32	40
2019	50	ald67_74	33	182
2019	50	ald67_74	34	36
2019	50	ald67_74	35	18
2019	50	ald67_74	41	150
2019	50	ald67_74	42	26
2019	50	ald67_74	43	96
2019	50	ald67_74	44	22
2019	50	ald67_74	51	211
2019	50	ald67_74	52	215
2019	50	ald67_74	53	666
2019	50	ald67_74	54	25
2019	50	ald67_74	61	132
2019	50	ald67_74	62	16
2019	50	ald67_74	71	91
2019	50	ald67_74	72	57
2019	50	ald67_74	73	11
2019	50	ald67_74	74	28
2019	50	ald67_74	75	16
2019	50	ald67_74	81	70
2019	50	ald67_74	82	4
2019	50	ald67_74	83	452
2019	50	ald67_74	91	140
2019	50	ald67_74	92	4
2019	50	ald67_74	93	74
2019	50	ald67_74	94	49
2019	50	ald67_74	96	105
